# table produced by mapDamage version 2.2.1
# using mapped file CviAPal003.merged.L103.realn.bam and reference.ssl.Cvi20k_rename.fasta as reference file
# Chr: reference from sam/bam header, End: from which termini of DNA sequences, Std: strand of reads
Chr	End	Std	Pos	A	C	G	T	Total	G>A	C>T	A>G	T>C	A>C	A>T	C>G	C>A	T>G	T>A	G>C	G>T	A>-	T>-	C>-	G>-	->A	->T	->C	->G	S
*	3p	+	1	198578	147493	188007	216776	750854	9410	2220	3258	2584	1181	1309	1070	1411	1518	1236	850	1324	0	0	0	0	32	64	44	50	232911
*	3p	+	2	248793	149304	128023	224820	750940	6395	2061	1832	2312	847	990	470	1289	752	1253	635	987	6	7	5	9	42	64	26	24	232443
*	3p	+	3	232562	127909	163570	226900	750941	4189	2015	1948	1724	697	922	578	1275	883	956	538	1029	15	15	14	5	42	61	22	29	227586
*	3p	+	4	232886	127771	155040	235130	750827	3291	1971	1919	1674	634	938	507	1172	803	866	496	1088	38	31	51	46	62	88	61	64	221381
*	3p	+	5	231947	135264	144190	239373	750774	2775	2041	1841	1698	690	987	488	1182	731	899	575	1069	65	56	59	56	85	117	77	53	214736
*	3p	+	6	221724	148934	136462	243616	750736	4119	3436	2804	3058	1308	1700	856	2269	1345	1854	1124	1902	77	95	79	86	78	152	78	69	207154
*	3p	+	7	252677	138142	140151	219690	750660	4204	2894	2871	2712	1131	1453	899	2303	1370	1989	1042	1813	99	113	75	88	129	151	79	89	203220
*	3p	+	8	244429	138130	148862	219175	750596	4192	2898	2980	2883	1111	1529	906	2197	1426	2126	1105	1831	148	138	87	87	173	179	77	88	198896
*	3p	+	9	252203	135268	147757	215263	750491	4112	2830	2979	2817	1165	1453	830	2194	1405	2032	1289	1923	203	185	129	136	203	220	100	97	194501
*	3p	+	10	243841	139173	136659	230632	750305	3968	2999	2812	2712	1236	1560	837	2156	1266	2008	1084	1918	265	254	160	129	288	258	132	130	190100
*	3p	+	11	229841	141473	148802	230078	750194	3876	3098	3280	3235	1335	1722	931	2273	1543	1973	1277	2073	357	308	141	178	309	289	157	160	185618
*	3p	+	12	225633	140198	158022	226237	750090	3979	3170	3541	3240	1309	1597	950	2308	1663	2019	5497	2063	334	318	187	173	348	368	134	172	182135
*	3p	+	13	232538	139575	150551	227284	749948	3908	3054	3154	3073	1345	1625	872	2258	1557	2016	1128	2002	413	389	173	204	448	376	159	180	178703
*	3p	+	14	229027	142138	153054	225593	749812	3913	3334	3090	3048	1305	1603	914	2243	1478	1960	1011	2130	419	454	235	247	450	431	184	211	175287
*	3p	+	15	235152	137305	144099	233254	749810	3806	3082	3087	3007	1310	1610	1216	2180	1526	2029	1050	2026	500	461	228	216	471	464	182	187	171933
*	3p	+	16	229757	137564	146755	235534	749610	3899	3183	3141	3074	1331	1600	861	2206	1665	2114	4999	2095	525	516	236	257	533	487	227	242	168536
*	3p	+	17	232944	138287	142828	235538	749597	3655	3201	3363	3131	1335	2058	892	2202	1598	2213	919	1986	552	545	231	294	542	520	222	231	165571
*	3p	+	18	231544	148118	143273	226462	749397	3706	3303	3190	3192	1373	1595	926	2369	1566	2031	898	1947	604	606	277	293	575	589	224	323	162546
*	3p	+	19	240836	138353	143696	226479	749364	3554	3265	3088	3138	1393	1718	893	2128	1451	2069	836	1991	626	585	307	325	627	589	260	273	159620
*	3p	+	20	221813	144527	141400	222273	730013	3773	3363	3322	3442	1462	1756	1214	2463	1809	2191	906	2217	674	662	338	349	647	670	277	283	156818
*	3p	+	21	225074	138901	140269	218062	722306	3902	3583	3556	3895	1463	1924	2389	2289	1599	2143	960	2106	699	765	391	365	716	705	291	272	153950
*	3p	+	22	223179	134241	144283	217275	718978	3886	3501	3328	3271	1411	1780	991	2307	1534	2136	1472	2180	739	803	405	391	728	739	289	293	151246
*	3p	+	23	222158	139101	139800	215669	716728	3904	3480	3363	3137	1396	1717	1114	2394	1554	2151	940	2107	839	796	449	429	762	763	295	388	148660
*	3p	+	24	214090	142728	140576	217754	715148	3937	3564	3284	3357	1428	1642	977	2380	1619	2206	889	2245	779	829	445	445	813	869	304	314	146089
*	3p	+	25	214271	143845	142898	212055	713069	4112	3487	3443	3451	1365	1666	942	2374	1494	2174	867	2370	877	841	434	445	759	734	326	331	143576
*	3p	+	26	213527	137123	142258	218329	711237	3965	3822	3356	3329	1307	1761	925	2362	1550	2167	927	2148	895	871	436	449	869	771	299	344	140954
*	3p	+	27	215646	139148	135520	219354	709668	3891	3622	3481	3443	1355	1760	903	2359	1597	2187	881	2071	897	895	470	480	913	812	346	330	138510
*	3p	+	28	210895	138860	146523	212041	708319	3816	3486	3344	3257	1411	1791	935	2328	1546	2131	1136	2201	943	913	442	490	939	849	339	343	136125
*	3p	+	29	212687	138872	137950	217778	707287	3809	3386	3381	3315	1374	1698	909	2433	1572	2160	899	2100	1002	958	450	503	938	881	365	382	133843
*	3p	+	30	220544	138199	134860	212558	706161	3941	3325	3269	3289	1368	1686	910	2227	1472	2198	905	2070	982	951	502	497	935	923	328	398	131561
*	3p	+	31	217761	131252	143810	210462	703285	3607	3298	3768	3423	1411	1761	924	2184	1979	2170	903	2310	1081	967	493	531	980	920	299	422	129516
*	3p	+	32	208506	135342	137152	219439	700439	3734	3519	3444	3424	1305	1769	966	2237	1650	2152	885	2101	966	1050	517	536	1002	933	323	382	127437
*	3p	+	33	206577	132042	139943	219130	697692	3914	3417	3230	3440	1335	1693	947	2189	1776	2303	951	2191	1000	1028	505	564	958	913	401	359	125372
*	3p	+	34	208323	132124	131779	222543	694769	3668	3500	3274	3394	1368	1757	1216	2390	1645	2172	877	2324	996	1124	509	562	1021	935	362	391	123328
*	3p	+	35	208944	130440	132775	219673	691832	3742	3452	3325	3343	1313	1775	910	2121	1625	2146	792	2166	1053	1033	550	532	959	986	381	421	121342
*	3p	+	36	215883	130598	136425	203767	686673	3845	3576	3346	3603	1334	1791	900	2191	1544	2034	906	2144	1042	1128	555	587	1017	1037	394	374	119373
*	3p	+	37	207366	127383	137280	209796	681825	3674	3402	3340	6095	1513	1645	894	2086	1494	2021	872	2309	1082	1094	516	600	1029	1018	342	389	117457
*	3p	+	38	213986	132735	128390	200975	676086	3704	3635	3240	3268	1319	1726	1258	2184	1399	2005	832	2026	1216	1095	524	619	1136	983	392	379	115612
*	3p	+	39	211157	126877	132470	200778	671282	3676	3451	3288	3040	1408	1648	970	2200	1411	2125	866	2168	1155	1119	508	608	1030	942	351	403	113768
*	3p	+	40	206521	125482	130840	203508	666351	3689	3438	3129	3232	1359	1684	879	2234	1401	2079	868	2148	1121	1113	554	565	1033	936	388	405	111869
*	3p	+	41	197922	133675	130584	197683	659864	3516	3576	3267	3178	1545	1654	883	2268	1471	2002	865	2127	1150	1085	591	587	1132	998	363	396	110047
*	3p	+	42	196523	127734	132236	196686	653179	3667	3581	3282	3085	1338	1709	964	2152	1481	2050	821	2159	1150	1139	587	584	1051	967	422	447	108312
*	3p	+	43	198665	122611	123912	201380	646568	3451	3320	3150	3192	1247	1603	841	2037	1412	1989	805	2102	1157	1170	558	616	1072	1018	398	411	106569
*	3p	+	44	195606	123435	126872	193738	639651	3592	3322	4380	3297	1352	1611	808	1946	1347	1957	861	1972	1132	1152	593	638	1117	995	412	395	104804
*	3p	+	45	199829	119446	120889	192156	632320	3502	3187	3264	3070	1279	1576	862	1931	1334	1895	850	1922	1175	1226	588	576	1090	1024	418	456	102971
*	3p	+	46	194252	122905	116806	190453	624416	3339	3398	3154	3112	1274	1692	861	2068	1401	1862	806	1943	1143	1195	610	578	1110	1014	412	456	101245
*	3p	+	47	195970	116360	115174	189003	616507	3207	3158	2974	3038	1254	1520	832	2072	1283	1836	798	1816	1093	1159	556	636	1034	1010	380	414	99494
*	3p	+	48	185132	124929	116073	182243	608377	3340	3141	2910	2936	1225	1531	843	2105	1359	1873	797	1960	1099	1198	560	554	996	1099	367	388	97807
*	3p	+	49	181391	113101	111797	193740	600029	3181	3015	2822	5570	1207	1492	757	2061	1340	1869	767	1907	1126	1116	517	591	1043	1033	416	375	96118
*	3p	+	50	187382	111055	113384	179808	591629	3212	2994	3020	2893	1174	1526	749	2030	1201	1773	755	1926	1118	1091	545	584	1046	1064	357	372	94430
*	3p	+	51	180433	115134	111193	177189	583949	3112	3099	2878	2844	1116	1513	726	2041	1148	1724	693	1845	1124	1057	494	555	1039	1013	359	405	92804
*	3p	+	52	176533	113771	111531	174328	576163	3252	3035	2823	2796	1110	1431	1279	6363	1189	1688	777	1867	1090	1098	551	568	1013	1009	338	384	91153
*	3p	+	53	179759	107524	107928	172827	568038	3109	2945	2707	2862	1070	1382	722	1821	1174	1725	811	1958	1086	1045	591	588	951	1018	359	370	89476
*	3p	+	54	176540	106948	104672	171355	559515	2924	2920	2757	2767	1154	1397	723	1763	1184	1690	755	1821	1115	990	549	555	1023	986	344	371	87835
*	3p	+	55	165421	113336	102405	170222	551384	3020	2908	2662	2859	1070	1408	736	1650	1113	1640	748	1695	1094	1034	550	519	1026	918	338	379	86159
*	3p	+	56	164817	102343	102059	173727	542946	2862	2812	2568	2780	1050	1435	728	1615	1180	1657	727	1776	1079	1035	463	592	953	919	364	368	84522
*	3p	+	57	164048	101314	98550	170327	534239	2805	2802	2574	2725	1070	1372	653	1648	1116	1639	702	1626	1061	1014	503	535	900	986	377	371	82937
*	3p	+	58	161078	99075	98043	167410	525606	2860	2727	2484	2602	1144	1388	689	1572	1078	1584	724	1654	1035	999	471	544	955	949	349	360	81319
*	3p	+	59	158919	97709	101378	158732	516738	2848	2629	2582	2625	1036	1341	620	1554	1130	1470	687	1697	1050	1045	509	542	938	909	354	369	79702
*	3p	+	60	157536	102070	94027	154390	508023	2720	2663	2536	2516	1007	1367	770	1609	1006	1540	658	1535	972	1011	507	536	933	938	329	338	78121
*	3p	+	61	156889	94267	96636	151487	499279	2605	2570	2441	2416	981	1391	634	1547	1019	1433	681	1611	953	1009	500	528	925	892	318	317	76523
*	3p	+	62	149045	96812	91032	153445	490334	2652	2534	2216	2383	1034	1269	623	1537	1048	1442	740	1556	910	1005	491	514	877	881	321	332	74987
*	3p	+	63	150556	91853	89014	149717	481140	2425	2572	2368	2429	909	1310	579	1397	981	1529	647	1549	970	1019	502	449	894	861	294	353	73376
*	3p	+	64	147187	89393	92655	142848	472083	2663	2628	2289	2293	961	1218	615	1483	998	1351	626	1534	937	972	531	490	858	839	321	296	71766
*	3p	+	65	148642	88660	85673	140052	463027	2390	2512	2148	2245	942	1236	676	1366	962	1376	623	1513	994	910	458	495	870	820	309	308	70223
*	3p	+	66	145223	86962	84650	137215	454050	2377	2411	2176	2128	993	1152	595	1391	981	1295	544	1426	958	910	486	474	833	762	315	309	68610
*	3p	+	67	139064	88443	83032	134415	444954	2314	2433	2197	2281	895	1158	594	1472	893	1321	588	1485	926	932	458	477	827	789	314	295	67032
*	3p	+	68	134350	82200	84356	134806	435712	2246	2184	2112	2153	889	1113	532	1356	866	1328	589	1445	884	871	442	473	833	821	289	278	65538
*	3p	+	69	131615	81427	83376	129854	426272	2279	2348	2147	2131	867	1082	586	1297	908	1269	562	1464	868	873	406	441	806	806	259	325	63905
*	3p	+	70	129191	79197	79235	129546	417169	2198	2290	2090	2018	849	1132	479	1277	917	1245	504	1407	851	902	434	415	784	747	319	323	62104
*	3p	-	1	176753	127461	164841	186579	655634	8961	1925	3006	2403	1022	1078	860	1121	1300	1111	641	1141	0	0	0	0	72	81	41	57	198817
*	3p	-	2	218444	122826	111643	202898	655811	5982	1700	1625	2072	703	850	387	1013	688	1114	514	863	79	73	25	9	35	52	14	9	198598
*	3p	-	3	206494	112379	132614	204366	655853	3858	1770	1773	1534	546	818	465	1129	707	850	408	867	36	53	19	22	27	25	9	6	194323
*	3p	-	4	205169	111766	126106	212422	655463	3102	1678	1740	1504	632	780	466	1020	728	816	381	940	156	215	69	83	166	168	60	64	189169
*	3p	-	5	199360	119464	122093	214465	655382	2660	1704	1632	1552	619	797	426	1035	661	811	389	1009	184	200	92	88	216	194	58	70	183374
*	3p	-	6	197026	121703	117504	219074	655307	3843	2873	2589	2707	1103	1487	709	1951	1330	1746	827	1761	245	224	98	88	255	216	68	76	176760
*	3p	-	7	215240	117174	123193	199606	655213	3896	2476	2525	2476	1031	1292	719	2098	1222	1832	673	1732	252	232	92	87	314	234	87	73	173434
*	3p	-	8	209055	118846	128233	199043	655177	3594	2564	2585	2457	1055	1265	773	2025	1207	1729	686	1696	227	246	107	80	307	271	87	78	169818
*	3p	-	9	217031	117076	127453	193397	654957	3771	2500	2619	2476	1086	1291	721	2003	1406	1751	749	1654	334	317	164	146	393	318	115	135	166250
*	3p	-	10	204607	121311	120349	208554	654821	3536	2629	2491	2433	1097	1390	734	1920	1233	1762	776	1685	371	378	182	160	405	442	119	131	162624
*	3p	-	11	195188	126631	130085	202890	654794	3601	2814	2906	2746	1231	1402	865	1967	1401	1833	829	1853	436	417	216	198	433	411	127	159	158933
*	3p	-	12	197408	126224	130484	200570	654686	3536	2719	2987	2963	1219	1425	1140	2064	1452	1818	891	1786	438	468	233	231	448	459	156	173	156154
*	3p	-	13	202130	124617	126149	201615	654511	3455	2702	2777	2800	1248	1425	804	1987	1385	1884	769	1778	469	475	256	262	505	494	224	185	153294
*	3p	-	14	203449	122778	126417	201749	654393	3386	2733	2874	2774	1451	1382	698	1952	1401	1835	911	1892	551	500	261	267	525	555	243	175	150523
*	3p	-	15	202281	123620	126563	201900	654364	3416	2878	2808	2808	1169	1440	787	1893	1398	1760	858	1804	560	552	278	275	523	598	211	223	147819
*	3p	-	16	201489	124985	125814	202031	654319	3528	2899	2893	2806	1221	1367	731	2068	1417	1831	754	1937	580	610	269	291	563	585	222	214	145095
*	3p	-	17	201465	125050	126193	201575	654283	3417	2735	2868	2737	1442	1470	796	1983	1428	1860	1466	1801	577	592	308	303	597	601	211	228	142717
*	3p	-	18	200162	124512	126000	203481	654155	3509	2771	2735	2746	1218	1416	746	1982	1329	1863	782	1862	599	658	312	285	619	648	242	254	140383
*	3p	-	19	201956	124130	125264	202744	654094	3197	2688	2799	2672	1128	1495	717	1885	1323	1772	734	1923	680	699	358	346	658	647	263	256	137973
*	3p	-	20	193258	122862	124006	194766	634892	3399	3025	3058	2872	1231	1562	871	2052	1435	1824	804	1914	707	740	330	368	641	654	252	235	135631
*	3p	-	21	192286	120794	121754	192123	626957	3492	3093	3011	3035	1281	1516	859	2099	1434	1922	818	1986	719	749	392	372	753	695	270	277	133383
*	3p	-	22	191354	120925	120047	191229	623555	3495	2911	3045	2956	1274	1565	785	2013	1455	2001	847	1912	829	698	358	391	772	753	281	285	131281
*	3p	-	23	191576	120819	120055	189142	621592	3335	3014	3153	2913	1235	1573	823	2031	1434	1880	864	1954	842	735	420	388	719	734	300	295	129253
*	3p	-	24	188811	121257	119647	190345	620060	3362	3074	2967	3010	1252	1515	846	2013	1322	1883	814	1994	817	781	402	437	799	709	322	267	127214
*	3p	-	25	188166	119271	119182	191085	617704	3416	3074	3030	2894	1132	1512	887	2080	1411	1892	914	1948	832	806	440	401	800	797	316	293	125211
*	3p	-	26	186406	120678	119700	189161	615945	3325	3012	3052	2979	1188	1548	901	2092	1510	1928	782	2003	915	850	426	428	787	800	313	325	123233
*	3p	-	27	185919	120250	119276	189115	614560	3373	3122	3003	2986	1263	1500	816	2158	1493	1981	854	1963	939	843	441	467	827	757	297	312	121388
*	3p	-	28	185651	119882	118513	189167	613213	3339	3131	3026	2900	1201	1526	861	2137	1396	2031	840	2090	911	907	458	442	838	811	303	324	119598
*	3p	-	29	185427	119278	118185	189368	612258	3285	2911	3035	2900	1185	1574	803	1936	1370	1894	804	1984	857	870	484	488	849	833	323	323	117924
*	3p	-	30	185017	121204	118416	186428	611065	3401	2953	2890	2937	1213	1485	849	2094	1378	1818	794	1971	880	916	450	437	889	834	358	360	116189
*	3p	-	31	184673	118475	119268	185872	608288	3432	3119	3016	2987	1199	1580	856	2060	1356	1905	856	1945	863	952	487	491	903	923	368	335	114458
*	3p	-	32	184620	118112	117073	185899	605704	3215	3017	3031	3040	1243	1493	804	2059	1419	1860	721	1872	932	940	451	461	884	898	323	357	112705
*	3p	-	33	182671	118295	117872	184350	603188	3259	2869	2912	2915	1277	1560	819	2075	1331	1911	841	1937	895	983	495	475	887	914	331	345	110995
*	3p	-	34	181701	118184	115825	184998	600708	3176	2944	2862	2899	1188	1528	829	1956	1381	1804	733	1821	1025	944	480	479	897	848	328	322	109392
*	3p	-	35	183689	115846	116581	181992	598108	3187	2964	2866	2827	1190	1555	800	1920	1325	1733	852	1973	1002	930	498	482	906	844	334	362	107783
*	3p	-	36	181464	116551	116537	179157	593709	3339	3022	2863	2858	1244	1397	860	1849	1393	1820	796	2056	992	925	503	501	861	882	325	338	106288
*	3p	-	37	181750	113881	114300	179579	589510	3341	2972	2935	2850	1140	1547	861	1808	1333	1786	738	1969	1026	952	508	460	909	896	314	290	104710
*	3p	-	38	180707	113697	112624	177648	584676	3264	2901	2957	2806	1177	1502	820	1858	1289	1769	823	1973	981	951	455	503	927	863	336	371	103216
*	3p	-	39	177479	112601	113549	176730	580359	3253	2996	2879	2777	1106	1579	831	1877	1326	1785	830	1966	1013	965	468	449	902	874	351	369	101730
*	3p	-	40	174444	113146	111234	177280	576104	3109	2828	2855	2780	1161	1478	822	1881	1265	1733	770	1876	970	1006	510	492	915	888	342	353	100233
*	3p	-	41	173334	110748	110586	175858	570526	3220	2892	2861	2813	1119	1539	761	1830	1248	1839	820	1869	1033	973	483	502	987	919	305	351	98723
*	3p	-	42	171341	111020	109284	173083	564728	3169	3053	2872	2782	1162	1376	756	1817	1297	1794	798	1816	1036	928	483	520	909	896	366	343	97244
*	3p	-	43	170856	108281	109165	170955	559257	3132	2860	2716	2841	1154	1458	704	1812	1222	1734	821	2873	985	943	538	523	898	830	314	378	95792
*	3p	-	44	168491	107802	107910	169251	553454	3060	2754	2815	2689	1140	1366	716	1756	1241	1687	737	1734	990	941	533	506	875	859	319	344	94375
*	3p	-	45	168430	106305	105239	167244	547218	3016	2873	2680	2694	1106	1471	785	1763	1242	1709	784	1798	979	950	546	511	881	882	324	320	93011
*	3p	-	46	165588	105192	104169	165329	540278	3102	2802	3437	2622	1109	1427	676	1682	1231	1699	748	1867	960	939	495	501	915	915	344	333	91589
*	3p	-	47	163020	102971	103737	163459	533187	2916	2728	2593	2609	1042	1415	763	1676	1106	1686	775	1973	915	986	517	511	873	925	355	337	90162
*	3p	-	48	160590	101949	102048	161436	526023	2910	2755	2631	2581	1033	1394	779	1658	1190	1735	732	1771	897	965	485	482	923	928	318	338	88701
*	3p	-	49	158918	100787	98850	160098	518653	2910	2723	2534	2589	1007	1288	698	1586	1184	1664	683	1633	961	968	492	502	903	984	307	324	87366
*	3p	-	50	156789	98759	99267	156393	511208	2818	2613	2617	2476	1053	1306	758	1585	1146	1568	698	1687	915	894	511	484	918	925	327	303	85913
*	3p	-	51	154437	98781	95538	155594	504350	2713	2625	2460	2560	1053	1310	735	1577	1071	1580	658	1695	956	860	457	511	846	908	330	334	84433
*	3p	-	52	153266	96060	95810	152059	497195	2793	2491	2527	2439	977	1296	715	1512	1147	1546	725	1665	935	924	468	426	838	876	325	308	82941
*	3p	-	53	149689	97355	93438	149577	490059	2534	2566	2385	2472	955	1232	656	1676	1076	1480	627	1612	898	842	489	471	831	863	327	309	81569
*	3p	-	54	148491	93387	92092	148815	482785	2521	2531	2499	2385	1085	1270	705	1487	1080	1448	702	1581	877	854	495	455	857	904	279	290	80145
*	3p	-	55	144713	94124	90189	146434	475460	2543	2504	2364	2420	978	1148	658	1459	1051	1429	621	1456	887	828	458	463	837	810	303	314	78692
*	3p	-	56	144013	90795	89363	143789	467960	2537	2511	2372	2271	957	1207	677	1484	1019	1418	628	1576	885	870	456	453	801	792	298	304	77303
*	3p	-	57	140737	90004	87879	141766	460386	2612	2479	2843	2236	920	1239	710	1481	1030	1415	613	1553	861	803	507	438	733	805	317	278	75921
*	3p	-	58	138270	90172	85994	138267	452703	2397	2423	2212	2246	935	1140	666	1429	990	1337	643	1472	835	802	450	448	768	771	320	283	74499
*	3p	-	59	137476	85782	84414	137292	444964	2395	2279	2184	2198	915	1152	668	1371	918	1450	606	1405	853	786	475	452	721	685	282	291	73058
*	3p	-	60	136010	84838	82094	134036	436978	2356	2288	2176	2151	905	1177	655	1409	872	1341	575	1451	800	828	410	412	705	687	289	271	71637
*	3p	-	61	132907	83211	81356	131782	429256	2190	2225	2098	2143	888	1160	642	1291	872	1335	623	1364	781	760	423	412	723	690	285	277	70207
*	3p	-	62	129815	82245	80607	128779	421446	2365	2273	2113	1979	848	1084	614	1259	904	1300	524	1398	821	781	442	385	711	682	302	246	68857
*	3p	-	63	127265	80289	78139	127522	413215	2213	2237	2071	2065	893	1010	622	1326	934	1320	538	1280	817	771	395	419	676	751	271	269	67481
*	3p	-	64	123978	79523	78036	123769	405306	2176	2157	2019	2015	813	1129	533	1268	871	1207	545	1385	794	732	368	433	681	691	271	252	66010
*	3p	-	65	122214	76478	75364	123264	397320	2158	2152	1968	1955	788	1011	559	1184	835	1273	549	1474	752	716	417	347	672	660	258	255	64623
*	3p	-	66	118597	75555	75260	119845	389257	2133	1975	1939	1928	792	1019	579	1273	800	1208	498	1254	702	724	407	358	666	634	305	245	63237
*	3p	-	67	116860	74410	72298	117606	381174	2009	1994	1889	1918	803	976	487	1162	790	1141	554	1187	736	715	339	380	647	642	256	242	61837
*	3p	-	68	114848	73096	70336	114926	373206	1929	2104	1781	1802	784	995	566	1087	787	1143	510	1196	701	672	389	350	606	646	242	249	60459
*	3p	-	69	113082	70744	69539	111940	365305	1977	1790	1800	1809	753	942	532	1152	770	1108	576	1173	696	709	363	360	634	582	254	222	59007
*	3p	-	70	110476	69278	67944	109892	357590	1960	1980	1836	1737	722	878	552	1136	773	1142	499	1199	676	690	356	306	573	596	203	226	57417
*	5p	+	1	209574	196210	154379	190675	750838	2457	2983	3256	4206	1816	1202	894	2025	1400	1425	1195	1074	0	0	0	0	78	59	48	45	180972
*	5p	+	2	233532	125380	142785	249265	750962	2248	3573	2794	2047	822	1280	672	1178	881	1209	502	1263	113	98	20	23	42	32	17	15	180442
*	5p	+	3	233941	153773	127301	236045	751060	2269	2598	2012	2381	925	965	495	1397	733	1042	655	1532	60	45	20	35	21	16	10	5	175593
*	5p	+	4	247570	143012	126293	233657	750532	2211	2473	1877	2244	913	895	492	1374	689	1076	556	1394	314	200	75	88	218	212	81	71	169775
*	5p	+	5	249956	137181	138469	224891	750497	2211	2157	2110	2041	805	933	538	1296	763	1091	645	1439	257	254	95	102	227	243	69	77	163355
*	5p	+	6	256536	131819	139300	222732	750387	3439	3379	3255	2985	1162	1497	895	1940	1257	2064	813	2127	261	264	93	118	267	301	80	80	155834
*	5p	+	7	229233	138266	133758	249060	750317	2961	3519	2856	2973	1176	1603	782	1854	1123	1789	800	2014	231	315	99	100	285	344	93	77	151893
*	5p	+	8	227027	147033	136180	239987	750227	2992	3375	2821	3150	1261	1605	814	1823	1201	1651	888	2177	310	279	107	132	346	337	103	102	147500
*	5p	+	9	218477	146535	132671	252304	749987	2779	3574	2958	3170	1279	1705	846	1872	1189	1722	871	2163	406	417	173	179	381	479	148	116	143256
*	5p	+	10	240239	136216	138054	235361	749870	3149	3491	2803	3013	1157	1596	883	1855	1283	1786	837	2100	453	424	187	216	503	468	129	147	138985
*	5p	+	11	233030	149950	147054	219728	749762	3522	3399	3314	3388	1368	1432	904	2097	1452	1841	980	2045	513	464	253	274	492	508	183	170	134485
*	5p	+	12	229301	151769	143975	224599	749644	3297	3425	3447	3612	1398	1559	1024	1966	1423	1729	1381	2207	555	582	232	294	508	588	200	174	131132
*	5p	+	13	232058	145690	141897	229852	749497	3247	3453	3280	3204	1258	1656	946	1936	1500	1787	915	2226	551	616	283	256	606	584	232	197	127696
*	5p	+	14	232502	145425	139241	232103	749271	3226	3472	3322	3300	1319	1712	976	2009	1706	1777	824	2052	609	608	272	343	754	672	205	214	124319
*	5p	+	15	232328	146094	141034	229757	749213	3410	3315	3184	3285	1301	1580	1035	2036	1464	1799	861	2147	644	653	308	280	662	679	261	295	120839
*	5p	+	16	232257	143174	142528	231183	749142	3217	3479	3280	3345	1352	1574	954	2119	1433	1900	849	2222	709	671	292	329	721	663	272	259	117456
*	5p	+	17	232661	144431	141508	230610	749210	3238	3614	3255	3436	1322	1492	1949	2116	1682	1841	819	2152	757	686	358	349	701	695	247	256	114567
*	5p	+	18	235139	145946	141304	226723	749112	3254	3690	3251	3271	1277	1552	886	2089	1300	1864	853	2112	702	766	391	405	729	728	296	246	111649
*	5p	+	19	233351	144153	142078	229444	749026	3207	3259	3146	3279	1271	1639	867	2038	1311	1869	812	2085	764	829	412	390	762	753	279	293	108719
*	5p	+	20	224279	143008	141143	221265	729695	3591	3539	3297	3554	1353	1682	950	2240	1371	2001	951	2232	833	865	408	400	826	820	287	266	105950
*	5p	+	21	223218	139846	139104	219778	721946	3721	3586	3551	3666	1340	1742	1070	2131	1460	1950	1082	2243	860	904	406	444	862	870	300	312	103340
*	5p	+	22	222028	139792	137922	218946	718688	3546	3605	3431	3515	1414	1810	923	2222	1473	1994	987	2128	925	957	425	445	860	841	317	313	100834
*	5p	+	23	218938	137996	138984	220510	716428	3630	3599	3408	3597	1348	1729	996	2147	1335	2078	989	2256	927	963	459	440	891	899	329	350	98343
*	5p	+	24	219997	138155	140382	216487	715021	3679	3565	3399	3447	1335	1707	975	2116	1431	1923	1016	2159	956	978	449	478	846	922	324	338	95962
*	5p	+	25	221121	138373	136452	216701	712647	3568	3680	3296	3530	1341	1676	1148	2188	1421	1985	1052	2207	935	969	490	486	975	937	315	353	93586
*	5p	+	26	219855	137147	137786	216203	710991	3670	3508	3377	3471	1416	1691	821	2303	1529	2039	1076	2289	948	997	517	508	915	905	357	352	91275
*	5p	+	27	219947	138197	137031	214235	709410	3582	3579	3372	3661	1350	1776	878	2221	1491	1987	989	2384	1026	974	484	475	957	964	338	400	89068
*	5p	+	28	220156	137645	135796	214529	708126	3771	3513	3354	3487	1351	1736	948	2466	1488	2010	1035	2238	1072	971	495	548	956	972	370	359	87078
*	5p	+	29	219762	136117	137152	213990	707021	3545	3286	3351	3501	1283	1688	892	2171	1440	1980	980	2144	1099	1037	508	511	1036	1039	367	385	85018
*	5p	+	30	215621	137185	139150	213958	705914	3377	3620	3610	3410	1369	1721	939	2179	1479	1925	1057	2304	1018	1046	557	546	1050	1010	353	415	82979
*	5p	+	31	215775	137430	136482	213387	703074	3523	3530	3341	3595	1312	1697	983	2194	1501	2064	1070	2207	1021	1061	529	605	1029	1024	394	389	80991
*	5p	+	32	215133	137006	135482	212724	700345	3554	3407	3311	3538	1382	1700	953	2244	1497	1988	956	2182	1031	1025	545	503	1000	1013	374	355	79133
*	5p	+	33	214429	135777	136110	211244	697560	3631	3457	3274	3413	1430	1748	975	2211	1601	2079	1086	2252	1064	1052	510	587	1047	995	379	347	77354
*	5p	+	34	215201	134930	135435	209114	694680	3598	3432	3345	3360	1238	1715	946	2165	1464	2051	965	2161	1077	1102	543	516	1017	991	389	403	75611
*	5p	+	35	211452	135570	132217	212470	691709	3689	3328	3360	3483	1330	1629	863	2218	1490	2004	1048	2048	1087	1093	521	615	1063	1037	399	371	73929
*	5p	+	36	208703	134193	133096	210604	686596	3616	3272	3318	3455	1276	1656	905	2198	1505	2082	1038	2130	1055	1110	512	598	1095	1032	359	411	72184
*	5p	+	37	208835	132980	130750	209167	681732	3567	3395	3269	3429	1323	1642	878	2339	1482	2084	1077	1998	1064	1111	512	575	1046	1059	382	393	70560
*	5p	+	38	206696	130647	130190	208511	676044	3651	3521	3203	3442	1318	1655	931	2239	1525	2017	1010	2057	1104	1098	563	604	1051	1056	415	423	68948
*	5p	+	39	205005	131284	129183	205668	671140	3703	3423	3243	3519	1276	1679	1046	2362	1438	2090	1082	2006	1129	1163	568	541	1044	1005	415	422	67342
*	5p	+	40	205484	128867	130173	201712	666236	3630	3296	3194	3340	1249	1705	874	2235	1473	1985	1036	2083	1136	1149	554	592	991	1052	445	391	65707
*	5p	+	41	204567	127879	126672	200794	659912	3667	3282	3212	3429	1354	1636	1005	2194	1400	2004	966	2004	1104	1101	545	615	1033	999	396	411	64218
*	5p	+	42	199936	127139	128046	198094	653215	3715	3449	3055	3404	1343	1578	921	2165	1493	2009	947	2020	1108	1101	570	581	1039	999	396	411	62738
*	5p	+	43	198484	126936	124151	197091	646662	3521	3324	3273	3247	1236	1629	896	2978	1496	1996	929	2028	1144	1053	554	571	1024	958	396	429	61269
*	5p	+	44	196486	124505	124054	194733	639778	3659	3201	3179	3409	1315	1581	886	2036	1492	1985	984	2013	1136	1126	578	598	1059	979	367	390	59821
*	5p	+	45	193500	121968	122583	194434	632485	3635	3302	3149	3123	1311	1552	829	2082	1317	1992	949	2010	1103	1141	571	610	1060	1020	362	379	58386
*	5p	+	46	192610	120923	121309	189747	624589	3464	3172	2905	3791	1246	1716	883	1992	1402	1942	939	2005	1145	1102	516	592	1036	1003	352	425	57063
*	5p	+	47	189525	119113	119645	188264	616547	3573	3130	3026	3058	1185	1569	958	2251	1330	1994	1017	2016	1147	1085	517	575	1003	1011	393	394	55734
*	5p	+	48	185276	118314	117955	186882	608427	3461	3253	2990	3198	1203	1503	820	1999	1269	1861	1037	2002	1160	1067	537	585	996	1048	378	376	54470
*	5p	+	49	186210	114519	116336	183089	600154	3564	3054	2948	2995	1171	1513	810	1922	1228	1996	971	1776	1174	1047	540	538	1033	971	343	395	53188
*	5p	+	50	181311	115105	113117	182267	591800	3322	3134	2840	2997	1191	1556	827	1935	1226	1844	1003	1842	1103	1101	540	544	1037	904	343	370	51969
*	5p	+	51	180017	112005	113989	177982	583993	3241	2985	2804	2870	1071	1417	769	1927	1351	1714	923	1820	1089	1086	518	573	1039	931	423	372	50750
*	5p	+	52	176751	111300	110440	177687	576178	3391	2939	2761	2842	1198	1481	806	1821	1237	1765	985	1768	1088	1000	566	547	1024	984	322	402	49522
*	5p	+	53	174992	108233	111727	173027	567979	3292	2898	2839	2817	1178	1552	730	1781	1262	1699	957	2023	1032	1063	537	533	1019	982	359	396	48442
*	5p	+	54	172901	107210	107671	171832	559614	3341	2775	2768	2859	1176	1471	788	1754	1286	1693	893	1777	988	1104	546	550	960	932	359	377	47302
*	5p	+	55	169216	104896	108821	168532	551465	3196	2877	2722	2864	1101	1419	669	1792	1170	1681	895	1749	990	1048	507	527	935	894	366	376	46230
*	5p	+	56	166972	103444	105193	167361	542970	3338	2764	2796	2716	1082	1360	706	1668	1161	1660	928	1699	960	1011	536	553	958	907	338	377	45126
*	5p	+	57	164454	102088	104217	163619	534378	3106	2784	2656	3314	1121	1398	683	1734	1123	1686	829	1765	961	935	528	544	927	864	335	374	44167
*	5p	+	58	161376	99479	103432	161511	525798	3151	2665	2574	2604	1056	1357	672	1770	1134	1634	906	1660	961	1007	507	519	861	876	349	329	43173
*	5p	+	59	159471	98710	98980	159798	516959	3089	2622	2529	2487	1010	1351	713	1690	1214	1578	940	1504	943	923	497	531	840	884	295	338	42208
*	5p	+	60	155894	95332	98323	158757	508306	3042	2578	2420	2532	1014	1292	662	1621	1206	1567	902	1642	884	1001	460	524	813	797	315	330	41173
*	5p	+	61	153774	94879	96635	154229	499517	3053	2489	2554	2395	948	1258	682	1594	1144	1550	781	1529	957	921	428	488	819	786	299	312	40204
*	5p	+	62	150647	94327	95473	150034	490481	2883	2490	2331	2331	980	1275	691	1616	1089	1509	810	1410	881	910	465	621	799	777	317	328	39235
*	5p	+	63	149482	91342	93227	147297	481348	3034	2434	2278	2262	995	1243	633	1551	1086	1478	847	1537	880	997	489	473	801	798	320	287	38290
*	5p	+	64	145069	91142	91939	144029	472179	2789	2427	2391	2285	933	1171	651	1600	979	1464	792	1530	864	873	468	506	844	763	309	300	37378
*	5p	+	65	143185	87892	88697	143405	463179	2821	2294	2169	2277	873	1130	700	1831	1000	1373	783	1362	855	894	445	456	747	802	298	327	36499
*	5p	+	66	140429	87147	87758	138807	454141	2758	2420	2309	2218	907	1190	613	1501	1035	1474	786	1440	870	805	419	447	730	783	261	350	35598
*	5p	+	67	138007	84311	86197	136540	445055	2823	2274	2224	2171	830	1111	673	1460	955	1409	771	1354	815	832	415	430	788	759	263	314	34668
*	5p	+	68	134018	82038	85841	133950	435847	2775	2189	2188	2117	908	1146	568	1403	922	1386	784	1381	788	787	460	451	776	735	285	291	33842
*	5p	+	69	131442	81609	82575	130729	426355	2676	2212	2213	2080	863	1080	611	1314	987	1422	808	1218	815	820	426	425	787	736	293	295	33014
*	5p	+	70	129384	78584	81042	128376	417386	2710	2133	2067	2008	837	1095	590	1296	959	1280	708	1253	783	796	398	407	694	691	271	298	32163
*	5p	-	1	181616	171717	135790	166577	655700	2121	2459	2657	3439	1581	1014	776	1733	1305	1319	1052	1017	0	0	0	0	36	28	59	37	166947
*	5p	-	2	198794	111561	127645	217746	655746	1986	3151	2274	1715	738	1109	605	1043	838	996	453	1151	12	9	4	5	41	44	17	22	166396
*	5p	-	3	199044	140458	110803	205482	655787	1955	2323	1711	1979	834	882	485	1059	671	968	573	1350	10	20	3	17	44	39	24	14	162085
*	5p	-	4	212591	129803	110176	203097	655667	1958	2053	1670	1850	715	801	484	1052	607	984	500	1137	50	48	36	56	64	66	57	60	156820
*	5p	-	5	214594	122847	120728	197453	655622	1998	1908	1642	1796	639	788	482	1092	661	1007	467	1209	60	72	61	55	86	76	49	78	151068
*	5p	-	6	219572	117279	126122	192624	655597	3103	2738	2780	2518	994	1314	851	1602	1166	1644	711	1934	87	96	68	65	111	74	60	76	144432
*	5p	-	7	194712	122641	116652	221541	655546	2603	3100	2399	2594	1054	1445	826	1460	1060	1428	719	1886	118	124	67	66	107	129	68	68	140820
*	5p	-	8	193916	130859	118608	212094	655477	2641	3044	2428	2717	1144	1458	761	1526	1078	1519	789	1810	154	136	73	80	143	157	78	66	136893
*	5p	-	9	186288	130759	117119	221165	655331	2531	3185	2581	2719	1076	1463	839	1675	1127	1469	726	1933	189	182	118	109	188	196	109	99	132931
*	5p	-	10	205901	119284	119876	210103	655164	2757	2864	2448	2510	997	1378	871	1585	1102	1604	700	1759	212	259	112	137	238	267	132	121	128947
*	5p	-	11	200630	132308	126099	196007	655044	2746	2786	2884	2977	1190	1365	915	1715	1196	1668	822	1832	273	298	143	131	287	305	131	151	124744
*	5p	-	12	196605	137579	123600	197158	654942	2738	2965	2842	2941	1205	1401	2362	1648	1196	1653	800	1966	337	348	198	139	332	318	167	163	121620
*	5p	-	13	199539	130558	122231	202536	654864	2835	3002	2797	2757	1123	1420	855	1674	1174	1623	730	1837	353	357	204	166	405	363	167	124	118508
*	5p	-	14	198790	130296	123588	202067	654741	2902	2924	2573	2828	1089	1496	809	1706	1152	1591	735	1857	369	402	202	225	423	394	181	183	115418
*	5p	-	15	201793	127980	121553	203386	654712	2875	2932	2645	2740	1095	1422	841	1647	1165	1622	992	1870	438	440	204	217	444	409	179	178	112416
*	5p	-	16	203196	128804	121282	201246	654528	2934	3071	2792	2724	1129	1462	2189	1676	1143	1583	860	1879	430	460	239	222	421	504	203	202	109348
*	5p	-	17	203844	127147	121783	201760	654534	2875	2819	2805	2841	1098	1392	810	1690	1153	1863	767	1862	460	508	247	230	476	504	181	222	106772
*	5p	-	18	199748	127427	126758	200437	654370	2858	2900	2820	2790	1022	1382	783	1733	1160	1618	801	1958	535	529	271	252	526	568	269	186	104087
*	5p	-	19	199557	127571	122005	205230	654363	2978	2816	2763	2765	1030	1380	723	1677	1204	1695	795	1812	580	582	290	266	536	589	214	218	101579
*	5p	-	20	193947	125379	123273	192391	634990	3134	3067	3081	2910	1331	1567	765	1823	1221	1814	989	2044	612	571	311	290	593	597	279	231	99095
*	5p	-	21	190830	124763	120599	190985	627177	3290	3220	3230	3024	1196	1537	805	1864	1291	1977	1558	1937	655	616	334	328	621	657	260	242	96489
*	5p	-	22	190559	123955	118116	191245	623875	3188	3063	2957	2850	1122	1486	1012	1818	1313	1703	804	1847	708	632	345	347	630	661	253	238	94193
*	5p	-	23	188642	123289	119255	190519	621705	3168	3181	2856	2986	1155	1506	789	1749	1234	1818	907	2052	757	693	336	392	636	699	314	252	91967
*	5p	-	24	189010	122732	120729	187718	620189	3096	3204	2977	2838	1210	1548	772	1807	1371	1752	815	1979	745	676	386	355	726	687	292	264	89755
*	5p	-	25	186132	123409	120917	187471	617929	3176	3171	3105	2931	1156	1506	793	1949	1288	1704	838	2028	778	681	355	394	711	730	279	267	87552
*	5p	-	26	188992	122879	117852	186383	616106	3315	3156	2958	3051	1184	1575	829	1901	1248	1877	859	2016	767	735	403	378	684	811	303	272	85403
*	5p	-	27	189372	119435	118283	187484	614574	3299	3122	2916	2947	1261	1519	798	1845	1279	1824	805	1918	830	747	422	414	726	853	328	277	83407
*	5p	-	28	186325	124114	118735	184158	613332	3151	3019	2869	3009	1148	1607	898	1822	1268	1883	730	2010	843	814	427	406	767	806	298	296	81497
*	5p	-	29	188212	121005	118652	184583	612452	3188	3043	2966	2825	1192	1525	813	1786	1279	1778	807	1948	852	834	426	422	751	785	296	316	79623
*	5p	-	30	185511	118844	118356	188630	611341	3110	3073	2878	3018	1139	1478	796	1875	1241	1851	783	1908	870	863	485	410	788	769	323	296	77739
*	5p	-	31	184311	122161	115042	187072	608586	3008	3041	2915	3268	1577	1510	759	1830	1360	1837	841	1911	850	883	489	444	812	798	350	280	76026
*	5p	-	32	186952	118190	118139	182551	605832	3243	3074	2884	2893	1278	1468	714	1794	1282	1769	820	1924	934	907	469	422	857	855	299	329	74302
*	5p	-	33	185152	121599	115341	181156	603248	3270	3166	2918	2867	1235	1546	804	1836	1333	1825	786	1850	865	899	504	466	876	868	360	317	72606
*	5p	-	34	187037	116264	115650	181749	600700	3245	3035	2875	2744	1218	1427	727	1943	1328	1729	942	1996	940	868	505	471	887	863	339	322	70913
*	5p	-	35	184732	117176	114305	181956	598169	3064	3048	2955	2794	1211	1561	782	1941	1350	1835	783	1906	949	928	473	494	882	809	336	354	69320
*	5p	-	36	179148	116988	113650	183892	593678	3255	3032	2977	2961	1200	1515	755	1797	1298	1903	830	1817	974	907	483	506	940	868	316	318	67764
*	5p	-	37	180063	117619	112049	179775	589506	3206	2984	3608	2850	1161	1451	743	1960	1348	1770	819	1808	967	933	495	440	853	918	313	337	66243
*	5p	-	38	176410	113385	112804	182127	584726	3304	2891	2839	2782	1189	1572	813	1824	1312	1891	986	1842	953	946	568	457	870	893	345	348	64809
*	5p	-	39	175980	113464	110652	180243	580339	3159	2914	2806	2918	1150	1488	800	1798	1334	1814	775	1799	1005	951	511	450	886	954	348	343	63359
*	5p	-	40	175576	112615	110759	177041	575991	3276	2969	2749	2687	1153	1440	739	1769	1322	1818	779	1849	1001	958	474	479	927	920	365	393	61896
*	5p	-	41	172013	112318	112991	173195	570517	3363	3003	2815	2903	1143	1421	781	1752	1336	1687	717	1843	993	937	478	504	914	957	348	357	60470
*	5p	-	42	171150	112571	109554	171364	564639	3229	3075	2752	2751	1114	1513	732	1785	1296	1891	757	1821	969	934	503	480	921	897	418	366	59139
*	5p	-	43	172352	108503	106280	171923	559058	3104	2821	2707	2901	1060	1424	695	1746	1251	1716	721	1758	968	914	491	493	934	920	360	403	57758
*	5p	-	44	168672	108652	106350	169559	553233	3185	2893	2739	3494	1096	1445	728	1727	1326	1728	725	1652	951	946	530	501	896	1016	332	371	56433
*	5p	-	45	166901	105439	104313	170316	546969	3080	2936	2679	2720	1076	1402	687	1668	1276	1833	724	1718	1036	916	498	529	964	965	364	356	55193
*	5p	-	46	165332	102895	104529	167395	540151	3056	2728	2609	2695	1063	1287	708	1696	1392	1708	740	1765	996	995	505	479	982	941	357	353	53898
*	5p	-	47	163497	101673	101875	166101	533146	3059	2730	2606	2508	1026	1334	671	1678	1165	1662	749	1712	966	939	491	520	908	946	327	352	52653
*	5p	-	48	159798	101175	103709	161279	525961	3055	2689	2523	2494	1054	1379	701	1712	1133	1637	728	1901	951	1024	464	488	1001	904	295	369	51434
*	5p	-	49	162393	98433	99441	158387	518654	3051	2593	3333	2462	1100	1457	695	1612	1111	1742	744	1796	991	981	542	462	903	890	332	392	50227
*	5p	-	50	155865	98914	97363	159143	511285	2989	2630	2507	2556	939	1289	695	1602	1172	1589	715	1738	981	1035	546	483	924	849	293	324	49053
*	5p	-	51	154714	96946	97427	155326	504413	2932	2509	2490	2469	978	1311	684	1642	1147	1511	704	1701	991	1006	503	443	875	847	344	280	47932
*	5p	-	52	151688	96122	96656	152787	497253	2871	2567	2431	2443	932	1342	609	1697	1102	1530	949	3274	958	987	461	504	860	800	293	332	46804
*	5p	-	53	150019	93935	93937	152207	490098	2850	2491	2410	2363	982	1253	621	1716	1037	1464	638	1583	946	930	500	491	826	820	341	302	45706
*	5p	-	54	148322	91117	93522	149797	482758	2833	2616	2328	2347	949	1194	621	1564	1083	1452	596	1538	963	944	468	480	850	898	304	300	44665
*	5p	-	55	146203	89929	95036	144209	475377	2872	2517	2339	2247	961	1283	674	1521	971	1427	616	1631	924	955	481	465	900	820	330	300	43589
*	5p	-	56	146575	88808	90023	142382	467788	2984	2359	2438	2267	926	1213	604	1505	1022	1493	612	1419	922	925	465	453	865	809	366	330	42561
*	5p	-	57	143218	86955	88335	141725	460233	2771	2443	2305	2229	946	1212	601	1429	1070	1419	630	1497	859	879	465	490	892	796	291	305	41607
*	5p	-	58	141415	85493	86736	138905	452549	2767	2289	2200	2136	867	1155	605	1475	987	1414	562	1371	878	841	422	455	844	789	322	329	40579
*	5p	-	59	136473	86063	85339	136782	444657	2630	2319	2195	2060	832	1058	526	1484	996	1427	557	1334	855	836	458	455	839	799	312	330	39662
*	5p	-	60	133937	82017	86021	134745	436720	2674	2228	2262	2079	869	1084	586	1363	933	1383	650	1433	871	870	439	437	792	813	295	308	38771
*	5p	-	61	132137	81711	82122	133123	429093	2600	2123	2035	2013	824	1094	572	1401	1040	1403	548	1261	835	864	475	435	782	751	320	282	37861
*	5p	-	62	131096	79338	82968	127845	421247	2627	2081	2165	2024	841	1050	673	1399	874	1307	589	1325	882	790	405	464	769	731	308	294	37010
*	5p	-	63	128335	77625	79476	127656	413092	2549	2064	1904	1979	808	1046	547	1300	916	1301	532	1281	873	825	446	453	762	728	282	306	36160
*	5p	-	64	124870	77768	77548	125032	405218	2515	2079	1900	1850	789	1026	504	1387	936	1262	537	1285	821	805	403	416	720	772	250	238	35279
*	5p	-	65	121342	74596	76657	124633	397228	2567	1973	2026	1839	834	1042	505	1292	926	1226	586	1166	740	821	425	429	721	717	266	255	34402
*	5p	-	66	118499	73562	75752	121350	389163	2476	1920	2007	1829	799	962	478	1329	935	1367	521	1161	759	788	401	386	698	701	284	261	33519
*	5p	-	67	117006	71948	74943	117174	381071	2422	1982	1961	1827	753	994	500	1244	938	1185	463	1239	749	712	418	407	687	689	261	253	32703
*	5p	-	68	115366	71537	71764	114386	373053	2417	1815	1825	1751	721	896	526	1200	844	1186	519	1142	715	766	401	400	696	680	284	237	31965
*	5p	-	69	112203	70067	70904	112005	365179	2429	1843	1807	1715	727	896	500	1279	795	1158	484	1080	728	754	369	389	664	669	247	240	31146
*	5p	-	70	111706	67525	68262	109889	357382	2262	1811	1765	1678	701	978	477	1226	927	1086	502	1043	735	751	377	349	663	667	222	256	30401
