# table produced by mapDamage version 2.2.1
# using mapped file CviAPal030.merged.L103.realn.bam and reference.ssl.Cvi20k_rename.fasta as reference file
# Chr: reference from sam/bam header, End: from which termini of DNA sequences, Std: strand of reads
Chr	End	Std	Pos	A	C	G	T	Total	G>A	C>T	A>G	T>C	A>C	A>T	C>G	C>A	T>G	T>A	G>C	G>T	A>-	T>-	C>-	G>-	->A	->T	->C	->G	S
*	3p	+	1	48857	35565	43273	51723	179418	2068	470	734	584	262	330	228	313	360	289	210	337	0	0	0	0	1	8	7	5	70959
*	3p	+	2	58151	37122	31738	52426	179437	1519	427	373	487	186	212	83	277	158	283	160	231	0	1	1	1	2	12	2	2	70862
*	3p	+	3	55362	31537	40293	52247	179439	924	382	438	370	139	170	121	283	163	193	141	245	2	0	2	1	3	12	2	1	69576
*	3p	+	4	55093	31421	38291	54597	179402	762	397	409	355	125	194	111	250	219	204	110	243	17	9	8	12	12	18	12	12	68059
*	3p	+	5	55654	32653	35977	55122	179406	570	388	396	389	130	186	102	240	168	160	144	223	10	16	10	15	10	21	10	9	66351
*	3p	+	6	52703	37026	33178	56505	179412	880	757	601	736	282	326	202	522	292	368	289	435	17	17	11	14	7	22	12	7	64461
*	3p	+	7	60158	34194	34088	50952	179392	951	642	611	576	238	323	182	491	281	372	238	387	12	18	10	11	21	22	13	11	63341
*	3p	+	8	57597	34028	36935	50822	179382	870	616	610	605	269	301	201	482	342	468	266	409	26	23	19	11	23	22	19	14	62166
*	3p	+	9	59311	32573	36664	50773	179321	945	610	672	662	229	325	173	473	319	430	310	400	31	40	20	32	49	45	19	25	60970
*	3p	+	10	58000	34107	33323	53868	179298	818	587	610	618	294	318	188	448	269	400	258	404	40	53	35	33	57	55	27	23	59826
*	3p	+	11	55092	34026	36177	53996	179291	842	673	715	660	303	357	220	490	339	478	301	471	66	45	39	29	50	64	28	26	58542
*	3p	+	12	52698	34148	39400	53002	179248	838	692	770	711	303	331	203	499	349	423	1677	431	58	66	31	41	74	74	37	27	57531
*	3p	+	13	55006	34188	37271	52780	179245	851	646	675	685	286	334	199	488	346	392	251	449	80	71	33	40	79	68	30	37	56533
*	3p	+	14	53620	34246	38168	53139	179173	819	683	677	668	261	312	207	491	341	417	249	447	87	89	40	61	99	85	37	57	55562
*	3p	+	15	55052	32988	35585	55551	179176	833	665	675	637	247	338	262	512	328	442	269	426	108	87	46	53	104	96	39	45	54498
*	3p	+	16	54175	33376	36121	55492	179164	810	695	691	726	272	335	200	440	339	437	1433	443	100	113	46	58	107	90	46	52	53464
*	3p	+	17	55311	33385	35512	54930	179138	782	698	810	706	273	347	196	447	408	503	215	463	116	109	62	52	110	119	49	42	52536
*	3p	+	18	54557	36529	35095	52931	179112	861	703	671	726	277	324	235	526	386	458	188	428	110	116	62	74	123	114	54	56	51606
*	3p	+	19	57862	33507	35151	52571	179091	796	680	704	697	267	369	238	481	310	437	179	402	135	111	63	75	131	118	61	58	50727
*	3p	+	20	48875	33836	33088	48079	163878	786	705	682	729	329	374	340	566	431	504	232	444	124	133	63	67	141	133	52	73	49878
*	3p	+	21	49565	31081	31998	45844	158488	837	760	754	875	329	371	738	501	361	468	237	476	128	132	67	94	143	148	64	78	49035
*	3p	+	22	47925	29639	32636	46425	156625	787	784	759	785	327	412	220	488	337	491	343	450	151	136	64	85	165	143	66	55	48150
*	3p	+	23	47868	31120	31735	44975	155698	847	715	726	745	293	357	274	584	356	455	219	416	162	136	86	88	172	127	77	96	47255
*	3p	+	24	45128	32490	31381	46217	155216	880	708	748	781	317	349	227	563	342	459	205	495	157	168	87	90	195	184	60	65	46444
*	3p	+	25	45642	32983	32274	43638	154537	833	751	731	766	288	356	208	529	329	408	221	498	176	162	85	103	166	162	74	76	45649
*	3p	+	26	45190	30006	32333	46504	154033	788	854	733	718	287	337	224	522	381	468	235	474	165	153	107	103	173	180	65	67	44873
*	3p	+	27	45603	31001	30273	46689	153566	796	818	795	780	304	362	217	519	350	498	198	438	162	177	97	94	195	170	83	86	44120
*	3p	+	28	44641	31423	33246	43886	153196	835	706	713	736	291	347	195	553	333	440	294	454	163	160	97	104	182	173	91	97	43345
*	3p	+	29	44597	31109	31599	45604	152909	805	742	725	757	265	354	206	482	334	432	230	445	183	184	89	97	202	177	92	95	42593
*	3p	+	30	47188	30986	30011	44456	152641	821	718	766	759	291	340	221	500	345	423	216	461	202	183	83	118	201	171	75	95	41886
*	3p	+	31	46520	28865	32855	43716	151956	856	737	831	781	288	348	205	462	580	435	194	539	204	188	102	98	222	178	76	82	41180
*	3p	+	32	43697	29672	31395	46515	151279	776	718	783	768	261	382	186	467	409	469	219	486	188	163	110	93	224	205	62	78	40485
*	3p	+	33	43625	28863	31640	46487	150615	863	749	733	742	298	348	204	490	404	454	182	444	213	210	100	122	197	199	92	70	39735
*	3p	+	34	44083	28743	29596	47481	149903	793	750	766	752	273	326	290	491	335	432	182	477	179	232	106	151	189	219	81	82	39026
*	3p	+	35	43941	28599	29758	46923	149221	767	791	747	797	299	353	204	463	360	429	199	484	229	235	112	138	205	192	81	89	38322
*	3p	+	36	46158	28571	30780	42357	147866	799	798	726	786	298	363	198	469	341	482	200	462	216	269	115	117	199	239	74	102	37702
*	3p	+	37	43590	28287	31731	43156	146764	819	750	727	1568	354	329	190	469	264	436	198	523	195	232	127	121	209	213	76	107	37106
*	3p	+	38	45391	29463	28824	41647	145325	791	785	737	767	301	389	267	500	297	394	201	428	235	204	127	140	220	204	93	98	36538
*	3p	+	39	45222	28076	29979	40952	144229	817	749	789	685	274	369	202	510	280	415	206	447	245	234	118	128	230	200	78	87	35878
*	3p	+	40	44168	27763	28925	42335	143191	768	624	679	702	281	359	188	485	323	422	167	462	223	243	115	135	228	213	91	99	35251
*	3p	+	41	41243	29874	30184	40564	141865	798	700	702	685	331	342	204	506	318	436	187	433	244	238	111	140	218	206	89	97	34615
*	3p	+	42	41236	28488	29690	40990	140404	761	765	733	651	300	354	186	473	288	427	209	445	243	241	137	99	218	217	109	94	33971
*	3p	+	43	41944	26975	27838	42383	139140	693	722	700	732	250	347	160	424	274	403	175	431	246	225	112	137	209	219	95	105	33353
*	3p	+	44	41178	27433	28962	40211	137784	719	689	1048	695	270	320	188	433	285	405	201	426	224	212	109	141	198	198	95	95	32756
*	3p	+	45	42902	26342	27316	39702	136262	795	691	666	693	272	343	260	474	261	389	162	432	210	273	123	142	201	202	105	98	32156
*	3p	+	46	41228	27251	26132	39986	134597	711	711	705	747	294	358	189	427	308	390	172	412	205	236	124	135	222	188	100	115	31557
*	3p	+	47	41885	25781	25821	39458	132945	738	642	613	624	290	320	188	484	294	371	193	451	200	223	117	134	203	207	96	99	30998
*	3p	+	48	38682	28791	25663	38308	131444	726	693	620	675	289	325	256	495	297	398	172	411	211	216	125	109	218	210	81	113	30369
*	3p	+	49	38348	25154	24789	41601	129892	729	640	642	1477	233	304	166	434	302	395	170	395	210	230	104	104	194	220	87	95	29784
*	3p	+	50	40194	24980	25407	37613	128194	720	655	689	676	236	315	191	472	270	373	167	349	223	217	111	127	220	235	103	98	29240
*	3p	+	51	38076	26431	25001	37207	126715	652	724	600	598	259	278	193	468	256	351	177	443	221	208	135	121	221	215	93	81	28636
*	3p	+	52	37090	25948	25351	36838	125227	641	715	586	662	230	318	352	1985	235	354	180	408	199	232	126	128	208	224	77	74	28104
*	3p	+	53	39091	23957	24122	36474	123644	615	610	634	606	241	307	158	377	265	355	181	384	216	201	120	134	198	196	82	90	27599
*	3p	+	54	38328	23939	23566	36219	122052	658	600	591	648	247	286	152	351	246	354	173	408	238	194	119	137	175	219	71	79	27061
*	3p	+	55	35204	26185	22982	35939	120310	669	679	582	595	215	288	160	353	225	366	163	378	233	192	120	111	172	222	86	86	26570
*	3p	+	56	34745	22884	23407	37534	118570	611	592	580	641	226	283	162	349	240	364	140	369	215	208	100	130	186	205	79	88	26052
*	3p	+	57	34703	22696	22492	36923	116814	631	623	561	604	210	288	162	375	247	380	171	375	184	198	119	115	199	183	76	78	25556
*	3p	+	58	34012	22366	22155	36504	115037	677	545	512	578	255	274	158	354	244	327	137	398	199	215	109	111	186	174	69	98	25072
*	3p	+	59	33941	21847	23391	34106	113285	608	573	550	558	231	262	126	331	249	338	154	399	218	208	120	101	191	157	84	85	24585
*	3p	+	60	33515	23626	21433	32915	111489	577	609	557	638	207	269	152	364	218	314	139	328	214	217	109	114	172	204	87	78	24087
*	3p	+	61	34017	21121	22182	32264	109584	576	578	525	484	221	298	151	342	276	325	158	367	215	200	114	125	180	180	77	81	23614
*	3p	+	62	31939	22337	20633	32854	107763	550	566	491	556	211	242	125	315	231	286	171	311	209	221	117	115	166	193	93	83	23091
*	3p	+	63	32817	20801	19992	32220	105830	515	565	543	502	209	262	127	324	232	297	142	335	223	208	129	98	194	182	60	80	22552
*	3p	+	64	31927	20279	21166	30578	103950	581	571	493	544	214	236	124	286	225	261	123	336	212	189	110	109	179	173	63	84	22064
*	3p	+	65	32447	20095	19523	29949	102014	538	584	502	501	224	254	148	301	188	293	129	312	181	182	105	127	163	181	85	69	21557
*	3p	+	66	31624	19837	19318	29307	100086	518	510	480	533	206	235	137	330	216	287	136	322	175	210	110	105	165	182	77	83	21055
*	3p	+	67	30103	20679	18774	28562	98118	511	534	472	492	208	234	113	347	190	264	118	324	181	166	104	119	188	171	69	86	20615
*	3p	+	68	29419	18793	19563	28391	96166	471	551	438	460	203	239	110	276	195	269	127	342	170	183	107	106	167	168	58	77	20102
*	3p	+	69	28485	18723	19310	27705	94223	470	530	448	470	168	231	112	284	205	280	129	302	189	176	89	78	168	155	72	75	19623
*	3p	+	70	28082	17852	18414	27994	92342	428	482	425	448	207	228	119	281	184	279	123	312	168	164	106	111	167	147	56	75	19116
*	3p	-	1	44405	32058	37775	46337	160575	1933	441	628	564	254	252	205	242	301	268	173	295	0	0	0	0	6	14	6	4	63539
*	3p	-	2	52228	31017	28135	49226	160606	1380	348	348	458	150	184	99	252	157	247	129	193	5	5	2	1	2	3	3	1	63434
*	3p	-	3	50062	29508	32072	48965	160607	869	354	377	339	116	183	115	248	172	177	89	207	4	1	2	4	2	4	2	0	62302
*	3p	-	4	49121	29321	31063	51021	160526	721	353	387	305	121	156	91	200	157	167	73	203	30	44	17	10	20	36	15	18	60908
*	3p	-	5	48266	30267	30236	51747	160516	579	340	322	330	132	163	108	231	134	147	94	222	35	34	18	16	41	39	8	13	59272
*	3p	-	6	47689	31205	29172	52435	160501	829	620	553	570	227	329	154	395	286	377	181	411	44	35	35	22	50	38	15	14	57441
*	3p	-	7	51335	30313	30363	48489	160500	882	555	551	552	239	311	172	458	245	386	158	407	57	42	22	21	52	44	12	9	56494
*	3p	-	8	50045	30779	31382	48282	160488	785	581	639	549	210	272	223	444	272	344	179	382	50	47	31	19	59	43	17	13	55432
*	3p	-	9	52112	29774	31354	47199	160439	780	579	595	569	241	290	154	417	291	373	216	380	70	61	38	40	60	69	27	23	54397
*	3p	-	10	49192	31232	29714	50266	160404	750	557	569	520	282	267	155	389	316	387	182	396	98	77	34	42	81	82	20	32	53332
*	3p	-	11	47453	32108	31770	49092	160423	748	619	678	646	287	309	192	469	319	409	189	408	93	90	50	39	75	64	33	25	52239
*	3p	-	12	47497	31880	32272	48763	160412	777	629	652	711	273	283	297	430	347	403	191	401	90	94	62	37	80	64	32	31	51440
*	3p	-	13	48618	31475	31267	48993	160353	806	586	617	650	266	289	178	445	305	399	187	428	97	107	54	46	88	87	45	46	50624
*	3p	-	14	48850	30618	31483	49341	160292	736	630	651	635	407	280	198	442	324	406	226	393	118	86	58	50	103	114	48	56	49773
*	3p	-	15	48530	31240	31598	48970	160338	754	611	648	625	302	299	187	410	291	363	208	402	119	86	49	48	104	105	36	35	48976
*	3p	-	16	48698	32171	30654	48795	160318	778	643	625	604	286	311	188	459	312	401	179	432	113	107	48	53	91	120	46	45	48103
*	3p	-	17	48340	30984	31278	49689	160291	773	659	706	643	336	307	176	453	316	431	388	436	128	110	59	53	116	126	40	45	47330
*	3p	-	18	47461	31191	31761	49860	160273	806	558	600	635	252	311	175	464	303	419	193	420	114	141	66	65	100	121	67	58	46578
*	3p	-	19	48263	31456	31214	49312	160245	730	646	610	604	248	310	158	419	291	387	177	405	139	124	75	79	128	139	65	42	45808
*	3p	-	20	43058	29315	28842	43898	145113	807	661	667	663	289	327	189	450	334	429	217	473	152	145	65	81	136	134	51	58	45058
*	3p	-	21	41376	28222	27715	42391	139704	800	748	692	731	279	344	210	447	312	450	203	441	160	148	75	82	141	123	59	62	44378
*	3p	-	22	41098	28037	27314	41422	137871	777	645	694	729	297	332	183	411	319	433	181	447	162	151	103	58	137	138	59	53	43727
*	3p	-	23	41396	27818	26691	41147	137052	737	720	744	635	264	300	214	486	332	409	208	467	151	168	100	72	153	133	63	46	43025
*	3p	-	24	40419	28312	27038	40711	136480	770	721	637	657	300	318	194	459	297	405	205	410	165	161	92	86	163	153	54	60	42322
*	3p	-	25	40467	26851	27155	41246	135719	741	603	695	613	266	294	184	446	295	387	249	472	170	140	77	98	162	167	73	68	41647
*	3p	-	26	39783	27965	26557	40895	135200	689	641	724	699	293	316	188	461	309	406	187	441	170	171	94	85	152	175	66	73	41002
*	3p	-	27	39618	27729	26715	40648	134710	731	677	707	678	290	323	189	485	325	381	213	419	192	168	93	89	179	164	76	78	40368
*	3p	-	28	39360	27780	26547	40602	134289	711	713	674	665	221	295	181	430	298	386	194	494	183	158	85	96	188	201	69	67	39716
*	3p	-	29	39719	27029	26491	40817	134056	727	653	655	676	275	308	178	414	282	457	166	424	152	159	111	102	180	170	81	73	39091
*	3p	-	30	39256	27629	26686	40160	133731	746	680	689	717	259	340	192	426	293	386	213	435	168	183	98	100	159	185	93	62	38469
*	3p	-	31	39260	27311	26742	39742	133055	688	660	692	700	278	331	200	427	293	394	209	447	191	164	102	106	186	179	75	80	37874
*	3p	-	32	39270	26789	26417	39961	132437	721	653	720	698	261	307	210	442	280	389	164	478	188	188	96	96	178	190	66	73	37284
*	3p	-	33	38905	26813	26298	39790	131806	711	638	663	656	303	315	217	442	312	384	249	445	190	198	113	97	189	186	86	74	36731
*	3p	-	34	38401	26964	25954	39842	131161	714	653	666	691	279	313	204	380	285	386	231	423	226	200	91	89	181	165	76	86	36184
*	3p	-	35	39210	26211	26187	38947	130555	755	696	646	644	263	330	209	423	265	377	180	382	208	182	120	99	182	172	73	64	35596
*	3p	-	36	38256	26693	26130	38367	129446	707	668	658	652	287	289	215	418	314	377	218	459	202	182	118	123	171	194	97	63	35047
*	3p	-	37	38774	25992	25512	38245	128523	715	615	648	612	261	337	205	383	250	361	179	454	187	208	116	107	165	199	75	77	34484
*	3p	-	38	37777	26157	25157	38360	127451	707	625	624	592	278	303	193	420	275	371	183	443	191	210	116	113	176	183	57	75	33951
*	3p	-	39	37783	25761	25360	37613	126517	692	669	690	627	245	325	200	431	278	362	187	433	212	212	117	127	177	193	68	88	33426
*	3p	-	40	36881	26130	25075	37496	125582	699	616	678	600	250	313	203	398	253	413	206	462	202	225	120	114	191	188	59	55	32840
*	3p	-	41	37090	24782	25104	37481	124457	702	619	662	639	262	315	172	392	275	349	187	461	238	200	132	113	171	170	71	71	32329
*	3p	-	42	36396	25409	24637	36710	123152	627	687	660	624	215	285	172	408	255	413	202	443	214	234	131	117	169	166	62	85	31790
*	3p	-	43	36040	24665	24751	36551	122007	644	576	586	584	285	286	212	392	243	370	178	548	180	223	128	118	177	167	71	74	31251
*	3p	-	44	35814	24324	24259	36418	120815	638	616	554	601	234	350	181	387	258	373	177	418	211	178	122	133	192	176	62	85	30716
*	3p	-	45	35962	24266	23956	35250	119434	665	636	631	577	260	302	198	336	259	393	177	383	212	192	113	120	187	176	75	75	30170
*	3p	-	46	35186	24030	23656	35061	117933	673	620	681	592	289	311	161	376	237	342	166	398	221	189	107	120	186	171	82	76	29702
*	3p	-	47	34952	23405	23317	34777	116451	640	581	590	592	245	300	181	348	276	376	180	415	197	208	125	98	171	157	69	86	29249
*	3p	-	48	34461	23342	23055	34141	114999	624	616	650	592	251	277	199	356	250	340	172	386	195	189	122	116	190	188	71	75	28710
*	3p	-	49	33832	23097	22591	34159	113679	659	622	613	516	250	300	197	350	245	335	168	322	193	199	102	102	177	171	78	68	28221
*	3p	-	50	33631	22445	22444	33672	112192	601	576	581	539	247	287	185	340	275	320	143	358	171	207	109	129	191	164	77	71	27749
*	3p	-	51	32991	22651	21959	33188	110789	611	569	583	570	238	292	170	370	242	322	149	406	189	199	108	106	176	168	57	76	27268
*	3p	-	52	32808	22164	21892	32511	109375	637	614	577	567	229	284	186	335	243	332	140	328	197	195	106	106	169	185	74	66	26774
*	3p	-	53	32358	22013	21426	32157	107954	570	586	558	519	209	266	173	333	250	314	145	329	194	193	117	123	170	173	60	70	26296
*	3p	-	54	31768	21507	21246	31955	106476	565	623	566	560	221	271	190	335	257	345	152	344	202	195	122	103	174	166	69	86	25806
*	3p	-	55	31080	21579	20987	31356	105002	567	526	527	538	219	261	138	326	203	330	146	322	173	190	100	101	180	174	61	82	25372
*	3p	-	56	31055	20690	20842	30831	103418	562	526	575	535	220	261	171	316	232	295	148	318	170	173	98	102	177	153	87	80	24869
*	3p	-	57	30471	20617	20320	30515	101923	544	543	578	509	218	246	160	353	219	283	150	339	189	167	115	96	183	162	75	73	24352
*	3p	-	58	29889	20480	19819	30190	100378	542	514	573	475	220	257	185	316	182	299	135	332	174	187	102	101	156	152	77	66	23897
*	3p	-	59	29529	19611	19942	29745	98827	539	519	510	465	193	273	146	308	240	294	137	323	192	186	104	106	156	158	65	71	23433
*	3p	-	60	29358	19561	19003	29304	97226	496	534	471	510	199	250	178	310	194	311	142	325	188	188	90	115	173	155	55	73	22964
*	3p	-	61	28839	19368	18764	28622	95593	483	491	496	477	187	248	154	321	209	282	127	282	192	188	104	87	147	156	83	68	22479
*	3p	-	62	28282	19191	18689	27894	94056	478	477	457	461	206	241	146	258	201	261	113	303	173	159	143	89	148	133	75	70	22025
*	3p	-	63	27631	18824	18407	27564	92426	494	478	490	448	176	236	160	274	193	277	130	289	220	167	101	95	125	139	76	68	21587
*	3p	-	64	27000	18373	18218	27240	90831	511	459	459	448	183	229	145	245	194	293	120	345	162	185	77	83	150	149	68	73	21096
*	3p	-	65	26730	17617	17947	26866	89160	485	481	456	427	177	208	151	264	187	260	130	376	151	166	100	93	134	136	60	75	20617
*	3p	-	66	26070	17477	17542	26342	87431	474	462	399	444	178	251	128	254	201	269	111	284	171	152	93	85	128	151	58	51	20106
*	3p	-	67	25457	17273	17165	25855	85750	432	487	413	463	179	206	142	248	170	238	129	267	148	157	78	107	111	161	66	67	19703
*	3p	-	68	25144	17095	16710	25168	84117	507	421	439	410	171	219	172	261	199	241	129	270	145	152	81	92	116	142	57	61	19282
*	3p	-	69	24455	16753	16414	24872	82494	435	455	401	461	197	207	115	237	182	256	134	278	146	148	88	94	119	130	73	62	18817
*	3p	-	70	24257	16153	15974	24528	80912	430	419	479	441	175	198	126	239	161	262	132	264	140	147	80	89	127	118	62	67	18362
*	5p	+	1	50276	45342	38701	45113	179432	600	588	740	898	387	238	252	450	297	301	260	242	0	0	0	0	4	4	3	3	60679
*	5p	+	2	56079	30907	34610	57848	179444	469	811	557	457	159	229	138	252	186	253	81	277	6	6	3	6	2	1	2	1	60550
*	5p	+	3	55515	36824	31991	55124	179454	403	554	418	546	176	192	83	301	144	225	129	366	11	2	4	0	2	0	1	1	59403
*	5p	+	4	58645	34007	32597	54096	179345	435	517	397	420	166	146	99	290	156	252	103	324	59	38	15	19	43	45	9	17	58045
*	5p	+	5	59021	33831	33891	52592	179335	432	516	398	449	150	164	92	293	141	206	129	269	51	29	27	19	41	49	16	18	56593
*	5p	+	6	60266	31413	34921	52702	179302	755	647	656	659	249	318	209	397	290	422	187	471	58	55	22	25	65	60	22	11	54900
*	5p	+	7	54150	33243	33691	58217	179301	668	753	586	657	251	324	165	447	224	363	189	435	40	55	14	29	54	73	13	20	53975
*	5p	+	8	53824	35507	34732	55208	179271	666	702	662	679	239	324	164	429	271	348	217	449	65	51	29	21	76	76	17	19	52966
*	5p	+	9	52013	35527	32853	58826	179219	617	820	566	724	278	336	231	405	273	362	172	487	81	84	26	36	89	85	32	35	51979
*	5p	+	10	56928	32865	34253	55154	179200	665	740	571	637	258	310	199	392	261	413	174	383	97	82	48	51	111	99	29	20	51006
*	5p	+	11	55993	35753	35962	51480	179188	684	702	724	687	291	285	233	504	313	407	228	484	97	91	45	58	97	99	40	37	49985
*	5p	+	12	54187	36604	36311	52074	179176	677	753	704	769	314	323	229	407	288	345	469	471	101	124	53	59	93	103	47	40	49113
*	5p	+	13	55071	34829	35623	53616	179139	728	747	719	733	259	315	185	474	369	380	190	441	115	100	54	62	122	114	42	44	48355
*	5p	+	14	55349	35064	34174	54505	179092	702	716	704	694	279	334	228	447	453	388	176	423	118	98	71	84	153	117	45	54	47522
*	5p	+	15	54603	35668	34867	54020	179158	692	719	749	748	285	333	225	455	349	375	201	452	140	141	48	58	113	97	42	49	46716
*	5p	+	16	54946	34481	35534	54131	179092	720	739	687	753	288	331	199	481	311	391	181	454	136	147	61	69	135	128	43	52	45898
*	5p	+	17	55542	34951	34654	53953	179100	717	763	699	779	304	301	638	461	466	403	201	455	154	136	62	78	118	140	53	47	45270
*	5p	+	18	55805	35721	34652	52892	179070	682	971	774	768	288	314	201	483	276	396	180	442	139	161	89	73	128	127	68	66	44563
*	5p	+	19	56011	34546	35287	53208	179052	649	733	680	712	263	328	193	464	286	376	197	444	164	165	86	96	147	141	64	55	43827
*	5p	+	20	50106	32425	32836	48470	163837	770	767	799	816	302	405	239	482	334	471	218	512	173	181	110	74	145	161	53	78	43178
*	5p	+	21	48825	31538	31560	46527	158450	796	779	815	866	317	401	242	517	317	452	244	439	175	175	82	99	157	164	93	55	42551
*	5p	+	22	47894	30687	31441	46552	156574	708	752	779	781	315	364	198	433	307	411	227	435	158	184	103	110	166	163	75	72	41933
*	5p	+	23	46968	30389	31369	46928	155654	746	744	758	806	312	359	241	462	301	432	220	501	198	179	94	108	184	187	64	74	41374
*	5p	+	24	46766	30501	32123	45808	155198	783	684	723	770	255	360	221	496	334	421	212	468	177	189	99	110	182	196	83	60	40792
*	5p	+	25	47538	30411	30951	45559	154459	767	815	700	811	289	353	317	444	270	444	286	454	189	219	94	128	207	200	59	89	40228
*	5p	+	26	46850	30357	31793	44978	153978	768	745	758	743	298	355	197	476	302	426	232	456	193	199	103	110	180	205	88	69	39605
*	5p	+	27	46463	30566	31551	44956	153536	809	775	818	792	309	326	182	494	321	469	218	461	184	197	105	105	199	194	80	90	39064
*	5p	+	28	47019	30417	31160	44577	153173	815	778	760	803	270	356	221	618	308	413	256	475	200	188	94	125	201	172	94	96	38515
*	5p	+	29	47239	30077	30825	44786	152927	755	697	745	830	287	388	203	479	305	448	223	431	191	220	98	107	182	209	63	92	37938
*	5p	+	30	46225	30362	31891	44149	152627	809	751	893	724	267	337	221	510	342	441	244	505	202	183	131	132	202	195	61	95	37417
*	5p	+	31	45791	30671	30781	44699	151942	774	734	720	777	290	354	219	495	323	416	240	450	224	210	123	125	188	204	100	79	36851
*	5p	+	32	46193	30112	30211	44745	151261	781	719	792	808	276	328	220	550	348	439	237	438	213	241	112	115	224	192	79	92	36362
*	5p	+	33	45635	30412	30391	44144	150582	772	798	739	807	258	346	298	528	375	439	253	467	202	216	119	132	197	197	90	108	35851
*	5p	+	34	46016	29650	30853	43426	149945	728	731	791	767	272	335	250	474	347	468	223	492	236	261	130	120	169	191	79	93	35369
*	5p	+	35	45041	29769	29688	44737	149235	784	662	712	793	279	364	206	431	323	447	231	499	226	267	122	156	182	212	74	84	34874
*	5p	+	36	43494	30085	30114	44224	147917	775	801	733	778	286	361	182	452	345	442	242	420	232	251	118	163	200	192	94	79	34409
*	5p	+	37	43893	29564	29251	44078	146786	763	699	736	742	277	328	221	506	320	441	269	432	221	269	129	148	222	204	76	76	33938
*	5p	+	38	43674	28505	29673	43518	145370	764	753	666	799	255	335	192	479	340	414	279	428	195	239	151	121	196	191	83	98	33481
*	5p	+	39	42874	29165	29712	42492	144243	800	738	712	803	297	337	187	561	289	385	223	448	216	240	108	128	206	211	91	73	33034
*	5p	+	40	43151	28479	29635	42007	143272	776	675	727	804	303	330	201	544	295	412	259	405	214	236	128	127	205	199	84	60	32579
*	5p	+	41	43194	28196	28185	42316	141891	758	724	711	748	273	330	217	476	337	421	200	448	249	247	118	160	194	227	85	79	32159
*	5p	+	42	41893	28544	28714	41344	140495	826	720	703	762	262	334	191	524	304	467	213	421	240	255	142	126	191	200	64	91	31730
*	5p	+	43	41710	28188	27839	41480	139217	761	687	672	731	265	305	164	759	334	412	229	420	226	223	134	141	185	176	92	99	31272
*	5p	+	44	42015	28015	27782	39970	137782	699	692	650	696	261	345	202	494	253	419	246	403	239	222	119	148	203	225	88	74	30838
*	5p	+	45	40877	26896	27748	40769	136290	812	728	706	743	231	329	175	442	282	413	215	434	228	215	117	141	216	220	64	81	30393
*	5p	+	46	40436	26804	27517	39881	134638	758	711	597	892	257	327	181	427	335	375	267	430	215	231	123	127	189	212	88	96	29942
*	5p	+	47	39880	26795	26779	39497	132951	712	655	636	636	249	317	255	551	307	423	269	409	229	212	103	106	204	213	93	90	29526
*	5p	+	48	39201	26706	26296	39274	131477	741	661	707	723	228	304	206	444	298	438	256	438	199	200	109	131	199	227	80	86	29101
*	5p	+	49	39028	25746	26432	38681	129887	710	693	598	682	242	340	176	406	257	426	264	430	234	235	111	108	213	217	85	86	28701
*	5p	+	50	38714	26111	25285	38145	128255	704	697	648	687	243	300	164	443	270	343	227	413	221	204	115	126	223	217	68	86	28300
*	5p	+	51	38301	25237	25671	37517	126726	755	690	563	668	239	291	184	395	302	373	222	375	209	216	91	132	206	201	98	92	27911
*	5p	+	52	37533	25112	25054	37549	125248	728	590	633	616	249	289	209	403	236	373	202	386	228	194	124	115	200	195	77	88	27539
*	5p	+	53	37177	24436	25193	36833	123639	713	673	569	658	248	286	186	382	275	363	242	441	190	201	105	128	193	201	89	86	27171
*	5p	+	54	36931	24467	24111	36512	122021	669	628	632	650	252	293	195	412	265	348	237	411	216	227	115	122	189	192	82	112	26792
*	5p	+	55	35790	23734	25228	35552	120304	687	587	593	633	242	305	150	366	250	352	245	378	183	196	123	119	201	206	83	78	26421
*	5p	+	56	35755	23579	23633	35607	118574	742	607	604	686	233	290	151	340	275	309	266	395	198	218	100	97	190	190	78	98	26027
*	5p	+	57	34947	23110	23760	34999	116816	701	598	614	809	217	273	166	333	257	342	211	356	187	194	112	102	191	186	78	78	25654
*	5p	+	58	34395	22732	23570	34332	115029	666	538	529	535	255	285	152	381	260	346	204	362	182	183	112	91	185	180	72	99	25295
*	5p	+	59	34258	22542	22221	34275	113296	727	587	583	609	228	269	171	348	261	340	245	324	198	183	95	119	181	168	78	82	24933
*	5p	+	60	33466	21738	22378	33952	111534	660	576	538	547	228	292	154	342	254	319	202	360	200	188	110	128	176	166	77	77	24558
*	5p	+	61	33058	21369	21705	33470	109602	680	544	553	541	201	282	171	339	251	319	198	308	204	199	112	110	191	164	70	75	24177
*	5p	+	62	32115	21597	21932	32158	107802	622	576	563	506	188	250	151	342	225	322	203	340	205	186	113	151	172	174	67	70	23826
*	5p	+	63	32117	20952	21252	31555	105876	644	596	527	510	228	244	147	366	238	333	188	357	195	249	90	112	165	171	73	60	23479
*	5p	+	64	31268	20913	20895	30920	103996	619	553	526	476	200	266	158	325	212	307	159	305	182	174	99	92	166	145	67	74	23119
*	5p	+	65	30819	20442	20010	30805	102076	600	488	512	488	225	214	205	507	244	276	186	267	177	178	107	83	138	170	61	76	22788
*	5p	+	66	29693	20393	20093	29975	100154	633	540	506	487	191	286	154	279	233	329	187	320	183	185	91	100	156	135	74	75	22433
*	5p	+	67	29606	19468	19714	29401	98189	622	506	487	478	214	276	145	329	245	291	180	273	200	172	82	95	158	154	63	68	22067
*	5p	+	68	28788	18916	19674	28837	96215	569	447	494	506	176	233	121	283	209	276	185	304	194	157	102	113	142	149	68	63	21729
*	5p	+	69	28275	19037	18925	28026	94263	588	497	486	486	191	238	134	293	200	300	232	266	175	155	101	111	152	160	50	68	21361
*	5p	+	70	27996	18178	18611	27581	92366	597	475	478	500	164	211	126	311	205	226	212	233	170	152	93	100	139	138	79	64	21018
*	5p	-	1	44766	40470	33968	41378	160582	486	513	606	743	389	214	225	342	268	307	271	268	0	0	0	0	1	2	4	7	58419
*	5p	-	2	48016	28207	32155	52217	160595	437	664	517	341	168	223	137	241	210	208	79	256	0	4	0	1	2	1	2	4	58261
*	5p	-	3	47551	35493	27736	49832	160612	410	462	375	398	167	156	109	208	123	187	128	293	0	1	2	2	1	0	2	1	57307
*	5p	-	4	50467	33213	27961	48937	160578	424	466	322	384	161	153	119	241	148	184	114	245	11	12	8	7	11	6	13	9	56124
*	5p	-	5	50944	31660	29840	48129	160573	413	400	353	356	137	149	123	235	132	187	89	278	8	11	13	11	13	5	10	15	54857
*	5p	-	6	52323	29806	32197	46233	160559	683	606	632	582	217	292	220	367	255	328	178	397	17	16	13	11	19	11	11	19	53406
*	5p	-	7	46487	30437	29920	53704	160548	534	693	556	545	222	297	203	324	202	327	155	409	23	11	15	11	16	25	13	15	52578
*	5p	-	8	46184	32831	30609	50893	160517	569	668	554	631	245	302	192	325	235	308	162	375	24	24	15	9	34	36	16	17	51621
*	5p	-	9	44952	32738	29492	53318	160500	557	647	609	580	231	284	224	386	231	319	160	415	35	24	21	19	39	43	20	18	50675
*	5p	-	10	49471	29929	30169	50915	160484	646	643	514	508	202	284	204	340	236	325	134	366	34	40	25	25	42	46	23	23	49694
*	5p	-	11	48468	32618	31481	47874	160441	675	586	598	613	256	324	234	383	282	356	189	381	46	70	28	27	55	64	29	30	48778
*	5p	-	12	47360	34982	30693	47394	160429	654	660	643	668	259	284	897	380	232	317	165	413	71	86	29	25	55	50	47	36	47982
*	5p	-	13	48248	33090	30159	48924	160421	613	649	596	651	234	306	187	381	270	359	154	383	55	76	35	32	69	66	28	34	47205
*	5p	-	14	47846	33595	30825	48116	160382	616	711	580	642	248	319	175	404	269	332	183	401	69	72	44	55	64	92	45	35	46473
*	5p	-	15	49453	32137	29918	48858	160366	584	649	604	625	228	330	194	378	210	352	205	413	89	83	58	59	74	94	44	41	45717
*	5p	-	16	49544	32325	29996	48460	160325	630	641	592	604	241	293	842	389	270	344	170	409	96	89	46	59	91	91	43	55	44942
*	5p	-	17	49256	32088	30079	48893	160316	641	644	601	681	295	310	195	361	268	380	190	397	117	88	51	35	101	104	51	45	44256
*	5p	-	18	47851	31620	31948	48858	160277	659	633	682	613	234	306	175	339	272	365	203	433	100	90	69	53	120	105	67	48	43572
*	5p	-	19	47585	31863	30500	50349	160297	646	627	611	612	227	305	190	365	275	357	197	396	96	102	88	34	104	116	50	50	42908
*	5p	-	20	42994	29958	29204	42973	145129	689	699	722	681	350	376	217	415	291	418	279	453	139	138	70	53	108	141	60	54	42296
*	5p	-	21	41260	28470	27360	42647	139737	676	729	791	659	238	336	180	409	306	434	419	435	135	130	74	75	105	139	58	50	41665
*	5p	-	22	40859	28629	26736	41648	137872	689	685	691	681	304	322	311	380	286	412	206	424	125	161	84	83	120	139	73	56	41064
*	5p	-	23	40420	28041	26930	41658	137049	659	661	674	653	261	309	180	400	266	384	205	438	154	157	79	81	133	133	68	59	40456
*	5p	-	24	40298	28009	28139	40047	136493	705	737	676	708	254	323	166	414	264	362	192	459	163	172	94	69	133	143	77	62	39891
*	5p	-	25	39207	28625	27943	40013	135788	690	734	668	698	259	318	170	400	272	368	198	451	170	144	79	91	143	130	58	71	39320
*	5p	-	26	40774	28051	26519	39915	135259	779	679	653	655	307	318	172	429	281	371	198	455	173	156	74	108	136	147	65	62	38780
*	5p	-	27	40674	26960	26880	40241	134755	757	661	663	703	264	314	178	404	271	370	205	424	171	161	106	85	147	175	59	74	38270
*	5p	-	28	39136	28868	27025	39333	134362	656	623	646	659	255	336	242	397	302	391	187	421	183	182	87	83	172	153	63	66	37749
*	5p	-	29	40060	28066	27007	38977	134110	713	673	682	629	247	318	185	393	284	375	166	423	186	178	91	95	146	166	73	70	37234
*	5p	-	30	39166	26974	26648	40989	133777	701	638	615	680	234	307	184	417	291	374	188	412	169	195	92	90	135	170	83	68	36735
*	5p	-	31	39010	28252	25640	40197	133099	632	688	682	711	457	305	172	412	289	401	184	449	190	203	104	92	159	180	64	77	36194
*	5p	-	32	39916	27423	26560	38565	132464	716	651	617	605	289	294	172	402	271	405	187	410	184	196	106	99	172	176	67	66	35668
*	5p	-	33	40073	27779	25851	38140	131843	724	723	627	631	298	318	183	406	289	401	188	391	194	205	111	104	167	177	75	76	35185
*	5p	-	34	40519	26275	25750	38629	131173	711	648	616	620	282	330	166	410	255	357	228	428	188	167	103	122	175	197	62	61	34746
*	5p	-	35	39829	26458	25541	38694	130522	706	665	669	602	255	334	175	429	293	374	185	398	176	203	124	104	181	173	82	87	34297
*	5p	-	36	37591	27191	25286	39344	129412	696	652	741	629	258	314	160	396	298	389	159	414	187	183	98	105	225	180	87	67	33827
*	5p	-	37	38280	27604	24494	38111	128489	701	657	1058	617	261	327	184	445	314	339	185	391	184	173	109	88	204	187	75	87	33419
*	5p	-	38	36539	25695	25716	39461	127411	716	669	661	667	237	283	182	396	260	346	280	372	174	206	108	110	186	183	75	89	33001
*	5p	-	39	36917	25937	24623	39040	126517	689	633	673	656	271	291	188	385	268	375	159	402	188	170	105	128	182	203	66	82	32573
*	5p	-	40	37312	25792	24471	37950	125525	674	634	593	622	233	326	181	366	287	354	174	402	191	195	105	105	182	208	89	73	32145
*	5p	-	41	36425	26162	25917	35910	124414	724	626	658	630	264	291	175	403	315	347	174	414	211	182	116	104	178	199	74	76	31706
*	5p	-	42	36331	25858	24642	36219	123050	711	669	637	683	229	306	167	364	270	369	197	415	199	213	141	99	181	206	102	93	31240
*	5p	-	43	36546	24583	23975	36826	121930	690	653	628	640	218	296	178	406	259	349	164	367	205	198	97	122	198	216	67	83	30831
*	5p	-	44	35727	25236	23981	35836	120780	700	598	585	914	241	270	193	351	289	354	168	381	196	216	113	98	178	197	76	98	30414
*	5p	-	45	35170	24177	23030	37000	119377	623	638	604	611	228	294	152	360	258	383	210	395	218	193	116	102	192	194	94	85	30003
*	5p	-	46	35268	23120	23924	35610	117922	718	632	586	627	214	281	161	352	265	401	178	418	196	207	118	132	197	174	74	83	29598
*	5p	-	47	34848	22874	22646	36022	116390	686	578	577	573	239	293	140	362	267	373	176	398	187	220	134	111	188	192	86	81	29177
*	5p	-	48	33826	22875	24249	34029	114979	688	589	576	584	226	297	151	392	251	328	189	395	206	203	112	130	202	184	82	73	28770
*	5p	-	49	35571	22060	22543	33478	113652	689	577	948	539	242	281	147	323	260	379	157	404	190	239	134	113	170	186	79	87	28371
*	5p	-	50	33422	22390	22131	34227	112170	681	589	564	556	227	281	164	362	257	327	154	404	183	222	121	110	211	155	75	83	27976
*	5p	-	51	32897	22113	22429	33316	110755	636	551	561	579	236	249	155	314	224	315	139	390	178	208	128	111	186	171	70	85	27592
*	5p	-	52	32399	22097	22485	32355	109336	685	548	498	552	209	263	141	343	225	339	282	1155	205	199	115	121	186	194	66	86	27219
*	5p	-	53	32175	21488	21224	33015	107902	645	533	511	492	219	240	156	360	235	320	157	340	198	205	127	100	174	186	87	77	26812
*	5p	-	54	31947	20820	21244	32460	106471	676	566	501	513	208	288	123	334	202	296	137	343	209	201	104	121	192	168	70	69	26431
*	5p	-	55	31454	20379	22299	30897	105029	636	544	534	499	210	274	145	341	216	315	139	338	195	217	109	113	178	158	64	75	26070
*	5p	-	56	32378	20272	20370	30432	103452	606	533	594	485	206	257	137	321	224	351	163	325	182	200	128	107	163	169	71	60	25661
*	5p	-	57	31176	19854	20183	30744	101957	650	506	543	555	195	243	141	330	215	347	140	311	183	181	110	114	159	150	77	73	25356
*	5p	-	58	31066	19495	19875	29955	100391	600	570	500	480	204	246	125	341	223	280	150	332	187	187	108	100	160	152	64	65	25027
*	5p	-	59	29487	20182	19458	29713	98840	643	513	482	491	190	247	150	301	243	317	148	247	190	209	96	93	133	155	65	82	24676
*	5p	-	60	29084	18939	20147	29045	97215	602	533	532	493	202	213	135	309	220	320	153	312	180	181	104	121	151	178	79	58	24364
*	5p	-	61	28553	19074	18775	29175	95577	583	440	467	463	177	242	145	267	230	307	128	306	168	186	100	114	160	165	72	73	24011
*	5p	-	62	28380	18332	19466	27852	94030	603	481	466	436	199	220	169	262	213	280	120	312	203	186	76	105	144	148	63	89	23618
*	5p	-	63	28265	17966	18099	28064	92394	516	451	501	464	179	214	119	312	215	263	138	309	177	225	93	114	135	176	67	60	23295
*	5p	-	64	27057	18372	17865	27575	90869	578	477	470	444	183	223	131	296	227	269	112	264	183	189	91	105	123	151	65	63	22971
*	5p	-	65	26549	17191	17753	27646	89139	550	421	434	421	174	220	116	278	225	270	161	270	174	180	87	100	148	160	56	69	22634
*	5p	-	66	25662	17055	17461	27229	87407	581	452	432	423	178	226	113	314	188	281	122	258	174	155	111	98	128	136	72	74	22319
*	5p	-	67	25440	16451	17716	26119	85726	577	402	454	422	188	204	117	291	205	294	122	278	188	178	78	98	164	132	52	82	21991
*	5p	-	68	25148	16942	16708	25296	84094	519	432	393	426	201	209	123	276	211	265	120	252	179	145	95	103	133	135	55	76	21675
*	5p	-	69	24602	16623	16552	24695	82472	555	415	421	417	171	199	119	242	178	283	88	263	171	187	88	90	132	147	55	72	21311
*	5p	-	70	24806	16022	15808	24248	80884	563	403	413	409	154	192	94	292	207	241	132	258	165	176	97	83	129	147	67	58	20986
