# table produced by mapDamage version 2.2.1
# using mapped file CviAPal024.merged.L103.realn.bam and reference.ssl.Cvi20k_rename.fasta as reference file
# Chr: reference from sam/bam header, End: from which termini of DNA sequences, Std: strand of reads
Chr	End	Std	Pos	A	C	G	T	Total	G>A	C>T	A>G	T>C	A>C	A>T	C>G	C>A	T>G	T>A	G>C	G>T	A>-	T>-	C>-	G>-	->A	->T	->C	->G	S
*	3p	+	1	512858	437884	523248	550830	2024820	28432	6326	9920	8277	3566	3434	2793	3958	4261	3409	2355	3724	0	0	0	0	149	164	162	197	392222
*	3p	+	2	646820	410490	364203	603416	2024929	21682	6315	5564	7269	2584	2886	1412	4035	2311	3529	1874	2853	27	34	36	27	197	206	97	86	391551
*	3p	+	3	607040	369706	441495	606783	2025024	14159	6229	6321	5626	2053	2663	1832	4094	2595	3004	1547	3056	71	68	41	47	148	163	79	108	378546
*	3p	+	4	603243	361716	418655	641019	2024633	11404	6241	6143	5507	1972	2700	1664	3613	2414	2953	1493	3318	180	157	166	152	223	270	182	219	361601
*	3p	+	5	595634	385848	394833	648228	2024543	9628	6498	6013	5701	2135	2950	1439	3745	2227	2667	1611	3264	265	243	218	219	280	325	194	188	343170
*	3p	+	6	576658	405446	379310	662964	2024378	12986	9818	8533	9162	3447	4838	2376	5829	3248	4457	2590	4949	367	337	247	256	305	425	212	208	322266
*	3p	+	7	664855	376484	395424	587516	2024279	13505	8382	8768	8013	3313	4200	2383	5732	3392	4723	2334	4371	403	454	243	269	425	384	195	246	312082
*	3p	+	8	636146	386417	414630	586865	2024058	13195	8434	8997	8476	3398	4161	2432	5757	3687	4913	2453	4757	502	556	289	290	512	495	213	250	300669
*	3p	+	9	662151	382637	413143	565835	2023766	13087	8358	8960	8565	3350	3898	2407	5956	3581	4927	2520	4790	682	659	375	408	673	511	280	301	289243
*	3p	+	10	628185	386604	382560	626101	2023450	12006	9172	8509	8341	3323	4333	2258	5627	3289	4758	2455	4543	791	756	436	500	753	704	304	317	277746
*	3p	+	11	588063	409804	420806	604438	2023111	12254	9438	10060	9649	3851	4645	2627	5819	3988	4800	2778	5184	1012	951	505	509	830	801	356	435	266110
*	3p	+	12	597366	398333	430229	596792	2022720	12451	9208	9947	9759	3555	4344	2659	5768	4004	4895	5381	4864	1136	1122	541	593	978	954	420	461	257893
*	3p	+	13	611142	394296	414437	602554	2022429	12307	9324	9592	9451	3641	4505	2481	5759	3737	4844	2814	5101	1192	1142	552	619	1118	1084	445	456	249253
*	3p	+	14	608709	398558	415307	599407	2021981	12136	9403	9304	9202	3458	4573	2517	5977	3758	4950	2599	5166	1304	1317	640	669	1257	1235	484	573	240849
*	3p	+	15	615160	390703	407184	608681	2021728	11815	9415	9569	9134	3545	4395	2731	5823	3762	5011	2589	5119	1411	1343	734	763	1414	1264	538	588	232690
*	3p	+	16	610480	391682	405778	613388	2021328	11737	9478	9628	9295	3733	4550	2459	5610	3791	5140	4995	5145	1422	1534	742	793	1459	1415	652	620	224350
*	3p	+	17	606780	394930	404973	614533	2021216	11612	9579	9428	9077	3597	4581	2487	5733	3769	5140	2561	4920	1595	1710	771	864	1506	1516	627	666	217276
*	3p	+	18	604321	406759	407996	601669	2020745	11354	9627	9426	9513	3605	4399	2456	5958	3700	4912	2456	4986	1728	1661	835	891	1695	1639	625	827	210373
*	3p	+	19	614562	395816	406953	603340	2020671	11209	9550	9297	9302	3730	4752	2499	5622	3536	4855	2410	5039	1801	1841	897	902	1769	1605	716	765	203660
*	3p	+	20	598792	403459	403154	605252	2010657	11624	9912	10007	9963	3800	4878	2624	5951	4046	5152	2519	5321	1905	1940	985	1073	1888	1797	737	779	197326
*	3p	+	21	602155	398241	405068	601002	2006466	11949	10184	9964	10300	3919	5229	3714	5912	3900	5157	2647	5537	2093	2098	993	1093	1933	1853	793	828	190919
*	3p	+	22	603548	393151	407096	600830	2004625	11628	10093	10000	9810	3966	4877	2721	5740	3816	5269	3152	5468	2209	2118	1040	1170	1916	1963	827	821	185053
*	3p	+	23	606224	396485	401166	599346	2003221	11550	10178	9918	10026	3649	4865	2884	6013	3987	5110	2622	5377	2279	2260	1139	1253	2057	1989	842	1020	179256
*	3p	+	24	597815	401486	402599	600421	2002321	11627	10176	10043	10065	3934	4816	2705	6159	3859	5336	2617	5553	2380	2321	1139	1226	2024	2303	885	913	173679
*	3p	+	25	600469	400685	404609	595333	2001096	12005	10204	10043	9710	3953	4804	2777	6154	3937	5266	2609	5745	2448	2402	1290	1290	2204	2209	949	927	168280
*	3p	+	26	596867	397451	402759	603151	2000228	11513	10928	10038	10051	3668	4857	2751	6103	3952	5366	2593	5600	2523	2624	1380	1344	2286	2207	905	986	163113
*	3p	+	27	598579	398630	397006	605270	1999485	11515	10753	10230	9993	3803	4838	2614	6131	4179	5302	2580	5729	2611	2727	1282	1401	2351	2282	967	989	158345
*	3p	+	28	594150	398177	407598	598976	1998901	11282	10202	9893	9729	3885	4955	2687	6103	3831	5322	2975	5593	2760	2708	1452	1482	2365	2357	938	1051	153568
*	3p	+	29	598392	399606	399443	600877	1998318	11290	10104	9834	9990	3754	4875	2609	6043	3928	5265	2619	5453	2825	2768	1391	1535	2433	2461	1004	1024	148969
*	3p	+	30	604728	397765	397240	598146	1997879	11226	9958	10043	9881	3884	4797	2564	6001	3678	5158	2624	5449	2882	2774	1474	1470	2494	2387	999	1031	144419
*	3p	+	31	601845	391143	404547	594896	1992431	11208	10126	10467	9914	3884	5089	2580	5817	3909	5265	2545	5809	2989	2904	1495	1469	2556	2360	1002	1055	140035
*	3p	+	32	590089	397206	397437	602779	1987511	11298	10019	10111	9890	3830	4878	2679	6015	3965	5197	2627	5660	2884	2939	1556	1539	2590	2529	1025	1042	135913
*	3p	+	33	589303	391810	401520	600403	1983036	11612	10416	9876	9913	3738	4879	2742	5810	4016	5325	2713	5642	2932	2864	1527	1658	2580	2508	1083	1128	131936
*	3p	+	34	590655	392899	390732	603049	1977335	10991	10288	9971	9756	3838	4888	2858	6134	3928	5170	2489	5632	3003	2948	1597	1612	2595	2604	1009	1127	128005
*	3p	+	35	591040	390081	391863	598629	1971613	11004	10178	10005	9770	3885	4859	2634	5775	3903	5243	2524	5682	3093	3145	1671	1581	2587	2622	1105	1149	124328
*	3p	+	36	594411	387448	392468	585037	1959364	11206	10400	10093	10155	3873	4849	2581	5896	3805	5145	2466	5643	3038	3117	1654	1602	2674	2754	1088	1117	120761
*	3p	+	37	585179	382783	392978	586333	1947273	11335	10194	9840	11467	4018	4771	2550	5723	3851	5032	2558	5973	3153	3106	1503	1702	2737	2618	1124	1161	117221
*	3p	+	38	590345	385314	382293	576477	1934429	10676	10198	9967	9835	3778	4917	2784	5712	3817	5007	2508	5557	3276	3056	1689	1746	2709	2608	1164	1177	113872
*	3p	+	39	585745	378271	381547	576478	1922041	10567	10009	10077	9621	3779	4802	2531	5703	3720	5142	2509	5674	3196	3117	1569	1711	2863	2653	1104	1051	110552
*	3p	+	40	577274	376188	380583	575485	1909530	10989	10022	9529	9618	3643	4673	2450	5736	3781	4999	2480	5594	3171	3225	1648	1744	2840	2578	1134	1191	107373
*	3p	+	41	565991	383541	376557	567036	1893125	10700	10087	10089	9643	3864	4641	2508	5843	3887	4994	2437	5533	3238	3151	1638	1752	2861	2593	1079	1118	104234
*	3p	+	42	562553	373421	377875	562298	1876147	10588	10324	9613	9477	3771	4633	2694	5701	3683	5393	2547	5644	3231	3274	1717	1756	2739	2624	1191	1161	101192
*	3p	+	43	559927	367799	367008	564598	1859332	10498	9747	9506	9316	3684	4743	2434	5414	3624	4893	2334	5480	3285	3263	1638	1757	2703	2706	1190	1101	98348
*	3p	+	44	555448	364872	366547	554934	1841801	10561	9837	11562	9483	3693	4666	2367	5385	3596	4800	2473	5290	3319	3276	1667	1624	2825	2654	1148	1142	95545
*	3p	+	45	555916	359439	359840	548895	1824090	10308	9483	9469	9232	3605	4592	2399	5476	3659	4812	2432	5485	3257	3298	1671	1759	2825	2629	1119	1212	92780
*	3p	+	46	548231	359308	353246	543235	1804020	10048	9960	9175	9460	3771	4610	2342	5583	3555	4826	2335	5296	3265	3336	1675	1706	2586	2731	1097	1205	90075
*	3p	+	47	544832	351952	347087	539121	1782992	9707	9467	8835	9181	3470	4395	2278	5405	3367	4655	2330	5201	3358	3251	1675	1679	2759	2692	1082	1174	87415
*	3p	+	48	531049	354839	346448	529678	1762014	9811	9198	8887	8988	3659	4412	2212	5504	3534	4664	2231	5152	3173	3301	1747	1671	2757	2822	1139	1103	84852
*	3p	+	49	523562	341593	339760	535493	1740408	9834	9241	8790	10566	3422	4363	2271	5298	3467	4757	2360	5198	3312	3287	1648	1685	2730	2638	1185	1140	82323
*	3p	+	50	524545	337349	337369	519054	1718317	9483	9054	8640	8586	3510	4311	2119	5253	3382	4589	2240	5122	3325	3427	1654	1704	2743	2740	1151	1174	79866
*	3p	+	51	513792	338634	334038	511059	1697523	9531	8976	8720	8742	3218	4147	2247	5062	3355	4339	2308	5188	3334	3279	1671	1762	2737	2809	1108	1146	77572
*	3p	+	52	505520	336353	330388	504045	1676306	9253	9088	8643	8611	3230	3996	2518	9795	3322	4348	2261	5109	3276	3367	1726	1614	2802	2659	1090	1146	75334
*	3p	+	53	505145	326028	325079	498597	1654849	9229	8894	8410	8482	3273	4191	2152	5000	3253	4247	2190	5133	3207	3219	1624	1729	2712	2661	1035	1097	73162
*	3p	+	54	497721	324819	316020	494337	1632897	8960	8883	8266	8301	3249	4112	2148	4870	3280	4380	2134	4773	3120	3248	1586	1572	2757	2661	1069	1125	70969
*	3p	+	55	485329	325053	312584	487893	1610859	9243	8753	8205	8309	3208	4033	2131	4665	3183	4307	2146	4841	3126	3139	1696	1680	2670	2665	1091	1125	68934
*	3p	+	56	481198	312736	308272	485883	1588089	8769	8654	7970	8268	3086	4214	2118	4785	3207	4224	2121	4725	3187	3090	1534	1634	2598	2660	1061	1149	66903
*	3p	+	57	477196	308388	301500	478436	1565520	8606	8474	7938	8215	3109	3929	1978	4597	3104	4257	1991	4723	3085	3036	1656	1546	2657	2551	1124	1047	64982
*	3p	+	58	468032	301955	298042	474559	1542588	8637	8185	7494	7776	3072	3765	1969	4489	3040	4069	2039	4679	3053	3080	1576	1594	2590	2498	1126	1075	63017
*	3p	+	59	462317	299024	298555	459268	1519164	8398	8187	7800	7686	3066	3856	1934	4353	3016	3907	2047	4602	3064	2952	1547	1580	2652	2537	1068	999	61149
*	3p	+	60	455221	300728	287909	451657	1495515	8317	8047	7640	7834	3125	3784	1937	4471	2964	4160	1876	4486	2994	2949	1575	1527	2603	2471	1019	1003	59464
*	3p	+	61	450843	288033	287454	445753	1472083	7929	7896	7363	7633	2953	3896	1882	4438	2855	3829	2107	4546	2972	2990	1532	1652	2463	2492	1001	1033	57725
*	3p	+	62	439190	288287	279169	441486	1448132	7872	7892	7474	7556	2913	3764	1858	4140	2850	3855	2045	4288	3071	2934	1475	1529	2430	2379	1044	1069	56075
*	3p	+	63	436264	280820	273464	433361	1423909	7614	7469	7276	7190	2811	3773	1845	4190	2739	3760	1833	4288	2956	3118	1507	1501	2444	2325	1004	1030	54355
*	3p	+	64	428610	274228	273754	423422	1400014	7735	7697	7168	7125	2846	3558	1716	4079	2592	3664	1794	4374	2840	3006	1471	1540	2312	2331	1029	981	52745
*	3p	+	65	424065	270628	264815	416176	1375684	7515	7409	7070	7139	2933	3463	1805	4072	2706	3649	1859	4195	2874	2879	1456	1507	2307	2256	993	946	51258
*	3p	+	66	415664	266066	260426	409423	1351579	7229	7192	6718	6942	2712	3517	1708	4004	2666	3611	1800	4234	2810	2798	1386	1506	2239	2245	930	929	49703
*	3p	+	67	406008	265254	253295	402703	1327260	7147	7276	6761	6992	2687	3245	1672	4283	2594	3450	1725	4033	2754	2815	1359	1324	2201	2236	967	943	48307
*	3p	+	68	397054	254994	252502	397964	1302514	7090	7111	6534	6714	2673	3330	1630	3853	2639	3388	1701	4005	2728	2709	1386	1377	2138	2276	934	936	46833
*	3p	+	69	387978	251868	249576	388540	1277962	7021	7133	6641	6478	2615	3235	1629	3799	2635	3392	1657	4042	2557	2683	1400	1365	2176	2164	863	899	45351
*	3p	+	70	382945	244526	240309	385677	1253457	6750	6869	6533	6410	2567	3211	1552	3693	2481	3305	1595	3786	2641	2746	1343	1337	2096	2153	874	880	44036
*	3p	-	1	434804	365686	445853	465167	1711510	27887	5505	8468	7155	3066	3000	2372	3417	3575	3043	1854	3166	0	0	0	0	266	286	173	226	304558
*	3p	-	2	548213	339569	312385	511974	1712141	20187	5432	4926	6450	2242	2583	1228	3388	1979	3064	1472	2503	350	313	91	72	140	122	57	41	304161
*	3p	-	3	518095	310820	367064	516303	1712282	12754	5412	5517	4981	1686	2339	1488	3409	2155	2569	1185	2729	185	201	75	103	90	74	31	29	293046
*	3p	-	4	510366	303569	350477	546791	1711203	10362	5322	5283	4641	1697	2360	1427	3168	2153	2454	1242	2790	494	597	228	230	443	494	196	181	278832
*	3p	-	5	500075	324783	334354	551828	1711040	8762	5147	5137	4986	1754	2368	1294	3158	1961	2391	1212	2753	602	638	233	240	598	544	158	176	262956
*	3p	-	6	492510	333783	321999	562372	1710664	11428	8116	7114	7606	2805	3879	1980	4529	2952	3824	2024	4237	707	688	286	272	713	679	218	245	245116
*	3p	-	7	555524	317480	337790	499782	1710576	12031	7029	7486	7077	2632	3488	1990	4935	2909	4157	1825	3749	852	686	306	273	843	640	221	240	236997
*	3p	-	8	536752	322533	349613	501543	1710441	11469	7062	7640	7008	2614	3397	2104	4923	3066	4015	1883	3868	808	803	332	324	805	763	260	251	227594
*	3p	-	9	557242	319540	353331	479840	1709953	11566	6945	7698	7322	2752	3347	2046	5013	3071	4233	1924	3777	1070	1024	441	488	1011	907	325	324	218136
*	3p	-	10	525636	324711	327367	531931	1709645	10745	7626	7206	7073	2772	3687	1954	4906	2961	3860	1820	4134	1063	1138	489	462	1067	1086	336	384	208617
*	3p	-	11	491607	348228	357542	512002	1709379	10587	7775	8217	8070	3085	3696	2232	4884	3395	3945	2167	4287	1207	1201	556	579	1172	1102	420	446	198965
*	3p	-	12	505985	335542	361861	505843	1709231	10893	7689	8407	8065	2993	3746	2302	4817	3336	4163	2116	4214	1269	1390	585	661	1256	1207	399	429	192215
*	3p	-	13	515946	333953	349223	509719	1708841	10680	7668	7963	7943	3016	3659	2088	4940	3227	4051	2198	4274	1357	1364	667	703	1361	1322	502	494	185240
*	3p	-	14	517903	332191	349521	509085	1708700	10627	7774	8103	7959	2990	3841	2153	4870	3114	4200	2091	4365	1529	1442	707	750	1355	1402	547	513	178391
*	3p	-	15	518241	332983	347484	509720	1708428	10358	7780	8199	7710	2960	3698	2076	4926	3174	3959	2036	4068	1604	1609	738	757	1540	1453	519	577	171859
*	3p	-	16	517381	335616	345508	509747	1708252	10369	8076	8163	8039	3056	3906	2097	4962	3045	4182	2034	4275	1548	1617	764	813	1542	1482	589	627	165205
*	3p	-	17	513749	336459	346743	511278	1708229	10172	7848	8047	7874	3281	3721	2033	4829	3215	4164	2443	4312	1703	1747	746	879	1526	1560	545	661	159707
*	3p	-	18	510226	338885	346339	512633	1708083	9951	7836	7997	7777	2824	3726	2039	4835	3142	4073	2070	4293	1756	1747	892	887	1607	1561	584	685	154174
*	3p	-	19	511808	337885	346009	512229	1707931	9389	7577	7778	7713	2879	3691	1996	4808	3098	3967	1948	4256	1824	1831	968	1009	1645	1640	644	658	148677
*	3p	-	20	507946	337528	344763	507535	1697772	9928	8316	8349	8186	3143	4053	2163	5076	3357	4277	2055	4591	1924	1907	996	1052	1768	1810	693	709	143477
*	3p	-	21	505852	336299	343107	508376	1693634	10118	8661	8628	8409	3143	4018	2331	5028	3330	4310	2181	4740	1993	2060	1039	1017	1836	1860	715	732	138367
*	3p	-	22	507519	333826	343098	507367	1691810	10054	8253	8530	8149	3201	3966	2209	5111	3404	4482	2110	4614	2046	2104	1045	1080	1854	1866	753	793	133840
*	3p	-	23	508876	333813	342070	505928	1690687	9964	8342	8471	8277	3151	3985	2174	5048	3353	4303	2074	4718	2203	2190	1086	1050	1921	1891	784	793	129434
*	3p	-	24	507410	336013	340306	506015	1689744	10007	8487	8376	8340	3165	3902	2195	5087	3283	4396	2128	4613	2277	2185	1165	1188	2117	1925	795	764	125118
*	3p	-	25	508555	333174	340129	506819	1688677	9905	8490	8568	8332	3111	4110	2246	4971	3291	4422	2261	4774	2307	2250	1176	1169	2015	2073	768	790	121044
*	3p	-	26	507670	334888	340077	505138	1687773	9906	8693	8607	8464	3160	4066	2204	5131	3379	4540	2124	4673	2401	2373	1193	1199	2105	2034	803	803	117136
*	3p	-	27	506326	334862	339414	506675	1687277	10008	8610	8548	8535	3329	4088	2220	5038	3445	4539	2137	4802	2435	2450	1271	1170	2062	1974	814	817	113446
*	3p	-	28	506555	335016	338319	506839	1686729	9821	8600	8543	8335	3191	4140	2299	5043	3272	4328	2344	4729	2381	2544	1328	1239	2027	2064	781	877	109764
*	3p	-	29	505855	336626	339063	504633	1686177	9557	8265	8370	8283	3094	3972	2140	4909	3248	4403	2117	4655	2429	2565	1380	1298	2092	2081	853	896	106269
*	3p	-	30	504006	337141	339980	504470	1685597	9787	8337	8306	8233	3125	3930	2193	4911	3179	4383	2152	4646	2514	2557	1387	1301	2152	2067	878	929	102907
*	3p	-	31	503324	334618	339247	503867	1681056	9695	8346	8608	8353	3156	3998	2212	5025	3292	4386	2218	4662	2639	2528	1318	1383	2135	2175	895	916	99605
*	3p	-	32	502162	334471	337819	502537	1676989	9599	8377	8516	8286	3183	3937	2208	5019	3281	4299	2075	4732	2593	2587	1307	1340	2162	2161	845	968	96562
*	3p	-	33	500573	334304	337304	501109	1673290	9585	8379	8314	8358	3232	4012	2155	4945	3226	4230	2168	4716	2680	2577	1326	1384	2205	2190	928	924	93619
*	3p	-	34	499298	332676	335874	500351	1668199	9405	8582	8236	8304	3277	3996	2177	4771	3248	4195	2091	4725	2642	2600	1344	1384	2212	2274	902	956	90812
*	3p	-	35	499549	331217	335276	497013	1663055	9446	8472	8358	8338	3074	4072	2050	4967	3112	4159	2086	4765	2732	2576	1405	1301	2263	2233	965	936	88076
*	3p	-	36	496798	329746	331704	494273	1652521	9479	8291	8246	8176	3209	4027	2158	4831	3216	4321	2197	4805	2757	2699	1365	1343	2319	2229	941	987	85441
*	3p	-	37	495108	326429	327718	492732	1641987	9397	8243	8237	8151	3142	3889	2145	4826	3150	4221	2145	4674	2670	2674	1507	1406	2255	2264	911	946	82748
*	3p	-	38	490563	326057	325027	489173	1630820	9138	8535	8277	8139	3238	3911	2102	4765	3064	4267	2137	4716	2722	2739	1429	1384	2207	2267	934	984	80282
*	3p	-	39	487345	323305	322827	485983	1619460	9127	8401	8257	8210	3050	3932	2191	4899	3211	4182	2109	4641	2785	2766	1478	1445	2279	2241	930	972	77819
*	3p	-	40	483001	322381	319845	483248	1608475	9111	8291	8116	8004	3077	3972	2068	4784	3156	4165	2039	4696	2750	2765	1493	1380	2245	2291	907	974	75367
*	3p	-	41	478727	318900	317884	478369	1593880	9066	8270	7939	8153	3088	3987	2059	4681	3162	4128	2132	4612	2803	2726	1417	1500	2279	2239	927	948	72994
*	3p	-	42	473551	315615	314367	475406	1578939	8860	8270	7991	7942	3178	3877	2072	4805	3225	4162	2054	4652	2730	2690	1469	1418	2312	2197	979	960	70739
*	3p	-	43	470504	311866	313180	468529	1564079	8806	8157	7947	7949	2976	3778	2016	4556	3070	4080	2010	4886	2702	2763	1436	1457	2251	2249	904	964	68603
*	3p	-	44	467157	308378	307242	465903	1548680	8777	8088	7926	7641	2984	3858	2030	4619	3077	3973	1999	4510	2670	2712	1384	1366	2310	2215	917	991	66546
*	3p	-	45	462362	306790	302952	460739	1532843	8777	7940	7726	7758	3053	3807	2064	4499	3199	4155	1968	4498	2685	2667	1367	1359	2385	2122	932	920	64508
*	3p	-	46	456167	302332	299896	456623	1515018	8522	8090	7844	7581	2922	3746	2094	4415	3056	3947	2091	4464	2713	2731	1365	1400	2266	2229	919	959	62520
*	3p	-	47	452008	297554	295763	451233	1496558	8336	7728	7573	7533	2934	3728	1929	4345	2929	3985	1944	4489	2615	2692	1461	1370	2266	2200	887	946	60612
*	3p	-	48	446895	294426	291383	445049	1477753	8154	7707	7519	7406	2828	3611	2087	4393	3013	3909	1880	4392	2574	2702	1353	1382	2198	2222	923	942	58777
*	3p	-	49	440730	290093	287499	440066	1458388	8327	7729	7442	7277	2781	3618	1900	4191	2857	3867	1985	4285	2619	2653	1386	1383	2219	2203	891	975	56954
*	3p	-	50	435835	285433	284257	433467	1438992	8155	7383	7432	7370	2690	3450	1906	4203	2799	3776	1929	4404	2678	2552	1336	1338	2112	2188	927	871	55214
*	3p	-	51	430080	283346	279056	427866	1420348	7751	7287	7303	7128	2798	3543	1863	4257	2727	3618	1865	4266	2541	2659	1330	1328	2162	2137	946	864	53556
*	3p	-	52	422970	279124	276303	422823	1401220	7895	7343	7032	7148	2613	3497	1882	4129	2832	3716	1847	4323	2439	2665	1349	1356	2096	2104	876	833	51845
*	3p	-	53	417732	275230	271835	416977	1381774	7656	7236	7105	6994	2773	3403	1758	4127	2815	3548	1816	4056	2508	2555	1385	1339	2036	2166	917	875	50243
*	3p	-	54	411592	270120	268842	411483	1362037	7566	7330	7060	6988	2691	3394	1754	4107	2638	3550	1820	4128	2532	2554	1327	1301	1981	2107	864	863	48655
*	3p	-	55	405964	268040	263047	405549	1342600	7398	7027	6808	6824	2769	3307	1830	3889	2683	3432	1690	4012	2445	2589	1360	1285	2004	2027	874	870	47190
*	3p	-	56	399840	263064	260217	399370	1322491	7320	7085	6706	6683	2581	3312	1675	3882	2627	3349	1777	3959	2335	2517	1283	1324	1975	1994	865	834	45733
*	3p	-	57	393521	258542	255385	394302	1301750	7347	6794	6676	6652	2521	3294	1740	3864	2678	3536	1779	3952	2479	2418	1232	1194	2055	1984	807	832	44275
*	3p	-	58	387907	255051	250432	387885	1281275	7186	6816	6322	6564	2450	3252	1696	3713	2451	3309	1717	3884	2398	2341	1272	1238	1961	1955	849	813	42919
*	3p	-	59	383181	250131	246007	381150	1260469	6781	6568	6475	6321	2441	3135	1709	3599	2375	3378	1634	3793	2368	2347	1267	1185	1835	1943	867	778	41499
*	3p	-	60	376333	246211	241198	376031	1239773	6825	6442	6330	6302	2379	3062	1578	3652	2408	3312	1651	3743	2234	2339	1206	1209	1835	1847	846	787	40205
*	3p	-	61	369275	242253	238173	369079	1218780	6689	6417	6267	6271	2436	3136	1557	3491	2360	3133	1641	3668	2310	2278	1136	1206	1819	1870	764	779	39021
*	3p	-	62	363734	237200	233101	363603	1197638	6656	6230	6037	6071	2345	2903	1608	3519	2322	3304	1568	3524	2252	2339	1181	1185	1792	1864	741	767	37862
*	3p	-	63	356180	234367	229599	356306	1176452	6532	6177	5940	6036	2310	2859	1499	3557	2280	3142	1540	3516	2280	2265	1081	1211	1791	1819	790	711	36654
*	3p	-	64	351261	229328	225148	349263	1155000	6319	6135	5818	5994	2291	2922	1512	3380	2265	3025	1566	3447	2174	2292	1194	1150	1755	1811	747	726	35502
*	3p	-	65	343960	224044	220433	344880	1133317	6086	6050	5870	5757	2227	2817	1468	3318	2313	2871	1425	3523	2223	2226	1081	1127	1742	1767	760	696	34370
*	3p	-	66	337685	219776	216322	337980	1111763	6273	5921	5556	5624	2158	2732	1419	3285	2234	2894	1415	3340	2099	2121	1176	1125	1678	1719	712	742	33210
*	3p	-	67	330859	215566	211380	332336	1090141	5964	5788	5413	5592	2082	2806	1418	3136	2165	2944	1459	3332	2014	2107	1160	1113	1660	1683	694	649	32172
*	3p	-	68	324730	212082	206231	325559	1068602	5799	5725	5497	5536	2130	2581	1419	3132	2194	2769	1484	3154	1993	2108	1097	1128	1664	1621	700	701	31150
*	3p	-	69	318609	207038	202965	318419	1047031	5582	5518	5245	5460	1979	2598	1358	3099	2013	2756	1401	3068	1967	2052	1096	1112	1636	1674	638	695	30190
*	3p	-	70	312549	202941	197687	312150	1025327	5514	5589	5148	5221	1962	2568	1437	2944	1956	2716	1313	3062	1999	2043	1098	1035	1512	1630	629	689	29166
*	5p	+	1	537754	529509	448729	508352	2024344	6710	7646	8842	10844	4547	3024	2291	5755	3703	3594	3002	2970	0	0	0	0	382	301	231	210	356500
*	5p	+	2	608785	360789	407372	648028	2024974	6554	10254	7893	6235	2451	3453	1765	3419	2686	3394	1551	3472	436	482	85	111	157	168	59	77	356023
*	5p	+	3	608306	432897	362520	621495	2025218	6617	7658	5878	7031	2635	2787	1394	4071	2125	3022	1848	4397	271	298	98	100	133	108	33	36	345068
*	5p	+	4	655478	403899	356179	608282	2023838	6593	7307	5814	6585	2454	2762	1404	4142	2063	3188	1620	4177	825	651	262	297	698	570	216	206	330799
*	5p	+	5	659509	389470	386440	588227	2023646	6616	6801	6013	6245	2295	2659	1521	4073	2177	3057	1602	4332	754	743	262	293	667	786	223	208	315011
*	5p	+	6	678475	370481	395426	578944	2023326	10008	9338	9173	8627	3141	4078	2399	5379	3405	5064	2232	5823	869	898	306	350	801	910	253	243	296716
*	5p	+	7	592037	394723	369768	666629	2023157	8612	10413	8306	8994	3317	4539	2156	5004	3081	4391	2248	5912	763	933	344	365	816	1022	287	251	287770
*	5p	+	8	592671	411159	384490	634697	2023017	8755	9735	8520	9398	3466	4271	2169	5078	3355	4312	2508	5960	878	911	403	365	957	927	344	286	277618
*	5p	+	9	567090	416100	373041	666125	2022356	8304	10327	8726	9134	3564	4687	2179	5033	3304	4240	2328	6231	1236	1305	514	509	1116	1254	438	369	267321
*	5p	+	10	636073	382654	380058	623241	2022026	9552	9990	8410	8667	3334	4355	2137	5317	3424	4633	2259	5852	1363	1348	553	568	1413	1250	466	379	257154
*	5p	+	11	606416	425712	414923	574690	2021741	9643	9713	9693	9873	3836	4246	2603	5535	3874	4812	2726	6012	1404	1452	728	608	1376	1336	573	506	246563
*	5p	+	12	597098	430549	398153	595732	2021532	9500	9926	9896	10026	4005	4303	2593	5472	3586	4700	3087	6122	1618	1528	708	707	1447	1439	581	534	239021
*	5p	+	13	604117	412480	395708	608903	2021208	9456	9982	9761	9583	3606	4526	2501	5397	3578	4630	2628	6126	1611	1645	829	759	1571	1567	581	606	231154
*	5p	+	14	606083	410256	392897	611764	2021000	9557	10004	9612	9658	3715	4637	2660	5614	3536	4586	2369	5991	1803	1713	875	833	1627	1627	628	650	223415
*	5p	+	15	603148	412816	394267	610531	2020762	9477	10022	9257	9673	3620	4383	2507	5616	3732	4793	2483	5966	1820	1858	970	821	1679	1764	713	615	215850
*	5p	+	16	608825	407664	393958	610177	2020624	9696	10156	9552	9554	3633	4436	2535	5563	3696	4977	2401	6263	1987	1895	924	974	1754	1779	679	690	208208
*	5p	+	17	608810	408670	395364	607531	2020375	9199	9931	9679	9721	3789	4418	3195	5380	3914	4895	2397	5859	2113	1956	1059	939	1882	1841	719	712	202031
*	5p	+	18	608057	410587	397398	604196	2020238	9510	10070	9404	9755	3553	4356	2541	5698	3446	4733	2514	5836	2224	2079	1055	1052	1850	1923	813	707	195716
*	5p	+	19	606606	410937	396413	606026	2019982	9517	9623	9294	9419	3507	4354	2262	5578	3374	4711	2456	5758	2280	2277	1092	1073	1958	2014	807	770	189614
*	5p	+	20	602155	409003	397865	600991	2010014	10245	10367	9797	10128	3841	4785	2541	5888	3819	5112	2573	5996	2359	2366	1225	1174	2146	2099	824	773	183595
*	5p	+	21	603112	408046	396329	598263	2005750	10538	10455	9941	10283	3905	4851	2766	5954	3644	5134	2798	6209	2486	2452	1232	1208	2265	2117	908	833	177766
*	5p	+	22	603520	405706	395069	599659	2003954	10261	10547	10054	10161	3819	4849	2596	5930	3907	5020	2707	6080	2595	2573	1267	1251	2228	2186	962	824	172456
*	5p	+	23	600620	404801	395142	602140	2002703	10421	10389	9919	10163	3895	4885	2588	6042	3786	5260	2740	6153	2599	2611	1315	1275	2315	2297	943	886	167210
*	5p	+	24	602099	403314	395931	600500	2001844	10410	10334	10028	10005	3840	4912	2568	5934	3892	5124	2608	6103	2685	2688	1300	1299	2362	2339	969	934	162150
*	5p	+	25	601799	404399	392770	601563	2000531	10622	10540	10193	10313	3809	4709	2688	6022	3683	5247	2736	5998	2743	2708	1392	1413	2445	2426	1034	950	157220
*	5p	+	26	602556	402674	392784	601725	1999739	10517	10352	10127	10161	3984	4930	2554	6024	3849	5156	2566	6127	2777	2860	1456	1428	2436	2449	990	1000	152532
*	5p	+	27	601325	403776	393826	599968	1998895	10556	10506	9990	10156	4045	4800	2564	5917	3868	5029	2582	6125	2843	2781	1509	1467	2483	2532	1115	1043	148259
*	5p	+	28	602750	400889	393951	600795	1998385	10938	10375	10099	10192	3817	4924	2552	6056	3849	5145	2620	6071	2947	2779	1563	1566	2566	2544	1085	1033	144045
*	5p	+	29	601522	402056	395184	599207	1997969	10286	10317	9778	10339	3748	4764	2484	5847	3871	5058	2634	5920	2916	2968	1478	1546	2597	2537	1126	1007	139941
*	5p	+	30	598192	402684	395879	600813	1997568	10519	10401	9899	9768	3658	4986	2515	5909	3875	5085	2546	6018	2911	3029	1544	1542	2566	2420	1113	1120	135922
*	5p	+	31	598769	403283	393616	596372	1992040	10502	10439	10008	10129	3734	4762	2714	5816	3919	4957	2674	6016	3004	3012	1671	1598	2577	2618	1083	1085	132105
*	5p	+	32	596626	401644	393329	595663	1987262	10533	10152	10043	10172	3791	4713	2523	5891	4020	5162	2640	5841	3106	3076	1640	1557	2559	2628	1159	1083	128455
*	5p	+	33	595581	399928	394298	592994	1982801	10596	10267	9833	10056	3870	4718	2618	5803	4229	5064	2693	5926	3182	3024	1536	1701	2675	2617	1141	1096	124885
*	5p	+	34	596311	398843	391103	590859	1977116	10709	10204	9865	9974	3746	4739	2560	5969	3842	5162	2596	5687	3213	3154	1609	1624	2734	2563	1126	1131	121545
*	5p	+	35	591662	397762	388339	593531	1971294	10802	10439	9787	9999	3827	4773	2445	5776	3806	5136	2576	5765	3125	3258	1589	1714	2755	2699	1213	1115	118195
*	5p	+	36	588288	394392	386627	589906	1959213	10601	10419	9995	9973	3932	4831	2552	6066	3807	5014	2540	5799	3225	3253	1664	1713	2777	2713	1142	1145	114857
*	5p	+	37	585429	389175	384141	588336	1947081	10581	10233	9818	10014	3800	4611	2544	5876	3762	4997	2602	5661	3138	3277	1716	1753	2817	2780	1147	1087	111804
*	5p	+	38	583533	385379	382267	583032	1934211	11083	10173	9691	10080	3786	4632	2607	5946	3890	5118	2657	5473	3206	3184	1663	1717	2871	2713	1164	1127	108728
*	5p	+	39	578492	383433	381882	577965	1921772	10750	10219	9753	9989	3826	4702	2555	5905	3721	5036	2776	5499	3168	3283	1645	1741	2850	2732	1232	1128	105841
*	5p	+	40	576724	379199	378353	575183	1909459	10920	10213	9780	9833	3742	4716	2550	5798	3797	5126	2627	5559	3326	3227	1648	1679	2751	2811	1138	1110	102955
*	5p	+	41	571362	377171	375491	568900	1892924	10820	9975	9995	9679	3697	4726	2612	5797	3844	5081	2569	5610	3295	3321	1700	1695	2687	2735	1247	1174	100132
*	5p	+	42	565873	374457	372343	563265	1875938	10877	10013	9645	9697	3621	4635	2529	5771	3670	5006	2616	5286	3238	3140	1677	1787	2866	2671	1181	1202	97363
*	5p	+	43	560657	372085	367042	559386	1859170	10670	9721	9366	9571	3573	4478	2355	5882	3790	4849	2427	5221	3273	3258	1685	1702	2873	2683	1193	1108	94771
*	5p	+	44	557208	365441	364010	555101	1841760	10677	9674	9307	9412	3669	4535	2413	5439	3555	4922	2567	5367	3204	3322	1662	1708	2704	2677	1214	1210	92281
*	5p	+	45	549359	361380	362348	551005	1824092	10848	9544	9198	9312	3649	4539	2332	5453	3557	5091	2554	5353	3231	3245	1608	1734	2733	2773	1103	1164	89773
*	5p	+	46	544964	357374	356666	544899	1803903	10681	9463	9099	9610	3529	4467	2308	5452	3584	4801	2455	5069	3230	3254	1648	1620	2704	2625	1191	1214	87422
*	5p	+	47	538617	351582	352359	540400	1782958	10600	9336	9048	9188	3377	4561	2258	5499	3429	4840	2473	5145	3195	3171	1686	1699	2786	2648	1136	1165	85032
*	5p	+	48	531344	347518	348493	534879	1762234	10470	9439	8819	9137	3434	4419	2221	5550	3398	4720	2541	5010	3208	3095	1663	1637	2621	2653	1211	1104	82763
*	5p	+	49	526467	343474	344170	526461	1740572	10393	9150	8805	9057	3482	4387	2298	5366	3395	4760	2422	4953	3128	3220	1620	1606	2669	2655	1074	1123	80511
*	5p	+	50	519030	339965	339616	519971	1718582	10152	9188	8806	9015	3353	4199	2266	5298	3363	4554	2353	4929	3213	3160	1602	1678	2752	2518	1150	1113	78377
*	5p	+	51	514688	334110	336640	512412	1697850	10098	8941	8863	8860	3335	4100	2254	5160	3351	4414	2442	4892	3159	3202	1619	1597	2661	2554	1157	1096	76195
*	5p	+	52	506901	330803	330801	508140	1676645	9890	8796	8715	8778	3333	4154	2220	5260	3286	4429	2229	4821	3121	3129	1643	1619	2623	2567	1096	1072	74124
*	5p	+	53	500171	324642	327906	502258	1654977	10227	8705	8334	8574	3229	4217	2093	5030	3356	4365	2252	4843	3024	3154	1587	1650	2585	2567	1097	1128	72163
*	5p	+	54	494448	321012	323518	494263	1633241	10129	8670	8650	8499	3193	4142	2190	4874	3275	4294	2230	4656	3031	3113	1610	1621	2560	2553	1018	1143	70189
*	5p	+	55	487480	316095	321012	486803	1611390	9868	8328	8157	8399	3239	3999	2143	4692	3168	4281	2313	4700	2989	2945	1524	1646	2483	2402	975	1157	68219
*	5p	+	56	481787	311348	313922	481660	1588717	9899	8435	8070	8229	3175	3836	2138	4952	3179	4237	2259	4538	2942	2906	1530	1551	2440	2480	980	945	66353
*	5p	+	57	475138	306840	309728	474446	1566152	9642	8454	8000	8453	3116	4001	2043	4735	3136	4217	2241	4536	2869	2860	1536	1599	2393	2291	1014	1050	64618
*	5p	+	58	467913	300930	307165	467147	1543155	9713	8197	7614	7725	2978	3833	2061	4787	2946	4275	2117	4269	2891	2876	1524	1592	2457	2356	921	986	62929
*	5p	+	59	462243	296516	299877	461126	1519762	9575	7896	7736	7675	3030	3811	2018	4684	3050	4041	2114	4170	2959	2946	1457	1590	2333	2346	988	1002	61249
*	5p	+	60	455212	289956	295671	455120	1495959	9437	7837	7808	7696	2956	3822	1943	4673	3037	4039	2150	4204	2945	2927	1463	1535	2329	2343	981	1000	59629
*	5p	+	61	448291	286827	290169	447251	1472538	9320	7805	7458	7382	2815	3695	1912	4639	3089	3963	2092	4170	2994	2889	1424	1500	2279	2357	915	986	58013
*	5p	+	62	440248	282752	286342	439358	1448700	9294	7765	7453	7391	2818	3761	1897	4522	2890	3786	2029	3954	2941	2778	1483	1629	2263	2186	890	965	56482
*	5p	+	63	433052	276467	282658	432335	1424512	9147	7517	7368	7103	2871	3676	1846	4524	2794	3948	2014	4021	2924	2864	1436	1452	2226	2171	890	922	55002
*	5p	+	64	426727	273512	276402	423794	1400435	8964	7190	7106	7120	2782	3470	1834	4292	2759	3804	1894	3866	2764	2712	1477	1524	2232	2172	907	919	53531
*	5p	+	65	420583	267785	269581	418095	1376044	8877	7408	7190	7021	2775	3580	1762	4672	2828	3637	1911	3687	2814	2785	1414	1449	2131	2148	892	972	52116
*	5p	+	66	412323	263046	266461	410019	1351849	8733	7089	6953	6745	2649	3411	1854	4161	2869	3763	1941	3710	2656	2654	1387	1451	2211	2107	865	886	50740
*	5p	+	67	406053	257210	260289	404143	1327695	8711	7060	6961	6532	2654	3288	1742	4082	2552	3660	1853	3539	2615	2638	1395	1361	2076	2062	876	901	49373
*	5p	+	68	397450	251577	257692	396188	1302907	8504	6820	6805	6540	2620	3368	1796	3960	2632	3372	1921	3587	2565	2588	1335	1337	2141	2025	828	903	48021
*	5p	+	69	390674	246585	251569	389457	1278285	8440	6872	6725	6445	2579	3244	1809	3938	2557	3526	1806	3453	2495	2524	1365	1361	2089	2019	808	866	46660
*	5p	+	70	383775	241178	247117	381676	1253746	8294	6590	6610	6398	2424	3201	1670	3849	2630	3409	1737	3588	2516	2384	1290	1256	2037	1986	828	869	45387
*	5p	-	1	451807	448679	384011	427472	1711969	5659	6240	7562	9042	3729	2568	2071	4704	3100	3094	2597	2537	0	0	0	0	111	138	159	122	301874
*	5p	-	2	512621	305189	349718	544433	1711961	5676	8326	6416	5131	2039	2784	1539	2841	2295	2736	1300	2939	35	33	35	46	164	153	76	83	301359
*	5p	-	3	509493	371440	309867	521305	1712105	5439	6590	4947	5728	2188	2396	1207	3206	1739	2579	1665	3794	60	62	54	47	132	138	96	48	291706
*	5p	-	4	549679	344843	305882	511418	1711822	5677	6151	4804	5362	1944	2323	1234	3311	1751	2692	1443	3487	145	164	129	156	231	184	153	133	279512
*	5p	-	5	553710	331059	330144	496820	1711733	5831	5679	5100	5234	1944	2126	1299	3213	1812	2635	1321	3617	227	212	190	181	250	220	154	166	266128
*	5p	-	6	569155	315201	341913	485302	1711571	8445	7646	7673	6782	2678	3383	2101	4355	3016	4247	1901	5057	281	289	200	219	393	225	146	188	250469
*	5p	-	7	494909	333630	316753	566115	1711407	7141	8615	6705	7280	2831	3808	1904	4001	2743	3684	1980	5071	412	316	254	214	369	385	198	164	242523
*	5p	-	8	497738	350233	328323	534954	1711248	7525	8196	7210	7717	2938	3659	1956	4161	2868	3635	2043	5040	474	416	219	253	481	411	190	193	233775
*	5p	-	9	474577	353066	321808	561513	1710964	7161	8754	7101	7543	2977	3841	2004	4233	2770	3488	1996	5332	608	547	308	328	462	566	293	238	224865
*	5p	-	10	535779	323689	325176	525927	1710571	7754	7841	6992	7151	2701	3719	1915	4427	2912	3786	1881	4908	649	768	399	415	630	740	286	294	216048
*	5p	-	11	509919	361256	351711	487444	1710330	8011	7920	8150	8378	3071	3557	2270	4572	3289	3989	2226	5008	849	885	465	375	720	756	382	335	206981
*	5p	-	12	502099	367561	338527	501837	1710024	8032	8307	8004	8448	3306	3767	2993	4500	3033	3717	2127	5369	932	977	465	426	886	838	417	357	200405
*	5p	-	13	508821	350686	335412	514912	1709831	7878	8379	7890	8104	3040	3782	2171	4556	3074	3978	2083	5005	1018	1094	487	432	921	960	430	381	193595
*	5p	-	14	507296	349999	338807	513444	1709546	8135	8296	7668	7889	3038	3747	2085	4690	3060	3984	2079	5082	1132	1097	583	545	1019	1081	451	426	187059
*	5p	-	15	512127	347675	333685	515812	1709299	8174	8033	7619	7969	3019	3695	2099	4638	2969	3857	2271	4885	1176	1196	636	614	1117	1166	498	443	180660
*	5p	-	16	514444	346310	334107	514181	1709042	8224	8159	7814	7893	3138	3835	3168	4482	3039	3986	2096	4953	1256	1322	634	651	1199	1183	545	540	174147
*	5p	-	17	515354	346865	337045	509611	1708875	7990	8130	7796	7943	2916	3860	2160	4489	3030	3983	2187	4833	1359	1309	672	664	1259	1279	573	535	168766
*	5p	-	18	511470	346692	340329	510041	1708532	8144	8101	7917	8188	3018	3807	1962	4485	3094	3809	2094	4910	1420	1404	763	682	1355	1412	660	561	163368
*	5p	-	19	509955	347749	337439	513226	1708369	8142	8115	7684	7739	2971	3800	1950	4442	3155	4081	2083	4823	1556	1529	789	733	1435	1548	600	570	158174
*	5p	-	20	509385	345812	339020	504133	1698350	8600	8642	8279	8333	3481	4019	2183	4745	3275	4358	2202	5106	1749	1603	849	921	1566	1571	622	644	153240
*	5p	-	21	507046	346129	337862	503168	1694205	8924	8786	8619	8469	3171	3996	2170	4860	3249	4628	2542	5061	1813	1836	850	929	1565	1659	674	675	148239
*	5p	-	22	506443	345402	334507	505918	1692270	8629	8676	8307	8404	3204	3956	2265	4826	3320	4340	2247	4946	1833	1875	1027	971	1627	1768	722	693	143769
*	5p	-	23	506641	342032	334766	507709	1691148	8684	8524	8398	8408	3225	3957	2241	4624	3051	4351	2323	5045	1948	1934	1021	1022	1703	1742	780	715	139351
*	5p	-	24	505388	342992	337740	504117	1690237	8910	8610	8304	8221	3063	4005	2202	4788	3279	4209	2252	5209	2013	1993	1044	1050	1914	1721	745	734	135066
*	5p	-	25	503551	344207	336200	505187	1689145	8982	8820	8171	8470	3045	4102	2193	4992	3300	4123	2203	5192	2062	2039	1140	1070	1830	1853	792	709	131067
*	5p	-	26	506234	343194	334954	503832	1688214	9248	8683	8216	8573	3250	4134	2058	5034	3107	4310	2127	5016	2138	2123	1174	1089	1790	1927	836	757	126996
*	5p	-	27	507285	339609	335537	504941	1687372	9137	8675	8350	8478	3162	4251	2111	4811	3149	4287	2115	5077	2234	2221	1155	1123	1930	2010	844	794	123162
*	5p	-	28	504598	342610	336776	502924	1686908	8829	8737	8182	8533	3100	4068	2320	4756	3213	4241	2188	5080	2246	2252	1215	1207	1901	1947	870	858	119495
*	5p	-	29	505597	339941	336738	503993	1686269	8762	8323	8165	8119	3210	4057	2182	4784	3167	4235	2226	4932	2281	2309	1306	1209	2018	2108	811	903	115937
*	5p	-	30	504373	338890	336558	505962	1685783	8697	8661	8289	8228	3054	3941	2101	4904	3253	4287	2074	4898	2382	2381	1221	1258	2081	2054	858	856	112561
*	5p	-	31	501446	342733	332325	504647	1681151	8934	8541	8216	8754	3208	4027	2105	4874	3341	4403	2165	4863	2477	2474	1273	1199	2085	2170	880	892	109175
*	5p	-	32	503611	338039	335952	499372	1676974	8985	8595	8237	8400	3184	3992	2231	4658	3163	4334	2082	4914	2442	2445	1255	1266	2158	2187	905	897	105988
*	5p	-	33	501648	340165	333374	498275	1673462	9140	8787	8249	8340	3214	3950	2144	4913	3319	4243	2152	4866	2443	2485	1285	1315	2128	2128	955	864	103036
*	5p	-	34	502138	335579	333146	497423	1668286	9203	8388	8386	8135	3100	4068	2076	4809	3110	4357	2306	5018	2539	2546	1372	1305	2202	2242	911	907	100023
*	5p	-	35	500279	333791	330685	498366	1663121	9241	8521	8170	8453	3298	4079	2109	4817	3320	4272	2131	4756	2536	2611	1304	1336	2231	2251	931	917	97184
*	5p	-	36	493139	334148	328482	496845	1652614	9260	8519	8328	8335	3037	3962	2105	4776	3192	4404	2108	4783	2600	2582	1351	1401	2305	2240	939	898	94398
*	5p	-	37	492361	331316	324013	494342	1642032	9064	8507	8882	8324	3084	3958	2107	4979	3239	4331	2143	4639	2731	2607	1363	1292	2185	2323	948	876	91786
*	5p	-	38	486865	324278	326234	493435	1630812	9340	8298	8068	8286	3051	3876	2012	4765	3159	4426	2273	4575	2547	2723	1442	1366	2156	2289	922	1035	89246
*	5p	-	39	485732	323785	320473	489600	1619590	9253	8234	8012	8481	3060	4051	2116	4780	3140	4246	2219	4684	2638	2667	1458	1346	2138	2286	952	925	86799
*	5p	-	40	483376	322770	319111	483254	1608511	9116	8205	8130	8114	3105	3788	2101	4735	3063	4130	2108	4873	2590	2711	1435	1396	2171	2233	981	996	84415
*	5p	-	41	478003	318838	320579	476432	1593852	9311	8321	8305	8245	3132	3914	2079	4778	3308	4088	2163	4654	2596	2634	1456	1412	2173	2311	1007	936	82011
*	5p	-	42	473685	317038	315666	472474	1578863	9226	8424	8044	8029	2940	4111	2059	4752	3198	4166	2079	4591	2685	2711	1413	1393	2210	2362	960	990	79684
*	5p	-	43	471514	310946	310784	470622	1563866	9263	8028	7899	7918	2915	3809	1995	4484	3150	4070	2039	4396	2673	2750	1382	1414	2291	2341	992	950	77376
*	5p	-	44	466238	308441	308635	465254	1548568	9200	8064	7831	8852	2928	3710	2058	4546	3189	4107	1978	4290	2693	2750	1482	1401	2239	2331	986	980	75221
*	5p	-	45	461269	303927	303490	463859	1532545	9025	8058	7784	7832	2859	3751	2018	4641	3148	4117	2012	4276	2732	2711	1494	1356	2342	2308	1027	965	73126
*	5p	-	46	456219	298414	301986	458216	1514835	9195	7657	7613	7722	2960	3747	1961	4476	3106	4194	1995	4372	2717	2779	1421	1434	2277	2354	938	981	71017
*	5p	-	47	451525	294664	296391	453719	1496299	8846	7680	7652	7401	2922	3589	1878	4281	2961	3894	1912	4252	2681	2850	1425	1416	2229	2323	1013	987	69078
*	5p	-	48	444380	292453	295238	445302	1477373	8854	7686	7581	7389	2831	3665	1920	4385	2888	3973	1861	4274	2729	2682	1398	1460	2414	2308	1026	909	67154
*	5p	-	49	443105	286770	289501	438718	1458094	8994	7360	7856	7257	2834	3601	1914	4358	2851	3833	1872	4128	2706	2777	1412	1416	2372	2271	951	979	65345
*	5p	-	50	433807	283619	285031	436178	1438635	8661	7431	7223	7205	2821	3509	1795	4293	2898	3804	1799	4134	2854	2822	1349	1352	2298	2225	953	972	63557
*	5p	-	51	428154	279708	283168	428926	1419956	8792	7328	7224	7192	2710	3372	1834	4217	2836	3610	1837	3977	2632	2754	1402	1349	2334	2310	904	943	61825
*	5p	-	52	421977	276898	279586	422284	1400745	8583	7257	7095	7010	2623	3413	1856	4189	2784	3675	1941	5195	2714	2742	1347	1382	2301	2209	958	910	60148
*	5p	-	53	417337	272409	274059	417669	1381474	8651	7216	7140	6840	2756	3332	1774	4196	2686	3570	1846	3839	2611	2716	1391	1394	2294	2189	905	894	58496
*	5p	-	54	411750	265512	271756	412610	1361628	8651	7168	7099	6939	2597	3455	1866	4076	2622	3592	1751	3749	2561	2590	1393	1401	2219	2248	854	896	56859
*	5p	-	55	406726	262564	269116	403893	1342299	8428	7070	6846	6788	2568	3318	1822	4157	2700	3523	1687	3654	2543	2699	1346	1359	2200	2138	841	896	55315
*	5p	-	56	402986	257882	261973	399252	1322093	8261	6932	6935	6648	2477	3254	1736	4000	2657	3692	1765	3580	2499	2556	1363	1390	2155	2165	890	851	53854
*	5p	-	57	395621	252171	258501	395219	1301512	8266	6589	6751	6462	2506	3183	1692	4004	2631	3447	1632	3690	2493	2633	1298	1285	2119	2094	824	875	52348
*	5p	-	58	390651	249060	253342	387907	1280960	8020	6660	6449	6368	2376	3073	1632	4048	2479	3397	1609	3505	2495	2523	1279	1324	2037	2165	818	868	50953
*	5p	-	59	382253	247525	249934	380488	1260200	8191	6576	6266	6222	2342	3093	1582	3938	2513	3349	1640	3329	2467	2496	1290	1269	1992	2019	821	851	49588
*	5p	-	60	375485	240524	247822	375631	1239462	8229	6474	6440	6241	2362	3093	1609	3828	2425	3337	1542	3467	2394	2369	1303	1331	2022	1971	774	858	48268
*	5p	-	61	370645	237031	240935	369836	1218447	7911	6139	6044	6095	2278	2973	1546	3524	2433	3390	1585	3427	2372	2435	1242	1257	1979	1999	815	773	46974
*	5p	-	62	364712	232299	238976	361289	1197276	7860	6187	6143	6074	2294	2987	1662	3652	2383	3223	1543	3308	2351	2361	1279	1234	1933	1940	770	840	45649
*	5p	-	63	359102	226698	233230	357173	1176203	7658	5882	6012	5821	2275	2933	1513	3603	2404	3064	1513	3341	2375	2390	1177	1317	1908	1883	799	771	44336
*	5p	-	64	350146	225478	228304	350784	1154712	7682	5910	5770	5756	2202	2768	1491	3562	2379	3133	1472	3189	2309	2333	1200	1243	1893	1881	765	793	43121
*	5p	-	65	342780	219378	225109	345874	1133141	7603	5656	5822	5561	2243	2640	1441	3486	2381	2969	1515	3110	2315	2304	1156	1211	1814	1876	689	771	41955
*	5p	-	66	337903	214605	220228	338762	1111498	7335	5639	5611	5487	2153	2795	1499	3475	2322	2990	1487	2951	2252	2265	1156	1153	1822	1750	741	812	40849
*	5p	-	67	331593	210088	217045	331117	1089843	7445	5447	5784	5375	2068	2704	1387	3390	2260	2958	1401	3107	2119	2228	1191	1148	1730	1745	748	772	39720
*	5p	-	68	326121	207129	210850	324238	1068338	7227	5349	5477	5402	2032	2536	1364	3231	2233	2817	1383	2895	2202	2166	1143	1122	1812	1717	717	718	38646
*	5p	-	69	319087	202587	206874	318299	1046847	7246	5368	5206	5302	2042	2526	1386	3247	2133	2759	1410	2733	2152	2169	1157	1140	1723	1726	692	697	37600
*	5p	-	70	314352	196620	202101	311939	1025012	6983	5211	5336	5090	1958	2548	1349	3157	2112	2734	1284	2756	2172	2116	1092	1111	1651	1701	732	700	36571
