# table produced by mapDamage version 2.2.1
# using mapped file CviAPal019.merged.L103.realn.bam and reference.ssl.Cvi20k_rename.fasta as reference file
# Chr: reference from sam/bam header, End: from which termini of DNA sequences, Std: strand of reads
Chr	End	Std	Pos	A	C	G	T	Total	G>A	C>T	A>G	T>C	A>C	A>T	C>G	C>A	T>G	T>A	G>C	G>T	A>-	T>-	C>-	G>-	->A	->T	->C	->G	S
*	3p	+	1	200301	171552	207695	225637	805185	13082	2563	3905	3301	1397	1488	1124	1498	1635	1311	975	1524	0	0	0	0	46	36	49	66	150902
*	3p	+	2	259401	163868	143040	238921	805230	9472	2540	2296	2935	1014	1103	582	1590	827	1465	710	1131	11	9	15	12	55	55	29	31	150636
*	3p	+	3	240037	147614	176366	241229	805246	6425	2484	2490	2296	857	1072	703	1643	1000	1176	568	1189	32	17	18	17	42	68	28	21	145244
*	3p	+	4	241317	143217	166877	253711	805122	5032	2525	2395	2101	775	1112	663	1533	959	1081	580	1291	66	57	69	65	64	89	58	72	138140
*	3p	+	5	238385	152155	156514	257991	805045	4410	2529	2249	2264	793	1155	606	1414	854	1114	597	1336	83	99	67	89	98	107	86	72	130345
*	3p	+	6	230939	161998	150170	261889	804996	5458	3913	3277	3582	1394	1769	992	2241	1243	1737	1069	1886	111	119	82	105	115	140	90	67	121585
*	3p	+	7	266324	149323	156226	233052	804925	5762	3312	3453	3003	1286	1593	971	2408	1368	1877	969	1739	161	162	89	110	184	142	91	65	117338
*	3p	+	8	256588	152771	163173	232321	804853	5477	3378	3632	3325	1312	1566	977	2338	1352	1970	993	1787	187	206	109	122	185	186	97	86	112595
*	3p	+	9	264748	152059	162928	224998	804733	5494	3286	3459	3350	1247	1411	1030	2313	1448	1859	1154	1911	252	278	133	153	244	187	111	133	107849
*	3p	+	10	251148	153315	151109	248956	804528	5109	3553	3176	3216	1311	1721	910	2237	1319	1809	1098	1830	313	262	177	190	341	281	134	124	103171
*	3p	+	11	235901	161434	165691	241372	804398	5104	3603	3905	3681	1453	1834	1019	2202	1494	1906	1222	2039	391	347	198	205	361	308	191	151	98385
*	3p	+	12	238648	157699	170850	237009	804206	5285	3630	3823	3598	1385	1686	1018	2308	1533	1843	3221	1949	413	432	232	222	436	379	173	216	94982
*	3p	+	13	244811	155940	163908	239439	804098	5134	3681	3704	3670	1367	1801	972	2127	1472	1900	1130	1972	452	452	202	252	486	459	168	199	91444
*	3p	+	14	243181	157660	164400	238748	803989	4945	3602	3740	3585	1388	1707	954	2251	1504	1831	1067	2048	492	529	266	275	532	478	180	232	87991
*	3p	+	15	246285	154150	159929	243443	803807	4861	3564	3665	3548	1416	1749	1053	2213	1383	1922	1041	1927	555	579	286	295	577	585	236	206	84481
*	3p	+	16	243668	155414	160107	244496	803685	4808	3676	3593	3672	1386	1773	967	2261	1484	1983	2374	1929	620	619	312	287	565	636	243	261	81018
*	3p	+	17	243550	155880	159066	245075	803571	4780	3541	3599	3502	1299	1788	1007	2243	1437	1888	1028	1938	646	680	315	327	690	632	263	255	78083
*	3p	+	18	242566	161760	160185	239016	803527	4535	3629	3685	3612	1410	1748	995	2312	1444	1850	961	1927	751	701	349	356	667	655	266	293	75134
*	3p	+	19	247076	155767	160312	240235	803390	4536	3662	3674	3498	1442	1842	951	2140	1429	1905	872	1909	715	788	351	358	735	713	292	280	72339
*	3p	+	20	239291	160346	158391	241494	799522	4476	3843	3869	3856	1463	1922	1160	2327	1682	2067	1052	2105	797	777	376	371	785	723	276	303	69682
*	3p	+	21	241563	158527	158545	239209	797844	4609	3989	3795	3947	1499	1921	1479	2249	1448	2010	1025	2086	828	851	371	461	749	763	324	334	67023
*	3p	+	22	240981	154664	161482	240070	797197	4560	3920	3888	3740	1584	1964	1023	2366	1503	1993	1482	2132	884	871	443	479	787	773	293	325	64659
*	3p	+	23	242580	157138	157538	239384	796640	4637	3944	3783	3788	1494	1894	1092	2389	1577	2067	1049	2088	893	924	460	472	888	781	296	391	62322
*	3p	+	24	238704	159875	158384	239440	796403	4592	3991	3866	3875	1504	1927	1092	2340	1530	2123	1020	2186	928	967	406	477	855	842	321	337	60104
*	3p	+	25	238825	159428	159965	237803	796021	4696	3927	3919	3755	1450	1913	1105	2424	1447	2024	957	2250	939	976	490	503	890	776	351	360	57981
*	3p	+	26	239059	156940	158130	241403	795532	4461	4297	3944	3841	1460	1918	974	2425	1603	2039	1065	2150	1041	1010	492	517	952	862	387	381	55774
*	3p	+	27	239513	157114	156020	242617	795264	4491	4101	3869	3947	1421	1827	1006	2304	1550	2157	1026	2203	1003	1101	508	575	979	913	351	393	53768
*	3p	+	28	237721	157863	160773	238770	795127	4544	4042	3839	3835	1451	1901	1039	2332	1523	2019	1178	2244	1050	1112	561	546	961	930	349	369	51838
*	3p	+	29	239071	158265	157261	240316	794913	4362	3908	3770	3662	1410	1806	995	2318	1466	1971	983	2087	1095	1130	538	578	960	955	422	352	49999
*	3p	+	30	242917	157115	155681	238938	794651	4335	3893	3787	3821	1497	1822	1001	2281	1499	2015	1040	2042	1144	1120	572	589	1022	978	348	438	48163
*	3p	+	31	241838	153672	160187	236942	792639	4501	3895	4016	3809	1506	1939	998	2206	1477	2015	1017	2159	1184	1183	571	575	960	1003	376	439	46419
*	3p	+	32	236339	156738	156529	241028	790634	4329	3925	3956	3892	1521	1867	1021	2239	1527	2064	981	2214	1155	1171	646	586	1015	1031	410	406	44815
*	3p	+	33	236035	154293	157373	241154	788855	4481	4018	3759	3794	1423	1867	995	2298	1503	2128	934	2211	1192	1203	601	670	1016	1008	421	449	43230
*	3p	+	34	236149	155576	153071	241684	786480	4261	4013	3856	3906	1469	1932	1066	2299	1529	1993	933	2274	1230	1277	623	590	1052	1031	425	441	41655
*	3p	+	35	236306	152689	154212	240867	784074	4327	3957	3888	3875	1470	1882	995	2255	1516	2005	969	2203	1227	1243	623	637	1090	1040	406	454	40293
*	3p	+	36	239083	152771	154536	232660	779050	4369	4048	3869	3890	1448	1860	999	2165	1466	1991	1044	2148	1170	1270	608	644	1003	1063	450	466	38848
*	3p	+	37	234597	150490	155017	234056	774160	4203	3924	3809	4485	1500	1818	949	2181	1442	2159	962	2358	1126	1225	649	625	1071	1041	393	442	37536
*	3p	+	38	237504	152418	149469	229442	768833	4133	3990	3703	3719	1475	1928	1047	2265	1371	1986	979	2124	1220	1218	628	672	1034	1031	462	431	36191
*	3p	+	39	235870	148894	150208	228647	763619	4166	3946	3888	3582	1468	1920	948	2262	1480	2109	969	2096	1251	1205	617	653	1051	1055	403	429	35007
*	3p	+	40	231850	148504	150283	227588	758225	4359	3835	3750	3652	1450	1856	1010	2252	1459	1919	929	2137	1283	1229	629	642	1071	1054	468	402	33791
*	3p	+	41	226540	151851	147542	225216	751149	4130	3996	3663	3736	1515	1862	1019	2314	1482	1948	974	2216	1256	1213	623	670	1069	1046	460	465	32599
*	3p	+	42	224230	146550	149051	224089	743920	4010	3922	3675	3604	1474	1789	939	2142	1471	2071	933	2237	1303	1247	598	703	1054	1062	444	449	31480
*	3p	+	43	223131	144477	143301	225683	736592	4046	3815	3654	3655	1385	1776	966	2067	1394	1902	896	2209	1244	1242	679	613	1130	1047	447	431	30406
*	3p	+	44	221608	143318	143830	220434	729190	3887	3780	4419	3572	1391	1865	906	2000	1346	1786	961	2060	1273	1226	612	631	1058	1034	480	457	29399
*	3p	+	45	222118	140639	140124	218607	721488	3905	3665	3563	3521	1366	1729	936	1985	1437	1865	956	2174	1221	1244	653	625	1088	1052	421	424	28382
*	3p	+	46	219306	140974	137041	215510	712831	3735	3742	3492	3502	1451	1759	909	2104	1410	1849	889	1923	1295	1223	601	620	1027	1026	423	441	27310
*	3p	+	47	217142	137069	135120	214348	703679	3863	3581	3403	3606	1386	1640	851	2065	1309	1861	871	2090	1298	1263	589	584	1050	1036	419	438	26357
*	3p	+	48	210349	139362	135161	209420	694292	3795	3701	3369	3379	1395	1713	847	2165	1308	1831	893	2064	1262	1257	612	631	1012	1118	387	441	25331
*	3p	+	49	207596	133176	131001	212974	684747	3663	3516	3377	4310	1252	1651	858	2029	1421	1878	850	2006	1235	1223	548	648	1079	1039	391	397	24395
*	3p	+	50	209078	131138	129889	204911	675016	3615	3531	3384	3412	1281	1571	844	1966	1275	1722	885	2020	1306	1271	582	622	1017	1055	408	415	23570
*	3p	+	51	203394	132229	128477	201582	665682	3684	3453	3197	3320	1205	1644	832	1994	1256	1653	841	1883	1264	1223	602	693	1067	1017	423	423	22734
*	3p	+	52	199930	130280	127625	198316	656151	3523	3377	3167	3270	1248	1572	967	4411	1221	1602	828	1901	1256	1221	599	638	1056	1003	443	404	21926
*	3p	+	53	199009	126148	125474	195846	646477	3490	3423	3135	3271	1250	1527	888	1860	1216	1789	853	2067	1218	1206	613	621	1063	1036	386	390	21169
*	3p	+	54	196155	125289	121532	193698	636674	3453	3414	3159	3184	1212	1506	801	1813	1211	1698	801	1847	1270	1142	562	602	1020	1009	389	396	20396
*	3p	+	55	189315	126320	119850	191255	626740	3574	3352	2984	3192	1208	1623	742	1769	1117	1632	783	1897	1216	1237	588	596	1001	986	369	401	19676
*	3p	+	56	187628	119955	118032	190723	616338	3326	3222	3011	3182	1174	1576	798	1711	1134	1586	761	1876	1291	1127	586	612	987	925	396	385	19024
*	3p	+	57	185800	116807	114877	188089	605573	3168	3253	2991	3001	1158	1545	702	1655	1150	1526	744	1804	1200	1138	596	557	986	991	342	418	18371
*	3p	+	58	181942	115292	112907	185000	595141	3223	3073	2906	3044	1120	1472	716	1628	1137	1550	711	1783	1206	1192	504	607	986	938	402	366	17726
*	3p	+	59	178967	113348	113857	178162	584334	3070	3116	2874	2826	1075	1407	694	1747	1133	1496	741	1792	1177	1160	544	543	989	925	344	354	17075
*	3p	+	60	176036	114934	108503	173959	573432	3158	3138	2794	3174	1097	1389	719	1654	1066	1476	713	1708	1113	1109	541	559	950	872	363	366	16506
*	3p	+	61	174320	109224	107948	170985	562477	2944	2868	2771	2778	1119	1519	695	1554	1023	1446	691	1750	1144	1063	452	543	941	852	394	385	15904
*	3p	+	62	168258	109368	104506	169093	551225	2915	2896	2641	2788	1025	1397	698	1565	1044	1398	733	1604	1045	1083	556	494	961	864	347	355	15368
*	3p	+	63	166861	104909	102206	165901	539877	2762	2830	2664	2619	1005	1280	665	1564	1015	1520	711	1648	1066	1054	514	494	952	849	344	353	14816
*	3p	+	64	163175	101886	102792	160660	528513	2651	2831	2563	2576	980	1284	666	1535	961	1347	691	1605	1051	1015	495	504	861	890	336	324	14287
*	3p	+	65	161565	100844	97815	156837	517061	2615	2790	2501	2556	1109	1237	686	1379	992	1302	641	1530	983	1003	491	485	858	880	338	321	13758
*	3p	+	66	158208	98511	95332	153765	505816	2582	2655	2494	2387	1065	1229	649	1395	936	1338	631	1529	1031	937	494	482	832	832	298	337	13271
*	3p	+	67	152795	97686	93126	150857	494464	2657	2670	2384	2519	1040	1231	548	1444	888	1222	584	1484	989	975	462	486	752	761	308	353	12830
*	3p	+	68	148269	93531	92637	148632	483069	2557	2551	2344	2398	903	1174	550	1286	982	1223	595	1524	1007	910	457	427	807	799	285	297	12366
*	3p	+	69	144510	91741	91351	144104	471706	2406	2513	2317	2343	893	1158	581	1379	949	1238	626	1546	947	936	476	435	744	725	311	286	11953
*	3p	+	70	141940	88886	86991	142370	460187	2385	2459	2272	2211	891	1181	565	1318	862	1246	599	1444	970	950	438	407	749	712	272	291	11515
*	3p	-	1	181968	152902	188354	200363	723587	13050	2413	3622	3063	1212	1320	968	1373	1500	1286	760	1395	0	0	0	0	77	89	58	59	125451
*	3p	-	2	234618	143076	130564	215525	723783	9309	2145	2088	2786	900	1045	483	1459	851	1250	601	1043	112	131	31	23	37	37	20	11	125284
*	3p	-	3	219326	132276	154418	217809	723829	6054	2231	2312	2256	737	967	637	1479	930	1040	534	1103	54	66	25	21	13	26	14	10	120357
*	3p	-	4	217397	127631	147388	230894	723310	4802	2132	2278	2048	707	956	589	1345	900	1039	501	1206	189	233	84	90	227	198	93	65	114040
*	3p	-	5	213698	136533	140067	232986	723284	4028	2153	2062	2117	699	1040	567	1364	847	1001	543	1121	208	229	107	95	244	232	70	62	107169
*	3p	-	6	209643	139591	135766	238169	723169	5118	3388	2987	3081	1137	1630	785	1922	1156	1634	798	1715	312	290	110	128	302	260	81	81	99316
*	3p	-	7	236152	133421	142293	211253	723119	5449	2895	3084	2956	1093	1540	817	2097	1208	1685	745	1507	357	294	119	148	356	244	82	92	95630
*	3p	-	8	229848	135180	146746	211287	723061	5173	2976	3121	2870	1094	1376	889	1931	1280	1714	835	1577	341	376	126	148	339	295	91	109	91434
*	3p	-	9	236334	134766	147741	203930	722771	5117	2819	3019	3014	1083	1371	834	2090	1227	1698	751	1561	441	405	186	172	473	399	131	121	87250
*	3p	-	10	224151	136153	137623	224775	722702	4696	3084	3043	2965	1110	1486	821	1982	1214	1617	766	1673	432	533	182	194	452	481	130	128	83140
*	3p	-	11	209332	146910	149741	216601	722584	4799	3260	3364	3273	1272	1524	959	2047	1379	1581	942	1797	425	508	249	263	489	479	165	177	78830
*	3p	-	12	214668	141740	152453	213641	722502	4780	3137	3416	3395	1232	1495	944	1994	1404	1683	905	1768	518	574	234	220	536	509	172	175	75883
*	3p	-	13	219519	140370	146521	215898	722308	4741	3301	3371	3233	1160	1631	909	2060	1295	1683	896	1676	581	572	255	270	633	542	197	214	72842
*	3p	-	14	220229	139923	145924	216174	722250	4656	3255	3382	3225	1165	1575	882	2012	1276	1736	878	1809	631	597	316	295	627	578	211	226	69748
*	3p	-	15	219802	140494	146250	215643	722189	4396	3097	3401	3212	1279	1549	935	2043	1323	1709	896	1733	627	611	297	321	661	588	214	242	66877
*	3p	-	16	219611	140927	144840	216707	722085	4468	3174	3366	3241	1206	1532	884	2124	1297	1686	883	1737	667	674	323	345	693	587	249	264	63908
*	3p	-	17	218928	140761	144804	217544	722037	4303	3233	3406	3183	1258	1545	867	2029	1345	1740	891	1738	698	748	340	380	675	675	246	261	61510
*	3p	-	18	218202	141292	144876	217644	722014	4096	3144	3285	3257	1197	1562	858	1998	1265	1704	858	1749	771	769	330	340	671	688	260	258	59050
*	3p	-	19	217965	141952	145138	216817	721872	3994	3098	3242	3029	1191	1559	817	1941	1253	1641	770	1726	790	763	390	405	738	722	298	261	56706
*	3p	-	20	216008	141867	145085	215007	717967	4172	3430	3356	3444	1258	1660	927	2073	1348	1747	908	1922	870	808	415	413	764	780	292	286	54468
*	3p	-	21	215290	141201	145040	214803	716334	4323	3590	3548	3522	1361	1653	943	2023	1497	1783	906	1987	825	866	464	395	839	724	280	327	52256
*	3p	-	22	216512	140058	143250	215761	715581	4321	3374	3538	3467	1323	1642	922	2035	1393	1834	906	1905	854	921	451	452	846	801	277	342	50252
*	3p	-	23	217334	140416	143023	214377	715150	4169	3502	3364	3380	1229	1688	883	2085	1372	1820	935	2107	916	925	434	443	861	829	300	334	48337
*	3p	-	24	216688	140372	142803	215005	714868	4336	3544	3433	3472	1352	1686	978	2077	1349	1771	854	1972	999	936	462	480	868	851	318	321	46446
*	3p	-	25	216808	139350	142907	215348	714413	4241	3360	3568	3416	1342	1634	973	2006	1341	1725	882	1973	1013	887	499	466	888	884	333	360	44683
*	3p	-	26	216749	139877	142827	214676	714129	4216	3605	3498	3361	1325	1651	891	2071	1353	1809	913	2018	1027	992	479	501	895	888	328	361	43015
*	3p	-	27	215601	140610	142511	215265	713987	4103	3472	3455	3505	1308	1706	884	2106	1447	1914	924	1966	1073	1014	489	510	892	854	322	347	41453
*	3p	-	28	215891	140580	142069	215151	713691	4155	3503	3490	3461	1311	1722	954	2124	1374	1862	962	1984	1048	1026	496	537	878	887	365	420	39847
*	3p	-	29	215471	141054	142208	214862	713595	3966	3405	3454	3310	1369	1654	900	2017	1382	1734	891	1907	1061	1068	533	517	883	917	344	371	38429
*	3p	-	30	215961	140945	142768	213712	713386	3929	3475	3375	3371	1356	1680	905	2118	1328	1826	886	2055	1034	1034	524	563	927	894	387	367	36992
*	3p	-	31	214875	140921	142317	213443	711556	4012	3443	3574	3446	1294	1594	932	2039	1306	1681	885	1934	1096	1052	533	544	928	904	353	368	35592
*	3p	-	32	214566	140031	141906	213225	709728	3937	3523	3429	3442	1404	1713	885	1941	1336	1812	867	1999	1086	1076	569	567	888	932	361	384	34323
*	3p	-	33	212910	140975	141338	212841	708064	4005	3466	3474	3352	1347	1701	909	1981	1297	1815	880	1977	1061	1156	566	569	919	1000	392	363	33095
*	3p	-	34	213415	139593	140358	212599	705965	3911	3440	3430	3427	1358	1698	967	2021	1325	1796	807	2018	1161	1138	549	579	948	940	362	378	31866
*	3p	-	35	213565	139347	139958	210845	703715	3918	3458	3345	3342	1267	1605	907	1999	1336	1735	887	1990	1123	1154	606	586	996	912	387	384	30679
*	3p	-	36	212103	138187	139020	209944	699254	3898	3391	3380	3481	1304	1629	920	1918	1313	1827	857	1944	1116	1156	616	512	960	897	370	394	29567
*	3p	-	37	210682	137228	136976	209754	694640	3840	3365	3417	3464	1316	1699	893	1905	1233	1766	887	1992	1133	1121	633	541	946	952	370	364	28529
*	3p	-	38	208764	136255	136127	208689	689835	3862	3461	3363	3424	1289	1607	909	1880	1330	1772	849	1993	1162	1108	580	544	993	946	365	401	27496
*	3p	-	39	207717	135445	134924	207014	685100	3781	3473	3457	3410	1276	1675	932	1936	1296	1750	926	2005	1114	1137	583	584	953	954	359	408	26495
*	3p	-	40	205806	135115	133588	205612	680121	3778	3487	3425	3293	1259	1644	933	1864	1309	1688	884	2000	1125	1091	591	581	973	957	365	398	25521
*	3p	-	41	204851	133225	132830	202953	673859	3765	3456	3370	3401	1279	1631	866	1918	1280	1729	871	1944	1097	1124	553	577	964	942	402	395	24605
*	3p	-	42	202407	132042	131167	201667	667283	3639	3332	3273	3354	1291	1640	833	1821	1297	1739	839	1969	1153	1100	586	543	986	937	391	406	23711
*	3p	-	43	200735	129697	130779	199451	660662	3607	3261	3225	3370	1298	1600	821	1851	1240	1695	805	2058	1064	1114	522	574	952	933	365	401	22850
*	3p	-	44	198724	128962	128282	197934	653902	3693	3345	3207	3310	1180	1591	857	1819	1270	1695	767	1862	1106	1066	561	546	911	879	364	374	22021
*	3p	-	45	196463	128047	126666	195643	646819	3634	3357	3208	3132	1209	1622	845	1713	1229	1679	808	1902	1109	1080	569	543	956	890	362	356	21231
*	3p	-	46	194729	126357	125410	192257	638753	3521	3275	3251	3187	1256	1556	793	1828	1253	1567	857	1868	1072	1095	521	579	958	914	363	342	20495
*	3p	-	47	193278	124514	122307	190540	630639	3427	3230	3158	3191	1227	1561	862	1769	1179	1637	840	1866	1083	1101	580	547	902	892	367	356	19770
*	3p	-	48	190043	122798	121464	187692	621997	3387	3149	3114	3059	1183	1578	818	1710	1193	1664	747	1858	1057	1140	523	569	901	882	371	376	19075
*	3p	-	49	187222	120836	119633	185376	613067	3358	3232	3000	3074	1137	1544	827	1774	1114	1611	809	1845	1108	1067	517	546	869	932	354	397	18361
*	3p	-	50	184495	118805	117571	183110	603981	3313	2992	3075	2958	1136	1540	773	1699	1167	1542	775	1773	1077	1098	548	516	918	875	394	367	17719
*	3p	-	51	181426	117529	115497	180795	595247	3229	3057	3033	3009	1105	1471	788	1697	1110	1594	788	1761	1111	1100	541	506	884	851	379	342	17059
*	3p	-	52	178682	115196	113879	178789	586546	3180	2997	2874	2906	1128	1427	747	1659	1165	1538	727	1668	1112	1065	536	565	840	827	365	358	16436
*	3p	-	53	175667	114303	111640	175978	577588	3209	2976	2847	2870	1119	1378	685	1598	1124	1518	702	1724	1092	1057	492	532	856	769	324	323	15855
*	3p	-	54	173497	111700	110622	172399	568218	3028	2971	2859	2821	1065	1402	706	1643	1107	1449	729	1699	1020	1063	517	575	788	847	357	336	15237
*	3p	-	55	170289	110393	108644	169636	558962	3005	2917	2908	2648	1027	1375	741	1580	1084	1462	675	1695	1061	1018	519	519	796	835	330	302	14681
*	3p	-	56	167923	108146	106429	166753	549251	2995	2877	2791	2665	1049	1422	699	1550	1035	1424	697	1569	1009	1019	515	473	824	785	325	322	14156
*	3p	-	57	164688	106338	104265	164126	539417	3026	2708	2623	2629	1033	1335	635	1539	1030	1409	680	1642	986	931	485	518	810	740	297	311	13660
*	3p	-	58	161696	104622	101870	161348	529536	2894	2696	2524	2570	1074	1324	689	1496	972	1431	659	1629	944	995	513	510	793	726	290	310	13147
*	3p	-	59	159054	101751	100267	158567	519639	2751	2651	2572	2558	986	1293	677	1457	946	1339	642	1615	990	954	493	462	765	746	314	275	12676
*	3p	-	60	155707	100111	98367	155540	509725	2658	2614	2403	2525	979	1284	667	1410	968	1260	635	1510	916	916	484	444	753	699	291	266	12186
*	3p	-	61	152571	98562	96442	151975	499550	2563	2494	2438	2476	956	1211	642	1400	949	1254	631	1552	916	891	427	441	746	671	296	302	11728
*	3p	-	62	150154	96263	94097	148787	489301	2568	2572	2270	2450	981	1223	628	1372	871	1320	649	1434	909	872	469	438	695	715	288	277	11284
*	3p	-	63	146669	94271	91998	145861	478799	2634	2509	2411	2324	960	1139	648	1331	954	1261	618	1437	883	862	413	420	665	690	290	295	10841
*	3p	-	64	143226	91713	90328	143001	468268	2407	2515	2287	2306	855	1152	561	1254	894	1235	566	1473	787	853	429	464	688	641	255	258	10470
*	3p	-	65	139844	89186	88382	140377	457789	2457	2430	2252	2306	928	1046	597	1257	903	1202	548	1410	847	821	393	410	655	633	265	271	10082
*	3p	-	66	137051	87569	85891	136639	447150	2391	2208	2133	2189	823	1105	566	1259	877	1116	576	1298	807	789	419	418	620	608	292	267	9710
*	3p	-	67	134410	85740	83441	132944	436535	2311	2336	2164	2123	795	1067	558	1197	852	1115	549	1290	800	782	392	402	647	629	266	262	9356
*	3p	-	68	130304	83995	81300	130381	425980	2264	2267	2100	2066	754	990	580	1203	776	1113	594	1281	770	751	408	381	603	653	260	221	9018
*	3p	-	69	127809	81296	79394	127124	415623	2164	2243	2097	2132	797	1067	552	1163	815	1054	546	1238	740	744	380	350	571	571	242	239	8682
*	3p	-	70	124315	79444	77175	124402	405336	2158	2227	1996	2039	783	1035	522	1121	781	1072	507	1230	738	695	367	373	563	562	181	229	8381
*	5p	+	1	220556	209444	177168	197849	805017	2783	3117	3555	4414	1897	1209	945	2199	1599	1465	1203	1234	0	0	0	0	131	104	75	68	134146
*	5p	+	2	242196	140562	162412	260071	805241	2656	4286	3156	2377	946	1354	726	1339	1067	1342	590	1524	136	174	33	27	47	55	19	23	133934
*	5p	+	3	242557	171431	144341	247007	805336	2615	3171	2439	2752	1085	1112	584	1529	833	1232	747	2059	98	76	22	30	29	24	7	12	129336
*	5p	+	4	261712	159789	140589	242661	804751	2641	3025	2260	2516	995	1102	571	1561	811	1272	649	1763	314	246	110	104	269	237	69	83	123385
*	5p	+	5	263023	153600	152806	235275	804704	2617	2737	2510	2387	924	1061	607	1494	832	1233	663	1808	295	277	108	111	261	272	81	91	116827
*	5p	+	6	270754	146051	155897	231875	804577	3863	3745	3581	3222	1251	1588	938	2129	1335	1928	920	2500	367	326	133	133	321	317	92	104	109404
*	5p	+	7	236459	155466	145879	266689	804493	3251	4052	3245	3475	1264	1773	847	1991	1222	1764	841	2513	332	375	141	135	289	402	121	106	105652
*	5p	+	8	236737	162673	151583	253403	804396	3441	3767	3428	3603	1327	1669	886	1972	1231	1752	993	2426	371	384	162	149	364	387	155	109	101518
*	5p	+	9	225957	164185	147438	266563	804143	3208	4110	3404	3555	1432	1850	855	2019	1248	1679	948	2433	467	502	193	188	462	464	180	162	97414
*	5p	+	10	253286	150805	150840	249018	803949	3678	3772	3191	3357	1264	1695	838	2058	1341	1779	867	2388	541	539	216	239	565	546	186	164	93396
*	5p	+	11	242486	168201	164453	228712	803852	3643	3831	3713	3869	1416	1653	1063	2194	1436	1752	1099	2385	615	557	265	293	531	576	224	226	89098
*	5p	+	12	238757	169632	157851	237539	803779	3550	3959	3716	3971	1442	1701	1002	2072	1440	1826	1252	2468	629	604	288	305	568	584	236	243	86091
*	5p	+	13	241920	162493	156898	242276	803587	3637	3831	3671	3734	1370	1717	984	2172	1372	1837	992	2337	692	588	323	291	667	673	248	234	82864
*	5p	+	14	242742	161272	155014	244554	803582	3676	4008	3740	3719	1358	1768	962	2195	1412	1794	921	2281	705	697	309	320	680	647	252	248	79747
*	5p	+	15	241674	161876	155725	244226	803501	3478	3895	3516	3718	1449	1711	1018	2124	1399	1901	1002	2401	738	773	327	330	688	687	250	284	76663
*	5p	+	16	242317	160270	156290	244534	803411	3777	3981	3693	3750	1365	1736	953	2199	1414	1841	957	2416	762	803	361	400	741	727	261	268	73516
*	5p	+	17	243099	160773	156260	243234	803366	3655	3909	3650	3762	1474	1665	1235	2032	1535	1798	939	2338	832	813	376	413	750	747	271	276	70950
*	5p	+	18	242659	162449	156890	241289	803287	3720	3929	3610	3673	1305	1705	968	2106	1358	1814	939	2277	805	839	404	397	774	794	267	287	68473
*	5p	+	19	243078	161725	156298	241982	803083	3641	3618	3534	3542	1293	1795	919	2089	1271	1858	927	2322	898	881	444	415	831	841	342	311	65955
*	5p	+	20	240349	161318	157018	240485	799170	3961	4008	3826	3938	1510	1837	982	2266	1415	1870	1025	2303	903	937	464	433	864	910	355	308	63522
*	5p	+	21	241345	160820	156279	239081	797525	4123	4081	4017	3981	1580	1880	1007	2348	1406	1980	1098	2380	919	962	493	527	881	892	363	351	61153
*	5p	+	22	241181	160125	155271	240233	796810	4012	4231	4042	3895	1502	1934	973	2271	1494	1867	1015	2239	1022	1020	472	492	954	906	341	362	58971
*	5p	+	23	240963	158779	156274	240470	796486	4064	4049	3926	4012	1489	1877	1057	2351	1489	2074	1025	2492	1061	1066	485	514	937	908	344	326	56877
*	5p	+	24	241050	158473	156568	240020	796111	4159	4059	3868	3820	1474	1913	987	2220	1472	1968	1015	2328	1062	1096	538	515	981	929	376	364	54835
*	5p	+	25	241346	159158	154848	240400	795752	3979	3992	3782	3875	1491	1809	1096	2277	1469	1963	1096	2403	1091	1093	532	508	979	957	339	370	52950
*	5p	+	26	240960	158751	155101	240664	795476	4075	4062	3852	3907	1570	1930	958	2307	1535	2007	1067	2361	1102	1092	518	554	942	945	356	396	51044
*	5p	+	27	241051	158435	155324	240294	795104	4155	4112	3909	3933	1544	1903	982	2311	1556	2027	1043	2317	1102	1106	518	549	962	1058	393	384	49264
*	5p	+	28	241212	157351	155892	240516	794971	4286	4024	3778	3919	1480	1871	1021	2427	1520	1931	1036	2371	1159	1118	577	557	983	995	400	388	47632
*	5p	+	29	241308	158218	155900	239306	794732	3990	3980	3809	3868	1496	1901	975	2241	1405	1962	1082	2440	1207	1113	571	612	994	1064	418	395	45991
*	5p	+	30	239771	158138	156207	240420	794536	4151	4069	3811	3788	1412	1881	972	2233	1503	2033	1079	2411	1176	1219	561	575	1055	1023	407	416	44420
*	5p	+	31	239331	158630	155531	238976	792468	4093	4024	3907	4016	1475	1845	957	2348	1516	1918	1111	2298	1216	1174	608	629	1086	1017	428	420	42836
*	5p	+	32	238428	158033	155255	238760	790476	4163	3892	3987	3914	1489	1888	983	2271	1426	1958	1018	2290	1175	1230	646	587	1078	1053	466	421	41445
*	5p	+	33	238858	157558	154882	237433	788731	4022	3944	3800	3788	1489	1810	1030	2288	1628	1990	1092	2371	1224	1268	624	660	1098	1054	458	407	39999
*	5p	+	34	239189	156458	155007	235786	786440	4193	3954	3794	3808	1484	1829	1011	2234	1407	1993	1039	2271	1350	1258	589	578	1134	1009	408	436	38637
*	5p	+	35	236609	156365	153924	237149	784047	4231	3906	3791	3789	1466	1831	1023	2205	1483	2031	1013	2224	1295	1239	610	637	1078	1089	437	416	37357
*	5p	+	36	234669	154812	152519	237017	779017	4146	3887	3771	3775	1464	1823	1011	2254	1454	1894	1099	2191	1233	1249	622	643	1107	1026	432	447	36124
*	5p	+	37	234610	153655	150900	234974	774139	4246	4006	3872	3910	1458	1786	927	2332	1524	1980	1016	2146	1243	1244	659	646	1089	1041	440	398	34905
*	5p	+	38	233488	152092	150147	233107	768834	4224	4000	3794	3824	1429	1830	1034	2214	1603	1963	1059	2143	1270	1274	619	654	1052	1037	410	460	33742
*	5p	+	39	231545	151288	150212	230531	763576	4305	3914	3713	3787	1305	1841	1073	2228	1447	1952	1047	2199	1313	1292	618	597	1021	1075	450	434	32658
*	5p	+	40	230582	149331	149392	228952	758257	4299	3841	3775	3753	1494	1794	985	2283	1460	1917	1050	2077	1264	1283	657	668	1024	1066	448	422	31561
*	5p	+	41	228903	147799	147434	227146	751282	4155	3774	3754	3892	1435	1810	981	2190	1516	1991	1035	2119	1318	1284	593	689	1022	1041	432	410	30517
*	5p	+	42	226682	146484	146455	224376	743997	4254	3806	3732	3678	1398	1866	944	2177	1434	1856	956	2138	1299	1263	638	677	1041	1070	422	398	29552
*	5p	+	43	224008	145590	143849	223218	736665	4121	3779	3560	3624	1337	1796	967	2342	1492	1903	991	2005	1269	1274	606	668	1019	1079	456	426	28594
*	5p	+	44	221398	143584	143217	221001	729200	4254	3767	3560	3657	1381	1873	925	2066	1411	1982	976	1986	1233	1228	629	649	1115	1072	429	403	27665
*	5p	+	45	219188	141316	142097	218919	721520	4277	3533	3451	3649	1417	1761	930	2141	1324	2008	991	1998	1234	1228	634	679	1033	1074	414	429	26798
*	5p	+	46	217671	139698	139651	215793	712813	4230	3730	3484	3756	1365	1754	879	2096	1345	1790	943	1967	1217	1313	540	641	1025	1060	417	435	25935
*	5p	+	47	214326	137509	137395	214463	703693	4190	3708	3485	3490	1394	1661	922	2136	1346	1857	1044	1984	1230	1274	610	604	1089	990	409	442	25045
*	5p	+	48	210656	135337	136441	211960	694394	4160	3647	3483	3492	1306	1642	813	2124	1325	1871	996	1931	1271	1178	637	587	1042	1032	388	393	24250
*	5p	+	49	208369	133593	134720	208127	684809	4098	3543	3347	3460	1282	1658	882	2028	1277	1773	953	1739	1191	1198	616	609	1040	1006	417	382	23499
*	5p	+	50	205285	132340	131815	205643	675083	4156	3532	3396	3319	1214	1672	838	2083	1280	1810	929	1827	1191	1218	584	603	1009	959	408	453	22773
*	5p	+	51	202961	129390	130992	202451	665794	4092	3368	3280	3220	1225	1642	825	1863	1275	1753	901	1840	1178	1195	579	620	980	1008	399	432	22038
*	5p	+	52	199941	127802	128698	199944	656385	3979	3363	3175	3235	1278	1608	878	1934	1217	1719	932	1829	1158	1185	575	612	998	933	382	364	21304
*	5p	+	53	197052	125299	127694	196595	646640	4115	3262	3143	3228	1214	1683	856	1934	1234	1688	909	1847	1140	1169	597	610	1011	957	355	388	20612
*	5p	+	54	193863	123931	124670	194349	636813	4007	3320	3149	3230	1301	1591	835	1920	1269	1655	876	1692	1127	1189	553	597	955	921	381	420	19960
*	5p	+	55	191233	120792	123780	191125	626930	4086	3140	3139	3135	1161	1543	753	1820	1220	1708	921	1750	1135	1114	541	573	914	936	337	375	19330
*	5p	+	56	188835	118569	120841	188224	616469	3967	3095	3036	3114	1264	1487	797	1857	1179	1593	933	1772	1113	1093	567	506	881	911	352	419	18699
*	5p	+	57	185857	116973	118254	184701	605785	3933	3282	2964	3024	1157	1514	790	1770	1167	1580	801	1650	1086	1058	540	534	903	913	343	368	18149
*	5p	+	58	181698	114135	117568	181912	595313	4003	3027	2896	2866	1118	1463	737	1799	1142	1519	909	1645	1116	1053	524	558	936	848	390	347	17588
*	5p	+	59	178647	112580	114384	178917	584528	3751	3020	2879	2862	1087	1447	765	1721	1122	1550	917	1577	1049	1089	549	542	904	817	323	378	17034
*	5p	+	60	175704	109907	112485	175555	573651	3656	2956	2845	2754	1028	1473	758	1711	1076	1516	808	1601	1085	1039	525	521	867	813	333	321	16512
*	5p	+	61	173352	108234	109635	171520	562741	3613	2873	2847	2641	1074	1325	716	1659	1081	1547	837	1533	1051	1003	529	525	872	782	312	343	15966
*	5p	+	62	168884	105774	107880	168947	551485	3653	2724	2733	2712	1021	1468	699	1583	1088	1494	818	1525	1057	991	500	601	860	766	284	342	15497
*	5p	+	63	165407	103768	105952	165090	540217	3595	2783	2689	2603	985	1319	681	1658	1093	1433	758	1429	1042	1071	505	503	811	764	282	304	15002
*	5p	+	64	161545	101542	103608	162058	528753	3578	2796	2564	2659	994	1264	709	1581	1015	1373	693	1435	1032	954	512	528	800	782	302	287	14518
*	5p	+	65	159302	99088	100953	158025	517368	3647	2652	2556	2411	997	1280	721	1661	1019	1348	689	1291	1005	1011	485	449	756	724	316	292	14073
*	5p	+	66	155414	97050	98780	154846	506090	3333	2560	2475	2450	964	1304	688	1501	1022	1385	733	1313	933	959	478	498	737	722	288	276	13655
*	5p	+	67	152607	94353	96748	150961	494669	3301	2538	2419	2385	921	1181	670	1488	886	1340	735	1263	957	933	476	458	676	725	288	279	13255
*	5p	+	68	149290	91595	94809	147585	483279	3447	2382	2421	2316	916	1150	602	1336	914	1288	732	1317	902	912	490	463	735	667	274	300	12878
*	5p	+	69	145164	90221	92483	143963	471831	3385	2408	2390	2318	875	1099	657	1410	883	1336	668	1241	894	903	446	441	710	713	260	257	12464
*	5p	+	70	142568	87558	89844	140302	460272	3130	2315	2326	2262	895	1164	613	1341	906	1224	661	1213	908	837	450	412	707	654	293	284	12078
*	5p	-	1	197221	188997	161139	176364	723721	2522	2733	3164	3887	1610	1107	885	1973	1363	1397	1088	1066	0	0	0	0	40	36	35	48	122234
*	5p	-	2	216697	126273	147860	232894	723724	2356	3773	2891	2249	809	1230	662	1079	996	1166	586	1444	9	11	8	17	42	41	29	31	122022
*	5p	-	3	216408	156871	131135	219336	723750	2366	2868	2193	2511	855	1048	584	1334	743	1063	699	1654	22	21	17	23	63	37	27	18	117753
*	5p	-	4	232465	145577	128389	217200	723631	2353	2759	2014	2278	836	940	559	1389	721	1114	576	1546	60	50	64	68	95	58	56	55	112535
*	5p	-	5	234943	139359	138893	210392	723587	2340	2487	2117	2170	820	942	572	1355	745	1171	553	1673	53	74	67	70	102	64	64	77	106723
*	5p	-	6	241514	131868	143431	206737	723550	3654	3315	3273	2869	1130	1434	887	1854	1252	1713	757	2270	103	133	73	78	140	87	56	62	100053
*	5p	-	7	209119	139960	132811	241535	723425	3010	3528	2644	3041	1193	1606	780	1649	1133	1471	806	2145	149	131	102	86	144	147	94	84	96735
*	5p	-	8	210582	146670	137798	228284	723334	2966	3568	3074	3218	1221	1642	824	1620	1137	1444	824	2177	187	177	87	98	218	181	76	86	92966
*	5p	-	9	202048	147926	134646	238567	723187	2987	3614	3084	3165	1223	1577	888	1725	1121	1377	763	2236	222	232	161	126	254	250	103	101	89112
*	5p	-	10	226981	135558	137090	223407	723036	3322	3372	2835	3004	1061	1488	823	1846	1130	1631	755	2130	267	329	164	137	255	345	127	132	85283
*	5p	-	11	216889	151261	148309	206429	722888	3349	3368	3400	3471	1356	1505	967	1858	1365	1647	921	2100	314	401	166	174	342	338	183	143	81352
*	5p	-	12	213020	154323	143117	212353	722813	3362	3478	3379	3576	1321	1611	1601	1792	1261	1688	860	2243	402	418	204	165	360	376	199	148	78516
*	5p	-	13	216824	146882	140760	218306	722772	3378	3409	3417	3319	1258	1577	920	1805	1326	1600	829	2014	383	431	221	205	390	417	175	142	75504
*	5p	-	14	215933	146953	142030	217736	722652	3340	3567	3148	3317	1300	1637	962	1749	1233	1628	837	2140	448	474	222	215	449	428	180	187	72576
*	5p	-	15	217991	145979	139738	218841	722549	3269	3424	3193	3272	1216	1585	867	1844	1215	1606	891	2050	506	501	206	241	464	467	214	199	69768
*	5p	-	16	219077	144895	140353	218101	722426	3325	3425	3294	3369	1278	1583	1538	1862	1284	1599	841	2081	500	556	294	266	502	520	235	210	66963
*	5p	-	17	219384	144832	141266	216763	722245	3480	3377	3117	3224	1285	1564	933	1776	1177	1656	857	1988	583	552	284	282	596	618	224	210	64642
*	5p	-	18	216898	145767	143200	216289	722154	3437	3450	3239	3287	1261	1596	796	1867	1162	1572	830	2074	656	642	303	316	630	591	260	256	62324
*	5p	-	19	216430	145492	141052	219189	722163	3352	3391	3086	3187	1206	1540	799	1758	1267	1729	831	1959	667	682	328	323	634	596	256	244	60010
*	5p	-	20	216590	144345	143228	214036	718199	3608	3515	3320	3603	1421	1750	881	1865	1290	1803	994	2177	724	697	370	348	707	670	243	273	57773
*	5p	-	21	215643	144562	141608	214733	716546	3685	3619	3564	3574	1243	1746	878	1934	1337	1857	1031	2171	728	764	389	366	734	660	306	261	55609
*	5p	-	22	215381	144141	140360	215885	715767	3600	3657	3361	3495	1289	1670	1037	1954	1471	1807	878	2099	772	805	386	393	746	739	262	333	53624
*	5p	-	23	215114	143367	140769	215994	715244	3713	3648	3515	3415	1334	1629	907	1932	1305	1763	989	2200	801	818	401	427	773	823	357	281	51684
*	5p	-	24	215956	143318	141540	214226	715040	3630	3518	3602	3378	1308	1700	854	1961	1362	1780	912	2160	833	834	446	420	773	807	307	301	49865
*	5p	-	25	214338	144286	141503	214530	714657	3703	3594	3527	3526	1279	1669	908	2010	1319	1771	916	2125	857	857	465	448	795	785	332	309	48068
*	5p	-	26	216023	143683	140498	214092	714296	3732	3602	3353	3480	1334	1791	846	1971	1253	1823	917	2097	900	875	444	478	798	842	324	339	46297
*	5p	-	27	217079	141475	141307	214165	714026	3666	3669	3547	3407	1314	1715	881	1943	1294	1810	890	2088	914	895	487	472	821	851	343	360	44676
*	5p	-	28	215338	143655	141398	213458	713849	3750	3514	3515	3483	1318	1708	934	1985	1326	1867	906	2080	914	893	527	496	842	826	367	356	43105
*	5p	-	29	215103	142094	141095	215326	713618	3721	3439	3341	3413	1322	1696	896	1927	1309	1780	856	1954	948	1006	517	462	884	855	365	386	41658
*	5p	-	30	215220	141779	140929	215573	713501	3639	3492	3428	3412	1286	1701	855	1927	1335	1659	948	1979	955	1022	493	491	897	822	387	352	40258
*	5p	-	31	213462	143053	139635	215454	711604	3770	3572	3472	3592	1241	1781	808	2012	1305	1770	865	1993	1029	1084	472	489	854	924	379	344	38785
*	5p	-	32	215611	140902	141313	211989	709815	3845	3568	3291	3533	1299	1682	817	1924	1282	1757	938	2007	958	1048	540	519	904	879	317	373	37465
*	5p	-	33	215364	142022	139283	211484	708153	3771	3622	3436	3457	1368	1733	909	1946	1424	1811	931	2066	1045	1047	538	512	938	916	380	347	36178
*	5p	-	34	215856	139259	139295	211491	705901	3775	3445	3279	3287	1389	1694	904	1958	1319	1734	955	2100	1069	1023	539	553	997	966	342	387	34965
*	5p	-	35	214570	139354	138456	211320	703700	3815	3460	3461	3442	1315	1732	873	2032	1287	1752	869	1916	1135	1069	550	534	959	961	397	377	33814
*	5p	-	36	210313	139064	137442	212426	699245	3933	3552	3417	3338	1299	1650	898	1950	1389	1765	929	2022	1181	1127	552	544	950	934	362	382	32624
*	5p	-	37	210120	138794	135989	209739	694642	3823	3453	3751	3391	1291	1654	812	2039	1343	1755	901	1939	1147	1118	580	542	958	911	376	381	31581
*	5p	-	38	207931	135346	136246	210363	689886	3802	3469	3344	3342	1266	1547	848	1917	1300	1755	895	1916	1141	1147	558	512	920	939	396	399	30558
*	5p	-	39	206560	134896	134752	208916	685124	3911	3387	3201	3392	1266	1575	844	1901	1322	1751	864	1926	1084	1080	573	552	909	945	391	404	29529
*	5p	-	40	206138	135056	133354	205591	680139	3848	3498	3314	3350	1289	1645	855	1956	1265	1730	828	1907	1131	1107	561	542	986	906	401	382	28563
*	5p	-	41	203181	133720	134947	202012	673860	4003	3350	3318	3352	1292	1610	878	1915	1391	1785	840	1970	1126	1102	558	570	990	941	395	377	27604
*	5p	-	42	201893	132388	132083	200934	667298	3920	3374	3284	3285	1223	1701	857	1918	1318	1668	876	1912	1109	1124	569	571	971	958	403	371	26684
*	5p	-	43	200559	130255	129910	199854	660578	3962	3228	3210	3347	1260	1616	793	1907	1340	1738	815	1795	1095	1112	602	560	1003	952	388	396	25770
*	5p	-	44	198574	128565	129028	197484	653651	3928	3405	3194	3802	1231	1570	807	1796	1227	1664	824	1731	1120	1123	587	573	1004	965	422	387	24961
*	5p	-	45	196207	126424	127132	196899	646662	3699	3225	3147	3188	1175	1584	784	1920	1277	1711	834	1738	1151	1088	574	566	979	973	384	382	24132
*	5p	-	46	194080	124126	126707	193763	638676	3921	3273	3183	3135	1165	1533	826	1823	1287	1654	853	1794	1103	1091	580	549	962	924	369	400	23354
*	5p	-	47	191790	122489	124083	192238	630600	3778	3049	3064	3059	1162	1549	813	1847	1240	1644	724	1788	1205	1168	572	508	947	868	363	381	22588
*	5p	-	48	189268	120769	122729	189193	621959	3855	3057	3100	3042	1168	1529	812	1786	1228	1657	762	1848	1142	1063	633	580	994	859	348	367	21837
*	5p	-	49	188663	118788	120238	185418	613107	3832	3042	3318	2994	1212	1523	818	1804	1141	1614	790	1724	1124	1097	522	535	902	902	350	361	21121
*	5p	-	50	184385	117238	117828	184583	604034	3671	2981	3003	2936	1097	1454	736	1748	1134	1610	724	1614	1140	1094	591	545	949	899	319	338	20430
*	5p	-	51	181204	115515	117969	180493	595181	3684	2909	2938	2930	1071	1442	777	1716	1219	1472	735	1666	1112	1132	593	540	903	882	356	385	19760
*	5p	-	52	178366	113887	116402	177803	586458	3618	2955	2961	2876	1105	1461	749	1696	1168	1484	828	2370	1080	1085	536	590	865	912	367	336	19101
*	5p	-	53	175887	111947	113620	175920	577374	3678	2852	2819	2833	1044	1395	762	1632	1108	1485	717	1565	1078	1063	546	534	844	951	357	334	18451
*	5p	-	54	173564	109268	112247	173077	568156	3613	2846	2789	2638	1069	1404	692	1565	1108	1491	725	1614	1059	1092	523	549	832	852	358	346	17853
*	5p	-	55	170166	107731	111614	169291	558802	3652	2925	2831	2700	1041	1371	670	1620	1099	1474	679	1470	1053	1062	532	549	857	889	338	340	17250
*	5p	-	56	168287	105674	107941	167298	549200	3712	2726	2746	2676	1017	1326	676	1563	1039	1496	691	1480	1027	1067	568	474	817	823	332	335	16707
*	5p	-	57	165653	103024	105680	164837	539194	3566	2676	2726	2659	1006	1330	695	1582	1079	1488	699	1546	1012	1051	523	500	861	885	300	335	16168
*	5p	-	58	163590	101183	103345	161209	529327	3407	2680	2572	2564	1021	1256	686	1609	1006	1366	658	1440	1040	1011	530	510	790	869	345	326	15639
*	5p	-	59	158837	100418	102208	158048	519511	3394	2619	2482	2551	939	1209	655	1493	966	1352	614	1372	1055	1030	509	507	776	774	334	342	15124
*	5p	-	60	156102	97154	101415	154889	509560	3465	2549	2500	2521	916	1217	643	1496	989	1385	619	1395	980	949	541	482	776	796	307	297	14642
*	5p	-	61	153100	95210	97780	153352	499442	3338	2421	2394	2382	865	1250	595	1458	971	1294	627	1284	966	959	497	465	775	747	318	286	14176
*	5p	-	62	150042	93503	96919	148664	489128	3377	2385	2411	2341	872	1187	675	1405	937	1290	589	1298	967	925	490	476	763	751	322	292	13715
*	5p	-	63	147257	91303	93856	146264	478680	3276	2407	2348	2317	920	1220	596	1376	962	1221	557	1316	965	960	422	476	717	763	271	305	13287
*	5p	-	64	142849	90460	91711	143045	468065	3220	2417	2227	2307	836	1130	593	1461	896	1227	541	1149	880	921	482	490	748	727	276	295	12808
*	5p	-	65	140421	87211	89284	140728	457644	3144	2277	2299	2184	835	1090	578	1354	906	1162	572	1159	902	911	402	505	724	712	260	275	12397
*	5p	-	66	136820	85117	88225	136822	446984	3196	2168	2148	2037	813	1165	619	1410	997	1239	563	1129	848	926	452	446	723	657	268	302	11998
*	5p	-	67	134216	82862	85932	133366	436376	3094	2072	2190	2097	814	1082	546	1318	885	1194	549	1229	868	914	421	393	733	681	275	272	11582
*	5p	-	68	131423	81162	83308	129861	425754	2985	2093	2037	2107	745	1033	570	1306	860	1165	524	1149	830	893	387	443	715	720	259	269	11225
*	5p	-	69	127863	79422	81313	126812	415410	3077	1965	2064	2024	822	975	510	1281	824	1060	511	1102	819	843	423	424	695	647	250	243	10908
*	5p	-	70	125328	76536	79033	124175	405072	2949	2004	1941	2006	757	951	535	1208	854	1075	451	1053	858	796	426	357	730	621	234	214	10552
