# table produced by mapDamage version 2.2.1
# using mapped file CviAPal008.merged.L103.realn.bam and reference.ssl.Cvi20k_rename.fasta as reference file
# Chr: reference from sam/bam header, End: from which termini of DNA sequences, Std: strand of reads
Chr	End	Std	Pos	A	C	G	T	Total	G>A	C>T	A>G	T>C	A>C	A>T	C>G	C>A	T>G	T>A	G>C	G>T	A>-	T>-	C>-	G>-	->A	->T	->C	->G	S
*	3p	+	1	41736	33369	40738	44887	160730	2112	402	672	525	265	230	163	287	310	278	200	257	0	0	0	0	5	3	9	6	55672
*	3p	+	2	53027	33341	29185	45208	160761	1510	359	321	416	147	149	103	289	166	210	133	180	0	0	1	0	1	5	0	6	55588
*	3p	+	3	48884	28992	37218	45667	160761	990	369	393	393	122	160	107	275	173	189	124	191	1	0	0	1	1	8	0	2	54449
*	3p	+	4	48803	28665	36030	47242	160740	754	360	331	308	148	164	98	241	159	186	113	210	4	7	15	11	13	8	6	7	53140
*	3p	+	5	48691	29748	33280	49002	160721	599	355	343	341	130	152	102	216	160	162	127	212	9	8	8	7	13	17	20	8	51671
*	3p	+	6	46462	34114	30567	49586	160729	859	668	596	582	228	306	160	434	237	358	231	388	13	23	11	12	11	21	9	12	50109
*	3p	+	7	54079	31165	31466	44007	160717	904	608	597	517	236	283	182	408	267	340	210	367	19	17	12	4	13	21	18	9	49131
*	3p	+	8	51152	31105	34035	44427	160719	890	564	585	550	229	240	170	426	286	399	254	352	28	26	9	11	24	19	3	12	48126
*	3p	+	9	52922	29852	33660	44234	160668	868	536	637	613	229	250	190	418	270	372	297	392	27	42	25	15	40	27	17	28	47117
*	3p	+	10	51347	31161	30722	47427	160657	758	567	575	552	238	300	158	401	255	359	252	367	50	37	26	33	52	24	28	19	46097
*	3p	+	11	47945	31455	33574	47630	160604	816	585	641	637	247	335	174	426	294	422	287	389	70	35	28	38	61	51	39	24	45065
*	3p	+	12	46259	31335	36916	46097	160607	829	626	687	676	266	279	202	404	306	395	1521	406	61	59	33	47	64	51	28	27	44237
*	3p	+	13	48089	31529	34762	46223	160603	808	580	659	700	280	307	175	434	299	387	248	376	67	56	37	34	56	66	29	26	43379
*	3p	+	14	47386	31399	35606	46170	160561	755	628	615	660	267	294	187	412	318	378	213	460	69	62	48	46	90	65	24	31	42601
*	3p	+	15	48796	30623	32780	48342	160541	774	594	680	632	264	304	291	440	295	351	191	360	66	71	57	41	80	74	40	46	41781
*	3p	+	16	47905	30450	33488	48691	160534	758	560	639	668	271	293	202	415	312	387	1279	385	71	103	46	48	77	80	45	42	40974
*	3p	+	17	48030	31125	33022	48348	160525	728	591	727	623	256	322	194	387	299	405	197	364	98	98	58	54	90	93	39	32	40269
*	3p	+	18	48396	33540	32636	45921	160493	730	643	619	644	275	298	248	485	278	376	178	346	96	105	45	50	89	84	38	73	39531
*	3p	+	19	50959	31274	32625	45627	160485	730	671	608	667	276	295	210	447	284	375	189	378	102	102	63	52	90	94	49	61	38797
*	3p	+	20	44755	32669	31728	43466	152618	755	669	654	735	270	326	330	507	336	390	174	420	101	114	67	49	113	102	50	46	38104
*	3p	+	21	46183	29967	31403	42166	149719	819	670	690	760	303	318	472	517	287	390	212	442	121	129	70	74	101	113	61	55	37420
*	3p	+	22	44701	29114	32134	42651	148600	728	641	716	696	260	324	229	473	306	377	321	432	132	114	76	79	113	116	57	49	36786
*	3p	+	23	44966	30398	30879	41717	147960	777	710	679	668	296	311	237	499	290	410	206	394	153	145	84	66	127	123	55	75	36104
*	3p	+	24	42320	31981	30906	42345	147552	790	665	719	711	291	314	211	485	299	376	176	407	141	161	94	78	123	151	60	68	35417
*	3p	+	25	42165	32265	31601	40986	147017	805	731	666	677	254	305	183	509	295	435	185	465	177	129	107	89	128	126	67	54	34783
*	3p	+	26	42076	29585	31779	43081	146521	794	760	699	691	280	332	192	467	304	429	211	449	156	153	80	90	135	131	61	63	34158
*	3p	+	27	42918	30098	29576	43502	146094	746	652	782	749	281	310	202	435	304	398	208	404	145	172	102	111	156	141	67	66	33555
*	3p	+	28	41690	30423	32565	41065	145743	761	685	690	691	251	308	196	472	281	408	239	407	172	169	95	106	147	155	61	84	32970
*	3p	+	29	41063	30861	31067	42502	145493	722	718	659	667	268	284	200	457	301	412	188	402	170	181	88	119	172	157	80	67	32328
*	3p	+	30	44351	29840	29358	41608	145157	763	689	706	677	297	284	193	444	278	390	189	410	164	176	96	97	187	167	73	89	31722
*	3p	+	31	43332	28494	31843	40879	144548	735	656	828	701	271	304	198	438	480	418	166	415	203	151	113	100	167	170	88	75	31210
*	3p	+	32	40526	29311	30722	43397	143956	778	666	693	699	240	291	193	485	330	429	172	447	181	173	135	115	167	173	76	91	30621
*	3p	+	33	40573	28028	30588	44162	143351	785	663	680	700	250	282	191	424	332	437	174	388	203	186	99	107	162	148	74	80	30062
*	3p	+	34	41347	28420	28781	44128	142676	663	705	652	744	268	307	227	462	322	395	154	464	187	187	118	119	187	170	78	73	29547
*	3p	+	35	41198	28133	29132	43512	141975	726	684	631	743	280	324	167	426	312	372	199	430	190	191	126	97	196	164	71	91	29047
*	3p	+	36	43219	28266	30146	39123	140754	777	703	669	703	264	327	196	449	325	360	184	406	181	200	122	118	171	160	72	91	28525
*	3p	+	37	40565	27407	31132	40632	139736	767	634	662	1532	297	317	185	421	311	339	169	556	213	201	106	109	204	173	83	84	27988
*	3p	+	38	42582	28898	28354	38752	138586	698	700	667	621	263	317	270	463	301	362	145	419	203	184	119	137	198	182	89	80	27480
*	3p	+	39	42649	27115	29233	38698	137695	714	625	672	635	250	314	186	424	293	355	189	393	207	196	110	117	211	181	73	79	27003
*	3p	+	40	41236	27579	28296	39619	136730	722	684	642	704	244	280	166	454	270	401	174	415	196	191	105	128	192	180	84	69	26486
*	3p	+	41	38110	29778	29273	38381	135542	719	689	624	661	272	290	163	432	317	329	174	403	199	201	113	110	192	201	62	75	25973
*	3p	+	42	38415	27657	29802	38388	134262	717	681	706	617	263	323	193	356	291	362	164	410	177	211	125	115	211	180	80	100	25484
*	3p	+	43	39101	26811	27367	39827	133106	632	735	655	652	267	282	154	414	267	356	144	386	232	189	115	113	223	175	86	73	25009
*	3p	+	44	38460	27050	28792	37533	131835	698	668	961	661	259	282	176	350	267	395	184	389	189	196	121	109	207	192	64	104	24571
*	3p	+	45	40285	25937	26724	37533	130479	694	656	656	644	269	247	214	385	297	360	170	402	188	213	107	124	185	189	79	98	24097
*	3p	+	46	38998	26915	25826	37304	129043	650	651	634	650	260	288	196	466	268	374	166	368	199	190	129	119	167	178	90	98	23591
*	3p	+	47	39458	25505	25461	37160	127584	635	615	606	621	243	286	169	424	257	299	199	349	225	184	121	144	177	171	87	77	23140
*	3p	+	48	36482	28110	25571	35908	126071	663	615	576	585	268	297	220	458	275	388	154	416	209	204	100	147	188	173	77	95	22679
*	3p	+	49	35964	24906	24516	39164	124550	623	606	568	1448	224	274	156	428	249	346	174	398	236	219	108	95	173	170	76	97	22204
*	3p	+	50	38021	24770	24851	35385	123027	626	578	694	640	238	284	170	434	257	338	166	349	226	235	98	126	168	166	99	102	21768
*	3p	+	51	36077	26078	24617	34834	121606	625	616	616	613	237	269	178	440	249	293	172	365	234	186	124	129	182	195	88	91	21337
*	3p	+	52	34620	25630	24945	34981	120176	599	603	595	592	180	251	333	1905	255	309	150	343	206	212	115	109	197	192	75	85	20947
*	3p	+	53	36356	24063	23826	34368	118613	578	569	605	593	240	279	175	407	250	304	160	382	188	223	103	108	210	199	85	79	20531
*	3p	+	54	36279	23798	22966	34178	117221	572	570	563	601	211	272	153	359	233	291	153	342	202	192	102	117	206	175	93	80	20118
*	3p	+	55	33031	25860	22787	34054	115732	620	586	529	583	192	270	142	330	217	354	160	339	226	194	89	95	194	199	85	56	19731
*	3p	+	56	32605	22918	22888	35819	114230	571	607	533	579	215	236	133	299	220	301	139	370	211	194	120	117	154	191	75	91	19347
*	3p	+	57	33050	22693	21988	34952	112683	502	561	534	543	207	256	141	335	244	304	136	307	189	203	117	111	174	173	71	63	18956
*	3p	+	58	31996	22284	22242	34620	111142	617	581	495	549	194	249	139	316	222	291	161	334	179	200	125	129	150	154	85	74	18535
*	3p	+	59	31983	22023	23221	32247	109474	594	557	528	515	206	228	154	289	213	256	152	355	199	205	93	107	194	148	65	67	18153
*	3p	+	60	32082	23134	21338	31337	107891	567	570	499	543	166	231	161	316	233	278	113	321	179	159	123	115	158	133	71	82	17805
*	3p	+	61	32427	21493	21616	30688	106224	514	530	467	498	202	249	154	364	193	288	146	303	180	167	110	104	157	172	70	61	17433
*	3p	+	62	30388	22116	20621	31427	104552	492	544	484	545	203	241	140	320	209	259	150	300	160	190	111	100	160	149	78	68	17084
*	3p	+	63	31044	20874	20203	30734	102855	516	534	483	536	194	228	124	323	204	291	145	300	171	174	106	98	170	127	77	67	16704
*	3p	+	64	30492	20265	20906	29427	101090	494	527	519	437	232	260	150	328	204	228	153	288	184	162	115	86	161	153	60	71	16342
*	3p	+	65	30797	20146	19442	28994	99379	454	525	458	480	198	208	150	283	201	250	129	328	173	158	116	104	175	144	66	50	15984
*	3p	+	66	30213	19980	19300	28156	97649	481	494	428	465	178	245	127	258	194	267	130	327	187	169	98	107	159	149	65	59	15605
*	3p	+	67	28493	20776	18843	27773	95885	462	485	472	511	189	224	139	334	200	256	116	297	183	155	92	88	149	158	75	73	15268
*	3p	+	68	28002	18881	19643	27521	94047	475	463	450	396	204	197	102	289	188	254	115	270	186	149	82	87	146	155	65	54	14899
*	3p	+	69	27087	18710	19632	26855	92284	465	480	438	472	163	238	119	240	166	230	136	332	171	158	87	99	143	133	64	53	14531
*	3p	+	70	27141	18141	18122	27111	90515	426	487	423	454	159	207	119	263	191	253	104	320	149	178	94	86	139	128	62	70	14178
*	3p	-	1	37147	30480	36185	39571	143383	2096	342	575	527	236	226	196	248	249	218	135	245	0	0	0	0	4	5	4	4	48139
*	3p	-	2	47528	27547	25543	42776	143394	1451	341	336	430	147	155	78	238	143	231	118	184	5	6	3	1	1	8	0	0	48050
*	3p	-	3	43858	27003	29522	43015	143398	940	317	370	332	84	131	95	273	145	172	72	196	1	2	2	2	1	0	1	3	47058
*	3p	-	4	42715	26717	28537	45362	143331	692	318	354	263	105	157	87	202	143	158	72	202	25	40	13	10	25	19	13	13	45849
*	3p	-	5	42442	27278	27838	45760	143318	598	376	333	290	135	139	87	203	134	137	65	175	29	39	13	18	27	32	15	12	44589
*	3p	-	6	41709	28305	26641	46655	143310	785	599	563	586	208	286	133	406	244	296	147	359	35	34	19	25	35	34	8	18	43127
*	3p	-	7	45308	27845	27866	42262	143281	836	485	536	463	192	270	158	395	244	342	171	354	47	43	20	21	56	42	7	19	42341
*	3p	-	8	43901	28078	29127	42182	143288	781	502	570	474	221	231	170	402	244	382	167	351	49	39	17	21	44	50	12	10	41485
*	3p	-	9	45825	27042	29197	41179	143243	727	475	563	531	241	226	141	350	258	349	184	332	58	48	32	28	61	51	21	28	40620
*	3p	-	10	43692	28245	27061	44213	143211	709	564	560	500	235	265	151	393	216	324	157	355	67	59	36	41	80	67	21	26	39777
*	3p	-	11	40765	29612	29885	42939	143201	735	565	611	578	256	291	191	376	271	358	170	382	84	78	37	46	79	65	31	29	38925
*	3p	-	12	41155	29447	30188	42394	143184	764	566	578	606	246	237	248	375	315	360	212	364	85	80	41	49	74	73	40	33	38290
*	3p	-	13	42419	28947	29024	42771	143161	728	520	607	580	245	277	155	401	299	337	142	369	92	82	48	41	71	80	43	49	37570
*	3p	-	14	42579	28307	28714	43517	143117	721	547	593	611	339	271	148	381	281	328	201	373	94	102	58	46	100	90	37	54	36874
*	3p	-	15	42503	28668	29177	42760	143108	695	552	569	654	275	267	173	370	271	289	191	396	107	99	49	54	119	104	45	28	36164
*	3p	-	16	41916	29418	28736	42995	143065	699	549	578	560	220	274	159	433	259	369	182	405	108	100	60	50	132	100	58	46	35461
*	3p	-	17	42304	28564	28682	43526	143076	713	491	590	568	318	270	157	399	276	377	247	377	108	116	72	62	112	115	49	53	34860
*	3p	-	18	41790	28789	29078	43411	143068	702	510	614	618	224	262	150	380	294	360	169	358	103	109	61	57	117	127	62	28	34222
*	3p	-	19	42064	29029	28599	43372	143064	657	515	626	537	235	249	150	350	275	358	177	356	116	113	70	59	123	113	58	47	33655
*	3p	-	20	39141	28067	27738	40238	135184	717	585	625	635	221	285	164	391	298	379	185	415	129	143	73	69	114	115	51	58	33073
*	3p	-	21	38459	27075	27024	39699	132257	696	606	671	662	281	276	219	407	294	358	171	401	132	118	85	71	122	142	59	50	32516
*	3p	-	22	38286	27432	26555	38883	131156	672	620	675	595	260	300	189	372	252	363	177	382	133	134	93	81	138	144	51	48	31994
*	3p	-	23	38202	27136	26822	38416	130576	634	594	664	580	254	286	174	393	261	350	172	424	150	142	88	96	146	139	58	55	31472
*	3p	-	24	37505	27622	26447	38625	130199	666	626	657	631	251	279	182	434	272	354	153	420	172	141	87	91	137	148	46	61	30934
*	3p	-	25	37833	26737	26372	38676	129618	667	627	638	558	227	272	197	426	269	373	232	400	170	149	99	78	139	141	54	68	30413
*	3p	-	26	37521	26739	26340	38530	129130	609	591	642	618	249	288	182	409	272	353	171	415	165	150	99	91	150	138	66	67	29884
*	3p	-	27	36960	27072	26226	38460	128718	674	685	711	639	268	282	164	433	281	363	160	418	169	158	92	84	141	151	72	67	29424
*	3p	-	28	37155	26990	26264	37963	128372	677	571	636	621	245	269	212	424	279	346	153	464	153	159	107	97	162	143	64	73	28953
*	3p	-	29	36942	26514	26235	38438	128129	593	580	625	676	230	281	176	353	245	347	173	386	164	172	100	96	163	143	68	84	28536
*	3p	-	30	37156	26654	26212	37795	127817	687	586	638	653	271	261	191	427	263	367	215	393	163	164	102	102	170	132	79	81	28089
*	3p	-	31	37010	26618	26500	37053	127181	661	657	598	614	236	299	175	391	252	377	163	405	168	161	111	95	164	153	68	78	27670
*	3p	-	32	36844	26132	26254	37459	126689	670	627	644	596	259	265	193	371	288	349	208	404	151	180	85	126	164	135	63	65	27248
*	3p	-	33	36356	26068	26293	37354	126071	727	587	644	608	289	291	190	402	265	348	181	451	166	142	101	85	197	147	63	71	26813
*	3p	-	34	35942	26703	25810	37036	125491	678	585	640	628	233	285	184	358	272	317	202	409	163	161	95	88	182	140	84	64	26407
*	3p	-	35	36562	25939	25892	36473	124866	629	602	625	595	267	303	179	383	270	325	178	396	159	172	109	87	158	155	66	77	25940
*	3p	-	36	36350	25859	25714	35843	123766	682	614	627	626	246	250	181	350	252	339	170	379	187	143	112	86	171	150	61	81	25537
*	3p	-	37	36312	25166	25594	35809	122881	678	574	635	612	235	253	163	379	240	326	151	440	161	175	108	87	164	192	74	65	25181
*	3p	-	38	35489	25379	25028	36039	121935	672	610	645	586	268	250	171	348	262	322	159	419	161	172	109	106	173	186	73	66	24764
*	3p	-	39	35247	25505	25177	35194	121123	639	624	652	562	223	278	171	330	294	286	152	389	189	157	91	90	189	182	55	74	24358
*	3p	-	40	34845	25458	24620	35350	120273	602	561	611	571	225	285	175	383	259	359	153	360	175	182	99	96	148	174	72	65	23962
*	3p	-	41	34588	24612	24488	35527	119215	611	594	628	597	227	269	172	359	269	342	173	376	174	178	97	106	151	174	62	65	23579
*	3p	-	42	34314	24795	24699	34282	118090	614	623	637	593	222	253	149	373	244	342	181	401	176	164	102	92	159	143	71	66	23201
*	3p	-	43	33951	24324	24612	34194	117081	608	567	558	568	231	241	171	372	244	335	180	472	184	168	104	102	175	154	52	62	22836
*	3p	-	44	33610	24166	24135	33974	115885	574	581	613	579	231	277	160	349	232	301	149	356	171	178	112	108	139	153	79	81	22402
*	3p	-	45	33604	23933	23642	33508	114687	589	598	566	516	218	252	168	324	259	309	139	355	181	198	100	95	174	139	55	70	22030
*	3p	-	46	33167	23409	23415	33302	113293	608	540	669	520	256	269	152	358	250	298	152	339	187	176	93	82	161	146	68	74	21639
*	3p	-	47	32922	23303	22968	32718	111911	617	537	571	546	200	257	171	351	244	325	153	415	179	170	80	96	167	144	70	73	21260
*	3p	-	48	32408	23206	22760	32160	110534	582	573	558	507	200	273	190	335	223	313	165	384	177	166	85	88	197	145	61	72	20884
*	3p	-	49	32040	22569	22672	32010	109291	549	552	606	520	209	250	159	317	244	305	133	365	161	175	92	75	171	151	51	71	20523
*	3p	-	50	31406	22281	22300	31931	107918	559	517	560	518	207	262	185	329	225	316	135	311	173	177	109	95	171	157	57	69	20162
*	3p	-	51	31400	22137	21749	31361	106647	521	505	571	549	216	246	171	307	206	298	182	326	184	188	98	87	175	153	80	71	19803
*	3p	-	52	31032	21809	21798	30765	105404	491	524	497	466	201	237	148	272	225	288	152	319	175	171	103	102	181	163	74	71	19419
*	3p	-	53	30479	21710	21060	30878	104127	527	523	524	541	176	253	168	360	179	301	150	306	195	180	93	97	161	151	71	60	19061
*	3p	-	54	30264	21109	21266	30151	102790	517	488	541	488	209	242	158	278	210	273	142	310	173	167	110	102	156	139	77	68	18720
*	3p	-	55	29724	21408	20762	29585	101479	531	437	487	491	218	251	138	280	198	294	125	303	164	183	80	96	155	133	67	62	18346
*	3p	-	56	29333	20888	20265	29548	100034	496	484	495	509	211	206	170	303	214	246	116	317	160	167	91	102	149	149	61	72	18017
*	3p	-	57	28943	20485	20166	29101	98695	522	505	536	502	184	249	139	289	213	267	124	293	164	165	93	89	144	130	65	49	17689
*	3p	-	58	28602	20509	19609	28523	97243	481	455	519	434	165	218	150	302	189	256	127	329	172	167	89	95	142	124	56	60	17353
*	3p	-	59	28189	19362	19839	28408	95798	497	477	473	453	203	195	145	282	194	247	129	291	159	150	92	87	151	124	62	54	17039
*	3p	-	60	27826	19492	19274	27741	94333	492	529	428	467	165	210	131	265	179	258	115	305	167	131	100	88	144	134	47	69	16716
*	3p	-	61	27555	18955	19056	27330	92896	454	482	423	443	208	235	147	238	182	272	140	280	140	162	91	105	149	139	47	61	16372
*	3p	-	62	27135	18950	18735	26580	91400	410	447	449	443	154	207	162	259	191	270	111	290	161	158	133	85	157	123	52	49	16045
*	3p	-	63	26544	18832	18167	26294	89837	434	484	410	449	176	211	138	280	184	275	135	267	183	153	76	92	131	122	63	49	15718
*	3p	-	64	25964	18069	18147	26170	88350	409	414	479	427	132	214	122	237	193	251	110	275	141	141	78	89	110	126	54	59	15386
*	3p	-	65	25633	17836	17863	25443	86775	441	468	400	381	191	177	141	247	183	248	140	299	140	120	88	85	136	113	57	50	15039
*	3p	-	66	24935	17646	17533	25111	85225	414	435	446	447	181	214	142	254	183	219	116	242	150	147	76	76	130	116	50	51	14708
*	3p	-	67	24629	17187	16971	24861	83648	431	384	400	438	163	213	143	248	161	204	112	233	136	120	79	77	135	114	62	47	14373
*	3p	-	68	23971	17130	16549	24364	82014	407	376	383	407	149	170	139	261	158	197	90	249	124	128	64	88	135	116	43	64	14035
*	3p	-	69	23444	16633	16589	23750	80416	438	395	389	396	138	170	139	195	156	205	135	259	135	116	63	75	130	132	46	60	13710
*	3p	-	70	23267	16256	16073	23234	78830	401	397	407	370	149	154	127	240	143	191	115	254	121	127	87	73	117	119	69	39	13353
*	5p	+	1	42766	42852	36078	39047	160743	461	572	646	845	359	190	224	402	257	260	228	206	0	0	0	0	10	6	4	7	46345
*	5p	+	2	48718	27948	31017	53073	160756	431	870	538	430	155	228	119	250	160	206	101	254	9	11	0	2	9	3	1	0	46224
*	5p	+	3	48456	33571	29650	49093	160770	428	559	393	503	149	175	95	250	143	180	115	288	6	3	2	0	5	3	0	1	45276
*	5p	+	4	51502	31637	29655	47864	160658	402	555	369	404	161	178	94	326	120	214	99	283	58	36	17	17	42	45	19	17	44083
*	5p	+	5	52283	30921	31094	46372	160670	414	429	413	424	171	152	97	235	126	224	110	252	46	48	17	16	46	46	10	10	42794
*	5p	+	6	53653	28924	32174	45908	160659	698	631	670	617	217	236	187	394	240	387	172	389	51	48	16	25	46	46	17	13	41357
*	5p	+	7	47514	30526	30674	51906	160620	579	701	568	694	208	315	162	423	199	335	151	417	36	47	27	21	61	71	11	17	40525
*	5p	+	8	47055	33006	31460	49112	160633	596	685	546	646	223	310	191	415	219	326	215	414	54	45	34	28	58	53	24	14	39625
*	5p	+	9	45546	32781	30287	51956	160570	556	673	618	570	217	280	198	370	252	308	175	418	72	74	29	46	70	86	31	24	38733
*	5p	+	10	50875	29370	31534	48754	160533	663	674	592	607	213	311	177	335	223	347	171	462	65	65	40	46	99	78	41	30	37874
*	5p	+	11	48838	33353	33511	44829	160531	706	668	659	730	257	272	202	423	302	348	196	389	102	69	42	57	73	85	43	48	36960
*	5p	+	12	47458	34065	33353	45672	160548	641	666	704	725	254	301	214	428	262	329	474	442	100	97	43	57	80	87	34	31	36267
*	5p	+	13	48021	32493	32632	47379	160525	686	676	649	647	237	301	176	387	293	351	196	374	109	98	53	47	91	86	44	35	35545
*	5p	+	14	49082	32108	31774	47513	160477	636	696	712	671	273	286	196	405	409	340	163	403	119	107	56	73	116	111	34	41	34814
*	5p	+	15	48066	33003	32341	47010	160420	699	724	716	677	233	294	218	445	337	337	176	436	123	117	63	58	126	135	55	43	34053
*	5p	+	16	47960	32244	32696	47515	160415	625	676	672	717	263	296	198	468	279	344	179	441	135	119	56	50	136	115	51	54	33390
*	5p	+	17	48802	32334	31898	47388	160422	578	731	684	688	278	298	447	425	478	342	197	435	144	123	73	71	153	114	57	35	32752
*	5p	+	18	49298	32723	32253	46120	160394	577	855	742	671	256	281	188	409	226	324	174	396	144	130	80	61	119	147	59	62	32116
*	5p	+	19	48891	32325	32343	46848	160407	645	648	664	707	260	347	161	420	250	352	157	382	161	138	76	77	130	134	51	57	31517
*	5p	+	20	45580	31361	31619	43950	152510	631	720	637	745	272	294	193	452	252	394	200	449	157	167	86	86	152	135	77	54	30944
*	5p	+	21	45572	30512	30648	42856	149588	682	724	772	719	248	317	217	401	267	349	233	440	179	136	75	107	163	170	54	73	30374
*	5p	+	22	44065	30113	30940	43377	148495	683	748	687	758	295	323	180	425	293	372	185	441	143	164	93	89	148	144	74	71	29821
*	5p	+	23	44101	29727	30610	43448	147886	684	700	723	835	272	312	184	458	269	355	187	388	159	195	82	111	155	155	66	69	29238
*	5p	+	24	43548	30038	31593	42317	147496	744	704	732	691	301	332	192	480	279	364	194	440	168	199	92	102	160	169	68	64	28644
*	5p	+	25	44316	30048	30390	42140	146894	646	708	678	743	265	355	293	424	250	360	238	405	154	197	117	105	181	153	77	88	28107
*	5p	+	26	44096	29854	30484	41985	146419	666	640	688	704	263	335	189	465	257	387	203	422	199	215	113	90	195	157	75	66	27594
*	5p	+	27	43399	29996	30540	42078	146013	716	686	709	817	249	330	175	476	306	386	218	463	201	192	106	118	185	174	85	68	27084
*	5p	+	28	43803	29731	30410	41755	145699	744	661	669	705	259	319	215	547	301	389	216	425	199	192	113	123	185	153	81	71	26607
*	5p	+	29	43908	29688	29937	41898	145431	644	659	739	748	244	296	183	402	250	407	210	439	181	211	116	114	203	166	79	91	26110
*	5p	+	30	43079	29781	30638	41666	145164	680	705	767	716	276	309	237	445	285	367	234	453	189	170	118	107	185	149	73	104	25637
*	5p	+	31	42760	29959	30113	41719	144551	699	724	692	752	271	303	230	452	316	378	258	421	171	223	93	130	181	165	63	89	25181
*	5p	+	32	43092	29642	29587	41657	143978	736	658	747	688	264	322	206	485	285	346	214	396	188	212	115	100	164	163	82	75	24761
*	5p	+	33	42585	29724	29840	41121	143270	709	664	712	740	228	315	276	441	344	367	230	378	188	177	116	147	190	179	91	79	24357
*	5p	+	34	42616	29285	29979	40788	142668	741	709	714	729	250	338	238	418	277	378	183	399	189	202	114	116	205	169	65	73	23939
*	5p	+	35	41763	29296	29277	41647	141983	705	707	630	708	234	266	204	422	291	380	200	406	205	185	118	137	171	165	82	91	23514
*	5p	+	36	40482	29701	29191	41329	140703	713	687	665	698	243	304	186	458	263	384	221	436	211	197	105	131	191	183	82	84	23089
*	5p	+	37	40938	29191	28557	41023	139709	675	712	653	718	251	289	185	474	279	378	213	364	207	195	119	103	191	209	72	93	22691
*	5p	+	38	41139	28371	28130	40921	138561	700	712	698	789	272	289	189	439	324	358	212	367	197	185	121	120	173	198	109	91	22257
*	5p	+	39	39763	28835	28931	40143	137672	706	696	681	742	249	264	216	549	283	390	201	407	192	204	112	112	211	194	84	81	21847
*	5p	+	40	40390	27988	29094	39247	136719	717	615	604	704	235	318	219	474	279	414	234	390	185	179	106	121	177	186	85	87	21506
*	5p	+	41	40436	28061	27612	39419	135528	706	668	644	710	278	320	219	486	296	370	194	431	191	202	116	116	183	196	84	77	21133
*	5p	+	42	39108	27875	28276	39034	134293	753	708	669	752	269	301	222	528	279	377	192	441	192	168	122	111	202	187	70	78	20761
*	5p	+	43	38765	27961	27600	38811	133137	702	685	681	667	225	290	189	607	298	362	207	409	186	191	96	117	194	186	70	76	20393
*	5p	+	44	39426	27461	26943	38052	131882	707	602	721	645	233	270	185	440	291	361	207	382	178	174	129	110	187	186	61	86	20055
*	5p	+	45	38203	26721	27345	38235	130504	796	648	607	665	241	270	165	416	265	358	218	401	179	175	114	119	174	194	86	70	19673
*	5p	+	46	37999	26554	26979	37540	129072	697	630	610	836	259	254	183	405	283	349	201	372	197	199	98	99	177	187	67	73	19317
*	5p	+	47	37789	26569	26139	37112	127609	670	596	567	637	240	298	191	526	250	337	222	376	206	211	113	97	173	163	72	78	19008
*	5p	+	48	36657	26350	26092	37008	126107	688	623	627	690	250	235	151	420	215	349	252	383	171	202	108	119	169	174	83	68	18670
*	5p	+	49	37180	25180	25918	36294	124572	642	569	595	619	241	278	164	379	226	349	234	371	198	182	101	111	185	172	67	69	18361
*	5p	+	50	36098	25913	25180	35888	123079	668	591	622	648	240	250	164	424	242	325	198	420	194	205	93	97	179	138	77	86	18021
*	5p	+	51	36074	24794	25416	35402	121686	667	583	578	596	202	248	163	362	280	316	198	355	177	177	110	106	180	154	59	83	17682
*	5p	+	52	35559	24778	24890	35029	120256	675	610	520	556	215	288	184	368	249	300	199	367	166	181	121	99	162	153	71	84	17364
*	5p	+	53	35062	24174	24883	34587	118706	705	585	565	588	222	266	127	346	233	341	216	394	199	164	111	102	186	163	65	64	17079
*	5p	+	54	34829	23972	24287	34233	117321	678	549	586	609	236	260	162	358	242	295	205	337	175	192	104	101	153	163	60	75	16802
*	5p	+	55	33743	23779	24416	33861	115799	645	551	547	615	223	272	144	359	222	330	234	349	173	196	88	113	195	149	62	61	16496
*	5p	+	56	33634	23273	23834	33586	114327	672	538	524	590	202	234	147	334	241	299	207	349	169	196	108	93	161	132	57	65	16231
*	5p	+	57	33146	22915	23564	33132	112757	638	547	531	723	222	268	135	320	216	305	190	349	183	180	106	99	157	128	50	73	15899
*	5p	+	58	32702	22381	23509	32594	111186	646	505	519	525	210	242	108	352	210	310	195	318	194	174	110	95	147	133	61	79	15615
*	5p	+	59	32403	22288	22137	32702	109530	662	521	503	552	171	280	150	334	250	324	236	305	175	179	90	105	144	150	66	60	15323
*	5p	+	60	32027	21375	22189	32302	107893	635	542	502	482	184	249	134	325	199	276	234	287	162	177	119	103	153	148	66	75	15051
*	5p	+	61	31373	21445	21722	31727	106267	624	495	488	474	191	245	138	312	233	274	172	269	184	172	93	102	128	148	71	71	14767
*	5p	+	62	30577	21727	21657	30636	104597	616	498	488	492	185	257	119	332	201	288	195	284	154	162	112	156	127	149	66	60	14497
*	5p	+	63	30850	20892	21220	29963	102925	608	484	499	489	182	233	147	307	197	301	180	292	190	207	102	65	135	133	54	53	14236
*	5p	+	64	29996	20811	20690	29638	101135	617	478	523	472	181	240	159	327	205	257	179	273	153	151	98	97	159	139	45	60	13968
*	5p	+	65	29566	20503	19953	29373	99395	626	440	463	508	176	213	202	499	217	275	143	275	168	155	79	103	146	155	64	62	13715
*	5p	+	66	28786	20258	20196	28423	97663	594	488	472	460	201	210	124	278	205	256	197	270	141	168	86	97	147	142	61	68	13456
*	5p	+	67	28434	19492	19629	28399	95954	563	452	522	486	160	176	132	270	204	247	171	233	143	176	88	91	131	137	63	55	13213
*	5p	+	68	27795	19021	19683	27569	94068	597	462	470	466	179	211	128	259	199	234	202	279	162	161	92	101	139	148	63	50	12941
*	5p	+	69	27226	19087	18877	27098	92288	572	478	461	441	171	196	130	242	209	277	186	271	178	154	107	78	121	150	59	61	12708
*	5p	+	70	27121	18437	18418	26556	90532	541	417	427	442	186	220	128	283	193	245	157	237	167	160	84	83	126	125	64	68	12447
*	5p	-	1	37994	38504	31624	35237	143359	381	498	574	672	304	165	180	344	244	241	226	185	0	0	0	0	0	1	5	10	44010
*	5p	-	2	40874	26007	28753	47743	143377	352	702	395	365	130	211	131	192	173	178	92	216	0	0	0	2	1	4	6	2	43895
*	5p	-	3	40875	32874	25574	44064	143387	327	519	340	368	161	155	100	212	115	185	114	272	0	0	1	0	5	2	2	1	43025
*	5p	-	4	43705	30913	25639	43109	143366	416	467	279	339	131	143	99	216	116	168	100	236	8	4	11	9	6	7	14	4	41970
*	5p	-	5	44726	29322	27097	42213	143358	384	389	331	332	125	153	106	221	121	153	82	205	18	10	7	8	7	9	16	14	40841
*	5p	-	6	45882	27131	29672	40661	143346	645	583	564	495	181	215	162	377	205	307	167	396	9	8	5	12	18	13	10	17	39465
*	5p	-	7	40283	27707	27155	48199	143344	560	633	469	552	190	258	172	239	236	297	151	377	19	12	15	14	13	21	9	18	38727
*	5p	-	8	40414	30199	28203	44523	143339	510	618	554	593	228	285	176	321	207	277	155	362	22	15	10	9	20	25	10	10	37908
*	5p	-	9	39260	30134	26778	47130	143302	462	657	578	587	211	252	212	324	214	293	156	366	33	34	26	21	30	35	11	24	37071
*	5p	-	10	43471	27303	27460	45019	143253	592	580	494	497	211	246	179	324	229	288	122	375	39	48	32	23	47	57	26	20	36255
*	5p	-	11	42420	30714	28647	41472	143253	546	553	583	583	230	252	241	354	245	319	161	350	42	45	33	29	47	59	22	23	35375
*	5p	-	12	40998	32413	28391	41454	143256	528	648	613	609	281	251	815	308	230	292	169	357	55	57	38	21	44	49	34	22	34688
*	5p	-	13	41828	30350	28248	42809	143235	572	596	604	570	213	261	203	326	252	281	158	328	51	64	41	33	58	55	26	28	34022
*	5p	-	14	41290	31046	28608	42257	143201	584	628	531	512	255	230	180	366	224	324	143	353	64	70	43	47	63	80	32	29	33369
*	5p	-	15	42526	29853	27636	43181	143196	577	634	566	535	184	275	162	328	238	318	231	376	74	69	52	40	59	70	41	39	32722
*	5p	-	16	42950	29877	27515	42820	143162	574	629	622	576	237	304	753	323	234	295	182	364	74	73	42	39	83	86	30	37	32022
*	5p	-	17	43189	29657	28058	42247	143151	536	620	571	704	248	295	168	315	216	343	172	375	89	78	40	49	100	92	29	33	31433
*	5p	-	18	41430	29663	29238	42805	143136	584	622	587	553	219	266	149	363	229	313	205	373	74	89	45	65	93	86	48	42	30882
*	5p	-	19	41607	29519	27900	44103	143129	590	540	611	524	219	240	143	324	235	325	163	366	92	111	48	54	107	82	57	30	30311
*	5p	-	20	39029	28380	28238	39589	135236	630	669	597	618	293	262	171	367	231	337	245	441	106	96	66	65	96	85	57	48	29754
*	5p	-	21	38069	28223	26503	39511	132306	607	630	698	672	214	294	192	349	248	351	307	389	113	126	72	63	108	110	55	53	29214
*	5p	-	22	37630	28219	26280	39111	131240	638	588	604	605	234	289	255	348	261	326	177	396	114	114	85	74	115	89	45	49	28663
*	5p	-	23	37653	27423	26862	38672	130610	640	633	635	591	253	279	162	368	270	385	177	399	115	111	94	57	112	133	65	49	28137
*	5p	-	24	37550	27636	27356	37672	130214	614	628	638	619	204	299	151	350	292	325	165	413	132	141	70	61	126	121	78	51	27591
*	5p	-	25	36675	28124	27469	37360	129628	655	633	626	622	211	259	156	394	231	314	191	397	145	118	72	66	121	142	74	55	27114
*	5p	-	26	38011	27702	26033	37397	129143	668	649	638	617	254	289	162	370	225	331	178	408	134	149	99	75	144	140	63	61	26592
*	5p	-	27	37965	26691	26413	37626	128695	658	630	624	635	231	271	148	398	250	334	183	383	161	149	74	89	172	162	58	62	26125
*	5p	-	28	36908	28001	26513	36950	128372	606	612	585	590	232	296	212	349	245	312	167	399	142	130	110	89	161	144	77	61	25643
*	5p	-	29	37184	27244	26619	37054	128101	625	603	597	634	225	272	163	333	203	313	168	359	188	169	99	80	184	153	71	80	25169
*	5p	-	30	37014	26267	25846	38676	127803	595	590	633	618	229	250	163	341	258	379	163	385	154	161	95	95	180	154	68	75	24699
*	5p	-	31	36356	27504	25306	38027	127193	582	581	659	683	373	293	152	369	258	322	178	392	161	151	89	90	169	166	60	59	24258
*	5p	-	32	37707	27020	25991	35932	126650	580	581	610	572	270	288	176	364	243	314	153	373	172	150	81	96	169	147	90	63	23845
*	5p	-	33	37764	27267	25245	35816	126092	656	656	611	577	245	299	175	361	271	325	172	349	182	150	100	87	160	144	83	76	23446
*	5p	-	34	38060	25828	25446	36174	125508	629	620	630	579	267	249	153	375	262	321	212	410	181	166	83	104	157	159	58	82	23013
*	5p	-	35	37444	26094	25131	36182	124851	635	542	628	599	250	290	160	380	258	374	159	364	180	161	93	100	146	167	77	85	22662
*	5p	-	36	35465	26289	24739	37268	123761	613	650	644	567	242	293	168	344	254	334	170	348	177	175	101	88	155	181	62	72	22278
*	5p	-	37	35703	26770	24496	35928	122897	635	587	1047	586	234	293	170	380	252	334	155	351	171	164	83	96	170	166	69	77	21895
*	5p	-	38	34677	25277	25118	36867	121939	658	616	539	551	212	251	162	328	245	332	229	364	167	200	101	96	161	182	69	86	21517
*	5p	-	39	34539	25654	24020	36940	121153	605	566	568	629	211	254	167	338	240	315	147	345	172	187	101	101	171	155	73	74	21148
*	5p	-	40	34973	25175	24583	35561	120292	626	575	583	508	227	282	160	316	250	314	153	385	173	179	123	102	164	156	61	59	20770
*	5p	-	41	34064	25787	25541	33819	119211	699	576	576	599	221	245	153	362	269	340	166	393	156	212	112	98	158	153	70	76	20390
*	5p	-	42	33990	25543	24390	34134	118057	674	558	598	589	232	256	154	319	252	333	160	322	173	179	99	126	143	174	76	81	20054
*	5p	-	43	34648	24263	23796	34344	117051	643	580	548	588	188	285	140	358	236	297	160	316	160	201	105	109	172	162	61	78	19689
*	5p	-	44	33526	24569	23701	34074	115870	649	585	551	795	210	251	157	345	249	334	138	328	200	170	99	91	160	159	82	65	19355
*	5p	-	45	33165	23860	23137	34486	114648	617	569	556	618	216	267	148	335	237	329	176	368	179	189	115	90	181	149	68	78	19022
*	5p	-	46	33403	22764	23468	33623	113258	655	533	552	529	207	257	143	357	222	322	140	321	190	172	105	90	146	166	78	93	18671
*	5p	-	47	32903	22571	22495	33920	111889	571	537	533	538	197	255	144	307	231	337	147	312	172	181	99	98	171	159	79	66	18354
*	5p	-	48	32169	22678	23618	32059	110524	612	520	553	515	206	248	146	333	222	306	153	378	183	175	122	88	185	171	69	58	18069
*	5p	-	49	33375	22059	22090	31738	109262	615	537	877	507	228	265	125	330	215	319	138	357	214	175	98	113	183	143	66	80	17791
*	5p	-	50	31562	22145	21859	32329	107895	577	487	568	551	196	229	148	326	220	301	130	325	182	184	107	119	179	156	61	80	17461
*	5p	-	51	30864	21855	22557	31401	106677	600	512	518	533	215	218	138	324	222	297	138	365	182	189	123	104	170	144	65	70	17152
*	5p	-	52	30508	21842	22210	30864	105424	600	524	535	513	177	230	135	332	208	268	241	1051	179	180	95	112	168	168	67	65	16881
*	5p	-	53	30369	21207	21174	31364	104114	591	475	492	491	198	249	153	342	213	243	149	288	186	179	92	96	166	153	64	74	16594
*	5p	-	54	30012	20648	21238	30885	102783	607	540	486	483	185	228	128	284	208	298	140	303	178	196	84	87	159	153	56	81	16313
*	5p	-	55	29810	20335	22200	29116	101461	571	546	517	446	175	213	127	269	229	274	145	330	164	195	103	97	177	138	57	67	16017
*	5p	-	56	30645	19895	20478	29020	100038	611	473	503	495	187	221	132	296	214	255	139	291	172	174	111	106	170	141	71	46	15756
*	5p	-	57	30062	19844	20018	28740	98664	583	493	491	478	195	232	132	289	197	244	139	257	178	189	106	92	162	135	49	74	15506
*	5p	-	58	29713	19322	19644	28532	97211	521	517	501	419	197	202	109	292	172	265	119	264	154	172	101	98	142	147	55	66	15208
*	5p	-	59	28326	19892	19409	28168	95795	500	472	469	453	176	219	135	319	184	270	110	280	153	190	83	110	143	136	63	51	14977
*	5p	-	60	27480	18962	19979	27906	94327	563	441	491	428	149	192	120	251	204	256	117	300	156	162	91	96	134	135	73	57	14733
*	5p	-	61	27300	18932	18807	27853	92892	555	430	429	456	166	191	106	289	228	251	123	277	172	157	100	85	147	134	61	57	14464
*	5p	-	62	27264	18141	19486	26456	91347	568	439	447	441	170	202	120	258	196	268	137	264	157	151	92	108	151	154	61	60	14201
*	5p	-	63	26951	17737	18461	26621	89770	545	414	450	403	177	209	122	287	177	269	105	298	181	144	88	79	170	132	73	57	13948
*	5p	-	64	26029	18308	17812	26145	88294	601	457	432	423	157	192	119	253	184	230	120	266	145	150	71	99	159	134	62	49	13712
*	5p	-	65	25507	17236	17735	26257	86735	526	394	412	394	167	185	95	244	193	226	105	224	152	130	87	97	145	147	53	54	13451
*	5p	-	66	24698	17218	17470	25809	85195	566	390	425	384	143	184	119	251	196	249	112	268	146	161	79	84	157	122	45	53	13190
*	5p	-	67	24778	16390	17839	24616	83623	535	432	447	375	140	164	103	257	190	247	103	278	137	150	63	88	128	137	58	59	12948
*	5p	-	68	24257	16899	16671	24174	82001	475	369	380	364	158	191	108	281	173	235	104	227	141	128	82	74	141	110	53	67	12720
*	5p	-	69	23877	16472	16402	23680	80431	535	353	369	401	144	178	95	235	177	250	90	207	141	128	68	85	133	118	54	48	12476
*	5p	-	70	23660	15868	15917	23365	78810	459	405	374	343	135	171	93	259	157	240	98	187	143	141	80	67	136	116	68	44	12244
