# table produced by mapDamage version 2.2.1
# using mapped file CviAPal020.merged.L103.realn.bam and reference.ssl.Cvi20k_rename.fasta as reference file
# Chr: reference from sam/bam header, End: from which termini of DNA sequences, Std: strand of reads
Chr	End	Std	Pos	A	C	G	T	Total	G>A	C>T	A>G	T>C	A>C	A>T	C>G	C>A	T>G	T>A	G>C	G>T	A>-	T>-	C>-	G>-	->A	->T	->C	->G	S
*	3p	+	1	124414	111761	135308	143502	514985	8587	1655	2422	2032	896	952	774	973	1066	824	596	910	0	0	0	0	10	26	19	29	104249
*	3p	+	2	166146	107214	91507	150128	514995	6379	1578	1357	1800	572	686	354	1013	596	866	490	669	6	6	3	3	30	26	13	12	103981
*	3p	+	3	151745	96291	116222	150748	515006	4045	1613	1541	1475	457	674	464	1060	627	770	397	751	12	4	5	9	23	23	14	11	100416
*	3p	+	4	152016	93478	110835	158571	514900	3374	1500	1460	1361	468	646	392	1015	613	701	405	772	39	33	49	37	39	56	37	45	95831
*	3p	+	5	152424	99131	102321	160996	514872	2752	1583	1480	1415	506	654	411	864	587	664	415	769	48	42	50	59	49	65	48	47	90801
*	3p	+	6	146569	106345	98510	163432	514856	3617	2362	2025	2296	847	1132	640	1484	829	1067	763	1198	61	63	48	70	52	86	48	38	85039
*	3p	+	7	170186	98170	101489	144943	514788	3774	2045	2187	2022	790	1019	585	1446	848	1127	679	1143	78	73	59	77	109	83	56	48	82176
*	3p	+	8	163068	99423	107701	144544	514736	3570	2101	2231	2063	788	1030	597	1488	897	1232	726	1164	113	116	66	72	120	121	50	56	78977
*	3p	+	9	168663	98127	106174	141722	514686	3541	2023	2194	2159	769	972	564	1462	870	1167	827	1254	129	125	99	92	151	114	54	77	75804
*	3p	+	10	160450	99928	98648	155524	514550	3257	2277	2032	2072	807	1015	540	1391	807	1153	775	1183	196	151	101	114	198	167	87	82	72644
*	3p	+	11	150422	104642	107423	152000	514487	3216	2230	2404	2303	882	1049	593	1455	938	1169	790	1248	224	202	107	124	207	181	111	98	69514
*	3p	+	12	149854	102845	113140	148594	514433	3323	2244	2423	2320	860	1021	628	1384	928	1131	2440	1309	263	244	136	145	222	215	102	112	67183
*	3p	+	13	154147	101370	108124	150704	514345	3200	2301	2251	2303	962	1043	559	1402	846	1231	717	1278	288	278	142	147	266	224	103	146	64760
*	3p	+	14	152354	103328	109118	149444	514244	3219	2357	2336	2272	876	1073	624	1400	913	1247	667	1356	309	292	154	158	294	318	103	125	62406
*	3p	+	15	155000	100011	104226	154935	514172	3119	2279	2278	2257	861	1011	701	1438	888	1206	662	1363	330	350	156	167	330	317	117	145	60008
*	3p	+	16	153361	101190	104108	155399	514058	3001	2292	2351	2274	865	1103	619	1383	927	1266	1876	1269	329	411	178	204	344	370	160	143	57616
*	3p	+	17	153502	101692	103168	155649	514011	2854	2294	2276	2164	797	1214	587	1416	858	1205	664	1266	392	387	196	203	379	383	146	164	55622
*	3p	+	18	152960	107690	103775	149515	513940	2933	2340	2382	2300	851	1041	640	1539	874	1189	632	1233	416	392	192	229	384	398	132	230	53591
*	3p	+	19	157735	101947	104292	149942	513916	2801	2369	2313	2300	943	1127	630	1415	876	1200	558	1204	418	415	224	236	418	400	170	179	51692
*	3p	+	20	150267	105894	102821	151604	510586	2910	2454	2459	2478	911	1127	737	1528	1038	1328	617	1274	499	430	237	231	449	451	176	197	49855
*	3p	+	21	152498	103581	103259	149852	509190	2943	2530	2471	2541	944	1205	1189	1463	925	1299	635	1341	490	450	238	255	484	463	207	217	48068
*	3p	+	22	152080	100309	105883	150421	508693	2802	2384	2398	2465	939	1234	662	1446	958	1227	964	1359	516	511	242	272	439	470	213	228	46377
*	3p	+	23	153591	102885	102862	148986	508324	2880	2509	2507	2346	943	1159	755	1494	874	1198	663	1336	544	524	261	274	489	485	199	271	44819
*	3p	+	24	148793	106133	103746	149392	508064	2881	2502	2408	2463	925	1171	695	1641	929	1293	688	1355	523	549	260	308	519	546	215	211	43292
*	3p	+	25	149650	105761	104954	147482	507847	3055	2530	2461	2453	936	1166	655	1625	920	1154	651	1391	517	539	297	321	564	496	190	218	41717
*	3p	+	26	149328	103187	103548	151609	507672	2944	2717	2358	2392	895	1134	673	1539	949	1233	624	1435	576	570	308	349	535	495	218	225	40222
*	3p	+	27	149826	103503	101571	152529	507429	2881	2576	2442	2545	930	1130	646	1546	975	1258	613	1458	593	609	302	362	595	528	221	238	38862
*	3p	+	28	147806	103404	107374	148762	507346	2833	2500	2408	2461	946	1160	675	1508	921	1300	808	1439	590	596	333	358	566	527	224	240	37535
*	3p	+	29	149233	104290	102948	150732	507203	2731	2614	2375	2457	917	1136	598	1541	938	1255	676	1332	599	659	363	351	572	586	231	233	36314
*	3p	+	30	153028	103401	101568	149071	507068	2768	2497	2337	2471	889	1139	604	1543	923	1243	628	1356	624	632	356	316	575	558	225	283	35008
*	3p	+	31	151249	100032	106556	148089	505926	2936	2443	2625	2508	884	1184	607	1396	915	1226	585	1457	698	641	345	352	565	534	212	232	33756
*	3p	+	32	146355	102809	102192	153348	504704	2742	2463	2415	2517	882	1140	629	1464	936	1276	579	1450	643	653	353	373	539	559	233	245	32609
*	3p	+	33	146747	100352	103968	152408	503475	2831	2466	2422	2419	936	1100	656	1453	995	1304	630	1451	698	662	347	377	621	559	230	244	31533
*	3p	+	34	146752	101183	99417	154700	502052	2660	2447	2430	2507	869	1108	806	1480	1024	1247	619	1432	699	749	371	389	587	558	250	230	30423
*	3p	+	35	147557	100019	100013	152935	500524	2718	2410	2497	2406	938	1145	640	1430	938	1219	603	1496	745	695	377	375	582	601	247	267	29413
*	3p	+	36	151492	99431	101813	144755	497491	2768	2581	2551	2463	958	1171	627	1413	897	1235	607	1428	756	750	407	368	565	616	239	248	28376
*	3p	+	37	146281	97816	102655	147505	494257	2783	2464	2404	3295	986	1094	651	1391	935	1236	644	1749	729	737	341	407	617	579	237	274	27465
*	3p	+	38	150325	100126	97885	142473	490809	2557	2542	2413	2485	900	1107	765	1453	838	1173	582	1393	774	700	403	415	611	585	249	246	26493
*	3p	+	39	148809	97502	98503	142715	487529	2610	2432	2465	2315	922	1108	627	1392	953	1226	654	1397	716	694	408	369	624	539	274	262	25592
*	3p	+	40	145787	97268	98594	142739	484388	2788	2419	2326	2303	827	1126	637	1487	897	1195	626	1431	736	756	363	395	597	576	239	240	24719
*	3p	+	41	140793	101534	97783	139943	480053	2625	2441	2401	2363	953	1126	649	1448	959	1170	594	1384	737	701	404	393	637	603	268	247	23881
*	3p	+	42	139823	96348	99579	139786	475536	2630	2527	2321	2232	939	1131	596	1390	893	1238	567	1420	764	716	420	413	658	574	228	283	23051
*	3p	+	43	139707	94759	94644	141929	471039	2538	2413	2337	2320	898	1088	617	1276	831	1159	593	1428	752	746	408	392	664	558	266	241	22227
*	3p	+	44	138363	93967	96051	137820	466201	2542	2351	3050	2319	909	1118	570	1287	861	1113	562	1332	751	724	383	393	598	627	291	250	21473
*	3p	+	45	140521	92208	92122	136553	461404	2564	2342	2417	2273	866	1100	583	1238	884	1162	650	1328	766	730	379	419	633	637	245	304	20721
*	3p	+	46	137728	93219	89945	135273	456165	2400	2424	2187	2384	903	1092	563	1335	872	1086	567	1297	776	708	404	439	653	583	272	239	19948
*	3p	+	47	137758	90006	88399	134494	450657	2297	2309	2097	2248	846	1019	585	1367	864	1103	620	1372	769	785	401	423	598	614	274	238	19192
*	3p	+	48	131782	92920	89384	130936	445022	2333	2267	2171	2204	854	1013	540	1409	857	1060	603	1407	735	711	425	421	601	624	233	230	18474
*	3p	+	49	129149	87656	86747	135672	439224	2313	2201	2162	3160	795	1002	554	1471	832	1107	550	1339	750	768	376	413	585	581	267	224	17786
*	3p	+	50	132590	86118	86468	128113	433289	2346	2167	2138	2110	821	925	538	1355	788	1070	533	1340	785	772	369	398	563	570	284	212	17141
*	3p	+	51	127863	88098	85240	126360	427561	2342	2128	2137	2169	811	934	539	1304	766	1036	522	1205	700	734	360	429	582	574	245	214	16548
*	3p	+	52	125088	87423	84191	124715	421417	2247	2118	2080	2127	725	949	772	4025	834	1095	542	1275	763	734	360	367	594	569	244	247	15993
*	3p	+	53	126596	83381	82515	122858	415350	2173	2150	2086	2099	765	966	541	1201	764	980	582	1277	740	684	394	396	580	587	230	252	15464
*	3p	+	54	124330	83011	80196	121660	409197	2113	2164	1945	2012	728	870	516	1158	791	994	543	1163	730	703	405	369	608	553	212	248	14917
*	3p	+	55	117628	85462	78789	120958	402837	2147	2137	1932	2040	751	909	485	1210	769	989	495	1193	679	703	376	351	584	537	243	250	14396
*	3p	+	56	117712	79234	78403	120941	396290	2090	1997	1899	2007	716	939	504	1072	679	956	524	1111	722	678	326	340	569	555	230	250	13904
*	3p	+	57	117067	77403	75814	119329	389613	2017	1949	1945	2016	756	896	483	1117	693	981	477	1087	692	597	362	359	578	521	227	216	13442
*	3p	+	58	114637	76401	74678	117129	382845	2116	1942	1833	1944	683	892	469	1065	685	872	513	1150	653	658	336	335	614	509	213	212	12950
*	3p	+	59	112689	74949	76494	111881	376013	2003	1813	1751	1769	694	788	452	1044	707	920	440	1144	645	587	354	358	544	490	201	245	12512
*	3p	+	60	110431	77367	72007	109295	369100	1997	1887	1820	1854	679	906	506	1098	659	887	467	1039	664	606	353	357	529	498	203	218	12045
*	3p	+	61	110629	72530	71973	107246	362378	1893	1894	1744	1891	691	919	467	1021	622	902	470	1125	652	610	319	360	492	546	207	194	11623
*	3p	+	62	105693	73506	69279	106944	355422	1816	1849	1704	1740	661	812	435	1039	675	818	498	1085	669	601	343	291	469	514	211	193	11233
*	3p	+	63	105980	69908	67705	104632	348225	1704	1781	1655	1701	675	894	413	965	625	896	422	1016	615	591	343	293	502	500	204	210	10847
*	3p	+	64	103230	67629	68896	101285	341040	1799	1783	1673	1656	667	790	402	932	629	849	443	1000	597	559	305	312	473	481	188	223	10484
*	3p	+	65	103339	67109	64859	98709	334016	1675	1761	1602	1645	612	729	427	954	601	798	429	1008	552	576	293	318	459	499	218	178	10112
*	3p	+	66	101097	66198	63498	96065	326858	1719	1726	1507	1627	612	746	404	929	564	817	401	1059	534	565	319	278	452	439	191	183	9760
*	3p	+	67	96381	66902	62126	94164	319573	1678	1813	1496	1700	598	673	399	1007	573	798	401	953	537	536	308	285	435	434	210	189	9388
*	3p	+	68	93090	62348	63121	93737	312296	1579	1658	1529	1531	621	704	350	858	578	722	437	987	536	511	279	298	426	420	177	179	9051
*	3p	+	69	91087	60690	61846	91120	304743	1543	1609	1508	1453	546	726	389	903	585	730	429	1026	526	522	259	272	432	405	182	185	8748
*	3p	+	70	89947	59674	58397	89550	297568	1481	1556	1464	1493	548	690	366	823	562	680	399	888	501	494	275	272	393	401	175	186	8422
*	3p	-	1	107010	93011	114812	120958	435791	8395	1405	2129	1777	720	762	611	882	880	765	528	833	0	0	0	0	39	43	29	33	80807
*	3p	-	2	142093	87068	78971	127765	435897	5920	1298	1174	1568	502	580	283	836	475	764	410	656	38	50	13	14	19	18	6	6	80681
*	3p	-	3	130528	81192	94869	129331	435920	3850	1364	1378	1295	429	541	373	844	588	600	298	697	19	27	22	14	9	8	5	4	77670
*	3p	-	4	130529	77787	90252	137093	435661	2924	1372	1337	1149	403	572	353	749	503	592	282	705	105	152	62	49	105	117	27	38	73698
*	3p	-	5	127739	83433	86554	137871	435597	2451	1276	1216	1249	469	580	360	782	483	559	309	693	129	139	62	48	152	128	40	32	69341
*	3p	-	6	125647	85010	83730	141113	435500	3314	2041	1837	1875	673	938	535	1176	736	879	557	1078	163	144	71	75	164	176	58	52	64364
*	3p	-	7	140482	81313	88209	125501	435505	3395	1684	1875	1693	609	840	534	1168	727	981	477	1023	164	132	58	83	220	136	47	41	61955
*	3p	-	8	136486	82973	89887	126113	435459	3149	1666	1978	1812	628	817	560	1247	743	976	447	946	156	177	90	78	197	180	48	65	59295
*	3p	-	9	141520	82458	90589	120767	435334	3081	1648	1860	1825	677	786	531	1238	774	1063	472	972	253	222	104	99	244	215	70	86	56766
*	3p	-	10	133046	83765	84496	133977	435284	2892	1835	1849	1767	682	839	491	1178	636	1010	445	1021	224	275	127	116	280	237	76	72	54168
*	3p	-	11	124228	90052	92453	128475	435208	2854	1934	2123	2033	739	858	609	1249	808	961	608	1052	275	286	138	136	283	247	104	107	51578
*	3p	-	12	127323	87381	93121	127348	435173	2769	2006	2135	2007	755	817	599	1197	823	1017	548	1067	255	313	140	161	300	268	104	105	49667
*	3p	-	13	130739	86911	89596	127882	435128	2820	1945	1972	1924	760	892	536	1223	742	971	518	1072	339	300	159	177	285	302	124	111	47718
*	3p	-	14	131076	85193	90013	128782	435064	2852	1924	1954	1959	725	834	512	1162	752	951	520	1069	370	334	165	173	317	324	117	126	45706
*	3p	-	15	131072	85867	90260	127824	435023	2763	1925	2028	1964	696	829	537	1151	709	1019	509	1159	378	408	174	175	329	330	143	122	43857
*	3p	-	16	131065	86727	89144	128037	434973	2718	2024	2001	1946	757	891	486	1324	797	979	521	1090	414	393	186	197	358	322	130	153	42040
*	3p	-	17	130251	86683	88824	129208	434966	2588	1872	2025	1999	783	869	501	1210	791	967	676	1055	386	438	205	189	354	345	136	146	40475
*	3p	-	18	128980	87020	89699	129158	434857	2536	1958	1971	1920	709	940	521	1156	739	990	529	1088	409	409	213	203	421	387	139	141	38851
*	3p	-	19	129420	87053	89101	129230	434804	2499	1928	1985	1875	740	881	491	1179	797	1000	496	1081	441	433	228	212	423	402	165	155	37339
*	3p	-	20	127971	87334	88849	127432	431586	2508	2037	2097	2054	747	943	576	1290	838	1089	557	1171	471	435	253	259	423	412	155	171	35908
*	3p	-	21	126924	86540	88938	127806	430208	2649	2116	2070	2072	753	962	585	1220	808	1067	543	1189	541	425	284	272	432	407	178	187	34422
*	3p	-	22	128236	85821	88366	127198	429621	2595	1959	2128	2156	777	980	534	1215	792	1065	565	1180	524	506	258	273	462	496	170	162	33179
*	3p	-	23	128552	86719	87986	126127	429384	2568	2087	2083	2062	765	1022	522	1219	829	1058	544	1213	573	491	295	260	426	456	165	198	31903
*	3p	-	24	127795	86627	87995	126733	429150	2530	2120	2113	2015	766	981	551	1258	828	1067	526	1299	557	542	277	264	464	481	156	172	30742
*	3p	-	25	127579	86417	87925	126924	428845	2511	2121	2122	2037	759	1023	563	1275	821	1046	571	1214	582	498	284	277	493	468	180	199	29609
*	3p	-	26	127587	87011	87915	126103	428616	2456	2117	2119	2002	801	978	573	1244	809	1062	504	1298	594	566	322	291	494	501	203	185	28530
*	3p	-	27	126825	86725	88071	126821	428442	2472	2208	2224	2143	753	1015	552	1306	872	1084	582	1223	566	579	317	321	489	512	182	238	27483
*	3p	-	28	126921	86371	87571	127550	428413	2444	2099	2089	2042	752	995	608	1225	806	1070	556	1174	582	620	314	297	482	501	190	180	26520
*	3p	-	29	127333	86647	87679	126680	428339	2377	2075	2019	2050	748	959	543	1239	714	1093	488	1177	620	601	316	314	481	477	181	202	25510
*	3p	-	30	127277	86862	87911	126182	428232	2447	2086	2038	2089	799	990	553	1263	763	990	533	1206	598	614	310	351	472	469	194	194	24563
*	3p	-	31	126756	86986	87719	125526	426987	2367	2062	2128	2095	752	925	524	1230	799	1045	576	1248	626	600	329	335	499	491	200	208	23596
*	3p	-	32	127115	86302	87021	125506	425944	2364	2019	2100	2101	781	988	598	1245	782	1038	536	1171	649	601	308	314	529	474	193	198	22743
*	3p	-	33	125427	86716	87442	125368	424953	2379	2021	2022	2132	744	897	608	1231	782	1037	489	1204	597	610	298	355	498	482	215	223	21904
*	3p	-	34	125549	86200	86419	125458	423626	2355	2165	2057	1980	769	1010	549	1183	803	1049	579	1152	630	602	307	351	511	533	181	215	21117
*	3p	-	35	125197	86092	86352	124582	422223	2370	2115	2048	2053	769	951	543	1194	745	983	547	1151	604	602	333	299	507	547	202	222	20342
*	3p	-	36	124147	85199	86316	123859	419521	2376	2041	2077	2039	833	961	593	1187	779	1037	574	1158	639	604	323	346	503	546	230	216	19617
*	3p	-	37	124199	83974	85161	123432	416766	2318	2050	2033	2076	768	958	539	1161	753	1056	556	1273	638	577	354	356	507	546	199	240	18947
*	3p	-	38	122662	84578	84396	122243	413879	2375	2048	1997	2047	779	925	572	1082	764	996	537	1236	631	584	317	327	510	514	223	232	18271
*	3p	-	39	122036	83504	83611	121898	411049	2244	2051	2044	2026	775	940	530	1186	793	989	544	1188	650	593	335	308	524	508	211	239	17611
*	3p	-	40	120628	83460	82670	121417	408175	2266	1963	1989	2029	762	995	552	1165	765	1004	526	1279	591	614	357	341	518	477	199	251	16992
*	3p	-	41	120073	82212	82229	119914	404428	2269	2066	2111	1986	754	940	551	1160	753	980	577	1258	603	663	309	342	497	506	200	214	16403
*	3p	-	42	119244	81754	81201	118405	400604	2302	2068	2122	1950	752	987	498	1124	803	966	545	1153	583	596	321	350	487	506	201	216	15765
*	3p	-	43	117538	80718	81087	117298	396641	2229	1971	1996	1988	753	893	539	1158	770	967	534	1285	574	603	337	332	485	511	205	203	15195
*	3p	-	44	117271	79661	79483	116158	392573	2103	1908	1944	2024	738	901	518	1055	716	954	532	1143	590	609	335	330	496	515	194	188	14653
*	3p	-	45	115971	79902	78453	114030	388356	2107	1941	1936	1901	725	901	524	1139	757	924	492	1173	596	590	331	313	501	511	216	201	14152
*	3p	-	46	114343	77869	77094	114200	383506	2073	1916	2063	1849	682	917	513	1044	724	966	488	1085	592	595	308	304	463	467	235	205	13646
*	3p	-	47	112833	77029	76439	112261	378562	2084	1810	1819	1884	694	940	501	1107	726	963	524	1168	587	560	334	321	458	477	221	215	13173
*	3p	-	48	111291	76135	75619	110524	373569	2091	1960	1846	1826	693	913	535	1003	686	935	471	1145	604	626	309	313	475	469	175	209	12683
*	3p	-	49	109679	74817	74188	109684	368368	1972	1881	1814	1838	681	863	480	1023	660	941	491	1029	614	595	315	309	502	450	188	181	12203
*	3p	-	50	108098	74093	73270	107622	363083	1945	1853	1911	1752	653	773	518	1077	687	882	457	1077	564	574	310	339	434	483	201	187	11729
*	3p	-	51	106472	73416	71758	106283	357929	1875	1844	1770	1712	693	828	491	983	640	901	461	1105	560	541	334	322	466	496	192	213	11293
*	3p	-	52	105173	72021	70831	104673	352698	1827	1696	1736	1732	622	797	469	1064	650	857	450	1068	545	552	309	310	451	448	200	215	10887
*	3p	-	53	103273	71005	70139	102901	347318	1930	1778	1752	1658	688	822	455	993	660	828	466	1039	558	536	311	296	446	426	210	193	10489
*	3p	-	54	101440	69767	68759	101840	341806	1838	1824	1719	1726	600	798	444	982	613	828	456	983	571	535	295	311	426	464	209	184	10098
*	3p	-	55	100287	69011	67419	99592	336309	1787	1708	1642	1673	613	792	453	984	649	778	406	948	569	526	322	275	402	494	191	181	9738
*	3p	-	56	98842	66806	66300	98643	330591	1768	1669	1644	1716	637	785	440	977	603	757	428	944	526	562	296	277	417	441	191	199	9420
*	3p	-	57	96242	66541	64936	97218	324937	1759	1693	1712	1586	606	743	475	851	626	867	395	926	476	527	309	297	406	419	174	184	9085
*	3p	-	58	94703	65148	63592	95445	318888	1778	1673	1521	1531	566	800	417	838	607	737	410	952	511	548	279	294	398	420	168	171	8755
*	3p	-	59	93335	63344	62563	93728	312970	1696	1552	1641	1511	573	771	423	888	565	766	439	938	495	487	280	308	398	358	175	160	8425
*	3p	-	60	91530	62567	61005	91736	306838	1656	1593	1486	1518	593	679	411	841	627	759	383	916	473	506	285	310	376	405	167	152	8153
*	3p	-	61	89455	61492	60180	89529	300656	1618	1559	1416	1556	563	700	410	841	531	709	371	915	494	453	296	278	377	368	171	191	7872
*	3p	-	62	87913	60019	58967	87715	294614	1549	1466	1470	1488	564	649	390	821	521	721	373	855	526	475	260	231	393	379	169	117	7599
*	3p	-	63	86355	58766	57312	86015	288448	1560	1496	1497	1434	504	678	434	818	528	676	355	893	466	460	273	262	397	372	153	155	7311
*	3p	-	64	83722	57534	56417	84545	282218	1494	1481	1412	1397	507	642	359	789	512	702	351	892	437	458	234	272	376	358	166	167	7029
*	3p	-	65	82349	55479	55262	82847	275937	1482	1399	1318	1357	500	644	382	767	528	702	371	891	462	455	248	250	381	370	151	157	6774
*	3p	-	66	80097	54993	53851	80924	269865	1376	1448	1275	1326	510	652	399	761	519	657	362	797	412	457	239	264	345	343	154	150	6539
*	3p	-	67	78776	53616	52212	79047	263651	1410	1353	1210	1327	449	601	345	739	472	623	386	747	440	439	231	249	349	328	136	131	6306
*	3p	-	68	77276	52651	50892	76604	257423	1270	1340	1286	1240	510	603	370	740	476	656	341	761	461	415	211	231	324	309	135	126	6071
*	3p	-	69	74571	51235	50107	75276	251189	1286	1365	1153	1207	461	600	323	744	435	671	310	685	394	418	234	244	288	266	146	122	5844
*	3p	-	70	73040	49551	48373	73923	244887	1299	1253	1238	1195	445	571	318	677	431	600	304	756	414	393	221	212	277	287	116	138	5616
*	5p	+	1	140079	137095	114643	123076	514893	1776	2015	2252	2879	1172	736	611	1486	1017	969	762	741	0	0	0	0	64	42	33	31	90669
*	5p	+	2	152946	90573	103756	167722	514997	1734	2932	1938	1573	565	848	465	839	693	782	370	997	65	62	11	16	23	20	3	15	90506
*	5p	+	3	153045	111879	94315	155811	515050	1584	2057	1493	1755	659	672	357	966	470	712	493	1218	41	32	11	25	10	15	2	6	87370
*	5p	+	4	165231	104053	91146	154294	514724	1651	1977	1481	1641	619	650	362	1047	499	776	389	1071	216	147	54	65	127	144	39	49	83557
*	5p	+	5	165646	100089	99665	149276	514676	1666	1703	1476	1566	580	660	367	957	541	737	475	1164	153	157	67	71	143	185	36	43	79404
*	5p	+	6	170623	95215	100771	147969	514578	2575	2322	2204	2140	855	1014	596	1299	824	1298	573	1505	172	185	83	87	183	207	63	52	74557
*	5p	+	7	148655	101573	96065	168227	514520	2078	2659	1955	2167	775	1080	555	1282	685	1044	607	1505	170	236	106	64	198	231	78	57	72152
*	5p	+	8	149841	106142	98377	160112	514472	2238	2393	2117	2389	883	1055	539	1302	784	996	685	1595	187	193	97	106	227	213	86	86	69541
*	5p	+	9	143233	106979	95493	168661	514366	2025	2589	2228	2212	843	1159	545	1283	810	997	609	1585	251	298	126	139	256	301	85	76	66865
*	5p	+	10	160409	98304	98933	156612	514258	2322	2440	1995	2129	788	1078	541	1381	844	1110	590	1517	332	263	137	147	333	283	107	103	64194
*	5p	+	11	152180	110693	106619	144709	514201	2312	2425	2327	2417	899	1002	670	1477	851	1089	734	1555	306	330	182	165	295	337	127	124	61395
*	5p	+	12	150770	111294	102377	149726	514167	2321	2477	2351	2505	956	1070	673	1463	913	1108	896	1523	383	361	182	181	312	328	138	139	59349
*	5p	+	13	152717	106086	102160	153117	514080	2311	2441	2237	2381	821	1113	646	1437	856	1140	593	1555	390	369	187	180	385	354	131	134	57251
*	5p	+	14	153077	105546	100958	154521	514102	2276	2569	2313	2495	897	1107	682	1395	803	1076	599	1527	417	394	197	185	360	333	137	150	55176
*	5p	+	15	152129	106073	101888	153915	514005	2263	2405	2166	2428	891	1022	670	1414	934	1134	657	1542	430	464	214	209	368	414	156	139	53179
*	5p	+	16	153287	105043	102215	153364	513909	2350	2540	2335	2363	880	1007	692	1466	935	1161	575	1585	466	470	216	237	415	448	138	170	51136
*	5p	+	17	153472	105368	101735	153346	513921	2364	2417	2341	2453	915	1061	1008	1448	1003	1127	621	1471	484	453	258	243	392	408	195	166	49383
*	5p	+	18	153836	106477	102007	151505	513825	2416	2622	2300	2424	890	1059	604	1376	814	1093	600	1434	520	510	259	226	440	452	197	168	47620
*	5p	+	19	153151	105538	102161	152959	513809	2328	2265	2244	2310	813	1040	635	1388	859	1035	582	1445	527	556	277	262	482	449	177	165	45884
*	5p	+	20	151752	105200	102852	150711	510515	2393	2531	2420	2562	970	1116	681	1513	883	1152	650	1541	545	555	318	283	493	471	179	201	44289
*	5p	+	21	152252	104576	101850	150417	509095	2497	2573	2475	2575	966	1120	731	1533	865	1195	716	1459	556	593	265	318	532	501	226	206	42688
*	5p	+	22	151641	104774	101417	150692	508524	2509	2554	2500	2584	952	1165	682	1528	971	1197	630	1536	593	583	303	296	586	525	213	194	41237
*	5p	+	23	150269	104310	101926	151759	508264	2490	2615	2461	2598	931	1063	687	1526	919	1205	637	1541	631	637	324	313	511	531	230	231	39809
*	5p	+	24	150777	104077	102295	150904	508053	2597	2551	2509	2527	921	1138	687	1444	941	1230	655	1503	653	623	321	312	561	526	222	192	38416
*	5p	+	25	151606	104636	100893	150613	507748	2643	2590	2402	2509	913	1095	809	1433	892	1240	747	1551	638	671	301	357	564	573	217	213	37095
*	5p	+	26	151402	104467	101085	150632	507586	2557	2596	2445	2527	931	1119	610	1504	914	1244	698	1558	679	672	358	351	519	551	260	228	35876
*	5p	+	27	150948	103854	101720	150879	507401	2562	2617	2524	2637	974	1091	666	1517	975	1226	696	1527	686	679	357	424	558	598	224	227	34681
*	5p	+	28	151259	102928	102258	150775	507220	2688	2597	2417	2624	885	1120	610	1654	891	1264	690	1562	696	698	327	403	612	535	278	256	33566
*	5p	+	29	151450	103267	102302	150133	507152	2476	2461	2411	2479	972	1106	663	1479	899	1200	687	1538	701	718	356	388	620	564	247	241	32432
*	5p	+	30	150048	103780	102651	150557	507036	2581	2614	2330	2488	909	1117	601	1476	907	1222	682	1531	707	719	388	361	575	571	258	267	31363
*	5p	+	31	150721	104097	101454	149512	505784	2592	2614	2418	2642	882	1109	608	1509	926	1231	685	1523	709	683	367	436	602	574	241	265	30231
*	5p	+	32	150101	103471	101064	149940	504576	2580	2417	2480	2607	939	1076	619	1540	946	1175	668	1488	693	689	439	402	602	594	240	265	29244
*	5p	+	33	149797	103811	101999	147785	503392	2673	2601	2472	2474	879	1111	639	1453	974	1179	738	1535	762	705	382	381	695	544	249	249	28252
*	5p	+	34	150851	102566	100680	147897	501994	2588	2566	2452	2384	962	1092	658	1509	918	1245	664	1476	744	716	373	380	631	545	267	239	27347
*	5p	+	35	147473	102528	100589	149957	500547	2690	2472	2338	2564	925	1096	647	1450	945	1203	635	1501	752	767	387	413	607	543	256	268	26446
*	5p	+	36	146430	102611	100308	148154	497503	2627	2465	2439	2552	922	1081	674	1447	949	1229	710	1452	750	754	404	447	620	559	255	222	25612
*	5p	+	37	146544	101545	98923	147229	494241	2593	2526	2379	2476	878	1136	673	1570	915	1133	706	1355	771	763	381	417	610	561	278	271	24727
*	5p	+	38	146104	99815	98782	146075	490776	2578	2498	2421	2420	895	1097	656	1477	932	1214	681	1409	741	694	413	413	635	584	277	229	23950
*	5p	+	39	144648	99574	98794	144481	487497	2698	2325	2458	2544	917	1071	639	1574	918	1230	742	1412	732	725	403	365	624	577	270	259	23197
*	5p	+	40	145445	98600	98074	142221	484340	2679	2425	2369	2372	898	1174	597	1492	972	1212	697	1340	726	680	383	389	568	642	232	257	22428
*	5p	+	41	143775	97733	96508	142119	480135	2669	2430	2496	2525	850	1138	711	1501	948	1231	641	1375	715	727	368	350	576	559	262	277	21724
*	5p	+	42	141400	96661	96106	141469	475636	2649	2445	2396	2386	917	1049	625	1448	854	1173	623	1311	713	706	339	381	600	541	268	237	21010
*	5p	+	43	140330	96621	94810	139317	471078	2722	2396	2415	2424	823	1073	578	1672	921	1132	643	1316	734	673	411	373	579	603	267	244	20317
*	5p	+	44	139536	95078	93551	138231	466396	2659	2334	2342	2442	886	1068	581	1476	945	1163	642	1246	665	764	392	365	541	558	223	251	19718
*	5p	+	45	137240	93345	93324	137713	461622	2692	2277	2376	2325	837	1119	579	1384	886	1193	605	1322	722	726	370	390	578	534	240	249	19096
*	5p	+	46	136729	92437	92112	135039	456317	2608	2268	2231	2446	817	1083	620	1317	845	1193	631	1306	709	694	398	398	572	543	226	254	18439
*	5p	+	47	134746	91087	91111	133827	450771	2590	2317	2287	2286	852	1001	604	1487	834	1135	649	1276	752	701	341	368	594	534	212	271	17888
*	5p	+	48	132570	89588	90679	132236	445073	2651	2194	2174	2284	849	1035	569	1338	827	1104	693	1262	675	705	372	375	578	562	240	255	17313
*	5p	+	49	131547	87899	89098	130719	439263	2659	2242	2044	2294	789	993	526	1274	778	1124	603	1238	699	683	362	408	586	543	246	242	16762
*	5p	+	50	129140	87537	87579	129051	433307	2570	2257	2159	2174	817	1028	550	1250	819	1080	675	1222	707	678	368	375	566	588	219	238	16189
*	5p	+	51	127886	86036	86754	126851	427527	2581	2089	2115	2163	726	945	530	1305	809	1015	580	1181	717	710	365	356	615	544	265	228	15684
*	5p	+	52	125667	85320	84965	125474	421426	2532	2117	2015	2049	825	975	561	1269	802	1056	568	1142	674	681	380	369	562	580	234	268	15211
*	5p	+	53	124318	83251	84807	123009	415385	2484	2058	1957	2007	797	997	500	1179	791	1045	650	1233	639	697	365	402	527	575	253	260	14728
*	5p	+	54	122327	82588	82970	121342	409227	2553	2064	2000	2090	789	962	545	1177	768	1032	647	1144	638	673	376	357	544	587	197	264	14250
*	5p	+	55	120382	80823	82536	119179	402920	2499	2057	1975	1993	787	874	476	1173	706	975	574	1179	649	640	363	367	541	509	208	269	13817
*	5p	+	56	118648	79453	80350	117981	396432	2638	1919	1979	1986	741	878	481	1167	757	1024	585	1163	664	603	335	344	522	476	229	237	13435
*	5p	+	57	116773	77672	79119	116156	389720	2429	1923	1856	2007	735	918	494	1132	772	1020	567	1089	623	626	309	352	497	498	209	234	12998
*	5p	+	58	114694	76655	78352	113331	383032	2378	1853	1895	1861	691	906	504	1176	668	964	558	1064	615	608	320	325	474	451	196	241	12623
*	5p	+	59	113408	75145	75908	111662	376123	2446	1853	1827	1844	660	846	468	1122	723	943	611	937	613	610	306	335	480	477	199	219	12229
*	5p	+	60	111273	72904	74501	110573	369251	2384	1849	1826	1834	577	891	491	1087	691	955	550	957	604	594	287	342	440	503	161	194	11893
*	5p	+	61	108802	72045	73317	108364	362528	2337	1721	1812	1783	649	851	458	1090	660	905	599	941	582	564	308	305	442	462	164	221	11538
*	5p	+	62	106816	70890	71892	105927	355525	2383	1684	1670	1716	610	851	433	1075	655	830	548	909	576	572	314	374	427	461	194	193	11213
*	5p	+	63	104764	68950	70955	103730	348399	2238	1710	1682	1696	648	798	454	1049	656	835	521	926	585	659	306	301	407	453	180	208	10846
*	5p	+	64	102524	68253	68615	101728	341120	2269	1742	1595	1612	600	741	462	1114	663	892	496	947	567	552	292	318	453	482	164	186	10510
*	5p	+	65	100372	66526	67075	100150	334123	2221	1656	1666	1566	622	781	436	1155	638	811	512	871	549	556	293	280	432	447	188	180	10223
*	5p	+	66	98236	65154	66272	97251	326913	2169	1678	1652	1544	623	760	402	998	687	830	508	877	534	516	276	298	463	388	178	184	9896
*	5p	+	67	96249	63211	64523	95650	319633	2166	1602	1564	1540	569	743	440	866	619	809	483	853	512	471	304	285	408	428	193	178	9595
*	5p	+	68	93683	61530	63789	93317	312319	2218	1502	1549	1546	546	714	426	894	575	755	477	872	532	497	253	268	443	420	179	138	9300
*	5p	+	69	92156	60428	61616	90678	304878	2109	1523	1550	1422	566	758	421	875	613	752	468	778	535	452	253	267	398	362	145	165	9011
*	5p	+	70	90601	58050	60163	88846	297660	1991	1510	1479	1425	541	703	374	871	543	745	440	741	516	457	268	278	415	340	176	133	8744
*	5p	-	1	117406	115965	99267	103222	435860	1557	1626	1835	2256	984	623	581	1226	807	833	653	632	0	0	0	0	21	16	17	24	79324
*	5p	-	2	127463	76562	90675	141148	435848	1452	2414	1594	1237	516	726	411	680	598	650	323	784	1	8	1	2	25	21	14	16	79143
*	5p	-	3	127915	96976	80695	130297	435883	1423	1708	1319	1415	564	622	325	819	453	629	409	1019	6	14	8	5	28	19	8	9	76586
*	5p	-	4	137053	90048	79229	129485	435815	1438	1635	1129	1302	514	554	301	792	401	620	326	890	20	29	33	44	43	31	36	23	73324
*	5p	-	5	137930	85645	85422	126792	435789	1443	1452	1174	1276	457	543	393	810	450	615	305	982	44	31	52	35	52	34	34	39	69736
*	5p	-	6	142102	81501	88770	123410	435783	2105	1990	1977	1705	615	795	584	1137	778	969	498	1329	53	58	49	53	54	41	41	31	65584
*	5p	-	7	123484	86182	82092	143950	435708	1779	2341	1695	1795	660	916	506	961	677	891	503	1303	85	77	53	47	80	75	51	36	63488
*	5p	-	8	124422	90485	84926	135846	435679	1769	2137	1805	1903	785	927	531	1045	720	835	498	1263	104	104	53	57	88	104	42	37	61128
*	5p	-	9	119046	90412	83321	142817	435596	1817	2203	1781	1909	691	912	550	1067	677	805	490	1332	139	127	72	76	96	144	54	60	58792
*	5p	-	10	134057	83508	84577	133365	435507	1989	1954	1740	1787	663	922	519	1096	720	988	453	1239	156	146	92	92	154	159	72	58	56477
*	5p	-	11	128581	92709	90849	123284	435423	1953	1967	1986	2087	801	958	642	1156	795	960	556	1300	183	222	111	82	176	184	81	86	54010
*	5p	-	12	125739	95432	87800	126388	435359	1999	2022	1967	2027	779	897	1092	1130	732	959	586	1334	240	204	110	139	190	198	109	94	52228
*	5p	-	13	128136	90714	86636	129838	435324	1951	2014	1967	1928	707	925	595	1062	783	968	531	1252	242	246	108	119	204	224	106	92	50303
*	5p	-	14	126832	91317	87389	129686	435224	2024	2088	1899	1883	714	934	549	1151	740	940	502	1228	234	279	133	137	241	266	106	113	48495
*	5p	-	15	128134	89852	86358	130821	435165	2006	2118	1885	1936	693	940	531	1129	715	932	584	1241	281	266	160	150	269	267	117	131	46699
*	5p	-	16	130037	89167	86587	129320	435111	1997	2187	1992	2065	771	871	1196	1123	701	966	494	1229	303	299	161	151	272	297	133	132	44881
*	5p	-	17	130553	88816	86681	128977	435027	1956	2002	1910	1990	711	1006	544	1031	741	988	487	1226	352	312	166	170	327	327	134	135	43386
*	5p	-	18	127872	89371	89621	128091	434955	1983	1932	1881	1916	702	923	470	1090	743	1003	560	1344	337	362	160	178	348	331	189	126	41834
*	5p	-	19	128120	89400	86482	130951	434953	1921	1942	1950	1895	664	894	500	1069	735	961	498	1124	347	337	197	182	365	348	142	142	40295
*	5p	-	20	128172	88952	88225	126353	431702	2146	2070	2062	2099	919	990	550	1226	745	1025	647	1296	392	384	211	203	374	395	130	146	38881
*	5p	-	21	127084	88814	87379	127037	430314	2222	2177	2102	2142	773	947	560	1173	778	1034	759	1232	391	423	204	235	363	379	186	171	37541
*	5p	-	22	126895	89297	86221	127371	429784	2151	2139	2068	2078	739	929	686	1121	826	1035	545	1177	415	408	249	257	371	398	178	178	36275
*	5p	-	23	127136	88233	86639	127422	429430	2195	2128	2047	2059	825	991	572	1134	757	1072	605	1330	410	463	253	274	397	426	199	173	35130
*	5p	-	24	126498	88966	87782	125902	429148	2181	2131	2106	2149	762	995	538	1191	775	996	582	1312	482	435	258	271	474	444	183	173	33849
*	5p	-	25	125764	89652	87601	125895	428912	2291	2261	2066	2152	705	936	528	1245	765	1077	542	1279	483	463	281	287	437	457	201	178	32627
*	5p	-	26	126820	88684	87155	126111	428770	2339	2106	2116	2093	802	946	547	1198	767	988	578	1348	520	502	280	242	411	457	186	175	31470
*	5p	-	27	127690	87174	87784	125939	428587	2347	2140	2027	2124	745	986	527	1212	772	1072	578	1306	516	562	261	234	446	452	195	184	30426
*	5p	-	28	126626	89378	87117	125353	428474	2166	2110	2120	2065	816	1023	605	1152	777	1037	563	1211	546	509	276	279	491	445	192	165	29430
*	5p	-	29	127141	88097	86742	126319	428299	2239	2119	2062	2046	759	944	586	1212	792	1011	517	1292	559	530	261	284	498	459	202	222	28437
*	5p	-	30	126187	87111	87372	127543	428213	2209	2041	2015	1998	707	972	579	1142	758	1041	514	1243	507	563	279	306	454	476	203	217	27491
*	5p	-	31	125452	88863	85506	127165	426986	2060	2000	2219	2138	723	1026	533	1216	834	1061	559	1221	540	605	308	308	516	465	213	205	26541
*	5p	-	32	127073	87089	87336	124458	425956	2231	2086	1990	2063	763	1016	516	1136	789	1007	543	1274	574	535	307	333	483	505	201	195	25662
*	5p	-	33	127387	88686	85314	123568	424955	2197	2257	2053	2095	803	1014	550	1244	793	1088	535	1218	578	576	294	290	513	474	215	218	24806
*	5p	-	34	127499	85980	85936	124165	423580	2326	2048	2037	2099	796	935	480	1183	790	1011	636	1234	649	558	329	298	508	534	201	246	24017
*	5p	-	35	126730	85934	85148	124397	422209	2329	2092	2044	2122	742	931	545	1218	767	1093	531	1201	579	633	344	338	501	533	247	216	23184
*	5p	-	36	123402	86117	84717	125319	419555	2343	2069	2038	2081	748	982	530	1191	775	1074	551	1172	654	642	316	314	563	468	219	213	22445
*	5p	-	37	123970	86369	83472	122985	416796	2216	2170	2480	1995	761	971	494	1229	865	1087	590	1196	611	604	363	312	519	530	219	196	21725
*	5p	-	38	121510	83433	84350	124555	413848	2353	2102	1969	2016	726	921	513	1144	784	1006	612	1222	562	647	368	327	509	554	221	224	21008
*	5p	-	39	120923	84041	82364	123725	411053	2226	2083	1958	2020	713	919	522	1147	728	1037	540	1210	587	617	361	305	494	515	234	236	20349
*	5p	-	40	121054	83523	82102	121451	408130	2378	2109	2092	2016	723	936	516	1169	760	998	562	1189	593	626	330	344	547	523	211	208	19724
*	5p	-	41	119158	83148	83501	118545	404352	2352	2012	2106	2058	725	918	551	1152	781	1035	574	1120	658	625	337	316	532	534	205	221	19092
*	5p	-	42	118584	82794	81545	117675	400598	2420	2064	1994	2021	796	1033	489	1139	770	942	530	1133	570	655	361	373	489	462	240	226	18516
*	5p	-	43	118254	80479	80147	117732	396612	2270	1971	1961	1944	718	924	494	1130	704	1018	448	1104	630	649	315	320	505	507	208	210	17912
*	5p	-	44	116399	80054	79610	116434	392497	2278	1948	1940	2412	702	859	473	1068	721	968	491	1095	619	612	377	345	501	552	188	223	17342
*	5p	-	45	115379	78097	78276	116588	388340	2247	1962	1984	1901	714	867	508	1164	800	1016	473	1080	657	615	349	321	486	524	236	192	16804
*	5p	-	46	113948	76953	78053	114454	383408	2374	1857	1960	1804	736	845	474	1091	711	964	487	1040	634	630	309	351	508	525	214	217	16259
*	5p	-	47	113575	75352	75888	113660	378475	2260	1844	1929	1794	716	880	482	1139	731	950	504	1071	641	616	335	338	519	493	238	205	15712
*	5p	-	48	110445	75291	76910	110788	373434	2289	1846	1806	1827	704	874	477	1043	719	947	453	1061	650	562	315	368	561	500	200	199	15212
*	5p	-	49	111836	73201	74278	108959	368274	2228	1800	2071	1820	696	897	443	1043	694	891	481	1004	613	644	324	323	490	493	210	221	14754
*	5p	-	50	107936	72825	73300	108920	362981	2250	1722	1760	1785	680	806	465	1089	705	951	449	954	590	629	346	287	503	516	187	198	14310
*	5p	-	51	106361	72033	73497	106057	357948	2219	1786	1773	1776	648	808	440	1047	650	889	415	1071	564	597	346	309	464	477	196	208	13868
*	5p	-	52	104849	71234	72078	104487	352648	2240	1678	1664	1734	622	814	456	1024	667	870	567	1820	600	577	336	317	465	515	192	190	13450
*	5p	-	53	103585	69693	70359	103655	347292	2157	1693	1734	1728	621	794	441	1042	649	848	431	968	619	584	335	305	449	473	186	193	13057
*	5p	-	54	102003	67652	69568	102580	341803	2190	1661	1694	1621	625	812	420	964	615	826	425	864	598	632	304	323	419	506	185	178	12648
*	5p	-	55	100688	67016	69860	98719	336283	2197	1754	1694	1616	604	822	398	997	634	829	446	872	651	560	316	323	455	453	176	212	12266
*	5p	-	56	99832	65843	66800	98095	330570	2177	1655	1670	1666	551	782	417	925	657	870	442	870	579	575	312	302	409	480	192	189	11880
*	5p	-	57	97914	63681	65969	97298	324862	2112	1533	1659	1617	600	754	423	916	554	836	396	913	531	605	309	329	458	449	182	167	11547
*	5p	-	58	96160	63117	64562	94938	318777	2193	1685	1585	1554	512	704	379	976	577	719	369	841	533	577	317	303	444	441	201	179	11191
*	5p	-	59	93675	62798	63264	93074	312811	2046	1606	1579	1471	556	666	389	898	569	793	397	829	545	576	281	301	435	434	170	204	10869
*	5p	-	60	91673	60098	63535	91403	306709	2130	1532	1472	1449	564	628	393	891	572	794	393	833	548	516	300	299	439	429	184	176	10588
*	5p	-	61	90045	59898	60443	90180	300566	2068	1383	1470	1428	517	679	373	830	591	801	334	772	557	520	295	288	433	420	181	162	10278
*	5p	-	62	88990	57924	60583	86999	294496	2065	1449	1491	1404	529	644	427	793	597	734	374	788	522	533	286	275	426	399	178	165	9967
*	5p	-	63	87000	56880	58690	85795	288365	2018	1382	1417	1381	546	690	383	893	534	706	340	725	568	507	298	274	422	399	167	171	9655
*	5p	-	64	84584	56765	56994	83865	282208	1946	1473	1410	1393	504	608	364	839	584	695	358	745	506	533	257	261	376	400	154	147	9369
*	5p	-	65	82357	54255	55906	83428	275946	1979	1383	1335	1347	457	630	302	861	557	701	374	725	506	486	277	277	365	374	145	168	9091
*	5p	-	66	80301	52695	54688	82100	269784	1954	1289	1312	1237	469	652	383	776	561	692	318	718	465	499	255	265	392	376	156	146	8808
*	5p	-	67	78970	51357	54254	79003	263584	1944	1241	1345	1240	464	655	339	771	546	648	330	731	466	428	240	279	347	363	149	151	8531
*	5p	-	68	77651	51110	52109	76422	257292	1794	1269	1224	1198	497	574	327	750	500	598	305	674	458	436	238	294	362	369	148	147	8268
*	5p	-	69	75269	50056	51204	74491	251020	1975	1218	1204	1209	497	545	329	731	461	648	301	729	444	451	228	249	344	355	163	129	7989
*	5p	-	70	74729	47644	49331	73043	244747	1793	1163	1218	1155	408	541	302	755	492	620	344	604	424	418	222	238	339	338	140	143	7764
