# table produced by mapDamage version 2.2.1
# using mapped file CviAPal002.merged.L103.realn.bam and reference.ssl.Cvi20k_rename.fasta as reference file
# Chr: reference from sam/bam header, End: from which termini of DNA sequences, Std: strand of reads
Chr	End	Std	Pos	A	C	G	T	Total	G>A	C>T	A>G	T>C	A>C	A>T	C>G	C>A	T>G	T>A	G>C	G>T	A>-	T>-	C>-	G>-	->A	->T	->C	->G	S
*	3p	+	1	55479	39555	49500	59410	203944	2231	606	832	675	349	379	276	381	408	366	264	347	0	0	0	0	8	5	15	10	68759
*	3p	+	2	67519	40428	35199	60861	204007	1565	490	487	573	236	243	105	330	234	349	170	238	1	0	2	0	7	16	2	5	68623
*	3p	+	3	63803	35037	44757	60407	204004	1070	505	471	489	183	218	151	349	226	266	154	261	2	2	1	1	8	10	5	10	67292
*	3p	+	4	63103	34783	42655	63442	203983	840	530	487	393	162	247	116	293	217	252	138	296	12	9	14	10	12	20	14	7	65571
*	3p	+	5	63654	36399	39545	64371	203969	686	500	419	446	158	250	112	276	196	231	164	292	23	9	13	17	16	18	19	16	63747
*	3p	+	6	60495	40693	37401	65349	203938	1104	884	753	821	365	417	255	577	340	508	334	515	20	29	19	19	22	41	21	14	61828
*	3p	+	7	69519	37466	37769	59163	203917	1059	799	829	712	334	438	229	582	355	511	280	489	25	24	23	19	35	36	20	27	60722
*	3p	+	8	66887	37214	40558	59237	203896	1063	769	797	767	318	396	237	579	401	556	306	480	29	28	13	27	54	52	15	21	59491
*	3p	+	9	68959	36346	40462	58117	203884	1137	672	762	783	321	368	231	615	382	552	341	557	63	48	31	31	59	38	23	33	58216
*	3p	+	10	66990	37984	37247	61606	203827	1001	790	740	727	336	437	230	611	374	514	295	485	66	58	46	34	66	79	34	31	57000
*	3p	+	11	63198	38255	40158	62171	203782	1013	884	877	848	342	446	231	581	374	530	379	525	89	80	40	39	90	80	40	47	55709
*	3p	+	12	61364	37708	43847	60850	203769	1058	855	878	911	390	405	252	586	450	529	1788	531	98	89	55	48	117	82	33	36	54754
*	3p	+	13	63605	37697	41540	60906	203748	1025	794	872	863	357	429	233	600	383	579	323	548	114	93	45	52	109	87	42	51	53782
*	3p	+	14	62121	37926	42395	61246	203688	1038	891	814	806	352	460	256	579	407	592	241	622	95	116	71	52	123	113	62	42	52806
*	3p	+	15	63861	37444	38869	63480	203654	974	816	826	846	349	393	325	565	436	550	271	532	131	128	64	54	148	101	62	74	51829
*	3p	+	16	62964	36687	39942	64057	203650	995	828	859	832	363	439	250	607	454	550	1164	538	129	127	75	68	126	151	46	65	50891
*	3p	+	17	63455	37428	39058	63681	203622	987	833	950	875	351	482	255	553	425	555	293	529	138	173	71	92	143	161	55	56	50051
*	3p	+	18	63273	40644	38947	60734	203598	995	872	877	813	353	428	234	695	408	566	229	536	174	179	71	79	148	141	62	82	49176
*	3p	+	19	66430	37317	38799	61033	203579	942	904	839	864	370	448	240	593	414	550	206	520	166	152	91	76	186	148	65	56	48312
*	3p	+	20	59925	39751	38547	58832	197055	1030	925	922	927	412	463	353	680	542	601	239	566	190	164	86	76	172	145	73	87	47475
*	3p	+	21	61105	37187	37980	58033	194305	1088	911	929	983	372	484	719	627	487	567	278	544	171	171	85	92	195	162	76	87	46702
*	3p	+	22	60371	35911	38649	58209	193140	972	885	892	858	410	465	269	668	409	543	480	555	202	175	100	116	215	182	75	83	45969
*	3p	+	23	60871	36502	37912	57115	192400	1007	915	875	814	341	469	281	683	369	563	273	580	211	201	121	122	197	200	73	98	45189
*	3p	+	24	57677	38467	37903	57728	191775	1091	899	998	865	408	460	269	653	434	586	250	595	227	227	121	91	257	218	91	100	44473
*	3p	+	25	58091	38352	38130	56467	191040	1004	977	894	930	415	468	228	662	386	576	252	645	209	221	123	115	234	214	84	85	43680
*	3p	+	26	57486	35979	38188	58768	190421	1049	1010	878	859	366	487	303	616	424	607	263	605	223	221	105	122	219	212	77	112	42930
*	3p	+	27	58407	36145	36001	59307	189860	1027	957	954	983	377	473	308	620	440	608	241	588	252	240	100	127	255	219	97	102	42213
*	3p	+	28	56406	36730	39750	56461	189347	1029	907	859	897	336	485	274	607	423	561	369	598	250	228	120	142	247	243	95	119	41538
*	3p	+	29	56993	37197	37488	57327	189005	985	968	865	937	358	432	237	644	413	575	280	588	254	251	116	131	263	235	98	122	40864
*	3p	+	30	60029	36354	35552	56679	188614	1000	843	908	917	370	428	262	592	445	610	271	548	237	253	131	140	276	239	83	122	40195
*	3p	+	31	58085	34478	39041	56113	187717	1065	882	1029	935	401	482	245	603	584	594	226	635	257	269	119	145	275	233	111	123	39542
*	3p	+	32	56241	35141	36568	58958	186908	931	918	871	869	424	455	251	591	447	600	199	575	262	260	126	139	304	251	91	117	38888
*	3p	+	33	55665	34154	37516	58783	186118	1051	892	879	912	368	475	271	570	491	529	239	618	244	276	140	174	295	242	115	112	38259
*	3p	+	34	56133	34659	34813	59634	185239	999	949	870	856	361	465	292	638	422	603	210	556	277	274	130	151	295	240	89	105	37620
*	3p	+	35	56337	34330	35400	58291	184358	1026	985	889	911	351	443	251	539	401	586	224	582	310	286	131	135	301	260	105	121	37029
*	3p	+	36	58228	33960	36324	54455	182967	1042	899	884	936	354	470	252	586	417	576	259	568	291	270	159	148	308	262	111	110	36451
*	3p	+	37	55729	33396	37421	55114	181660	969	898	811	1482	388	441	232	554	395	544	235	674	311	280	143	164	310	292	108	127	35837
*	3p	+	38	57855	34594	34172	53634	180255	971	910	881	879	372	469	353	552	387	584	206	526	327	326	133	153	296	257	93	138	35295
*	3p	+	39	56859	33734	35058	53405	179056	953	952	879	841	328	413	232	625	362	607	248	583	293	311	164	146	331	273	119	109	34738
*	3p	+	40	56294	33440	34447	53737	177918	1022	811	852	810	407	433	262	597	378	564	255	527	342	269	139	169	353	267	124	117	34192
*	3p	+	41	52852	36018	34987	52640	176497	948	960	907	876	425	464	247	673	391	510	208	584	312	305	165	172	315	288	117	106	33599
*	3p	+	42	52985	33790	35655	52487	174917	932	967	930	832	366	475	231	560	419	524	248	572	310	328	166	162	302	288	126	124	33034
*	3p	+	43	53229	32726	33172	54298	173425	899	918	879	831	300	429	214	564	393	562	229	527	318	313	159	151	299	283	119	126	32510
*	3p	+	44	52441	32937	34338	52183	171899	925	884	1101	854	368	419	225	535	383	516	223	479	302	312	151	153	290	307	126	130	32003
*	3p	+	45	54377	31881	32689	51368	170315	965	875	822	857	358	444	246	498	401	505	223	552	301	296	156	163	304	305	107	116	31442
*	3p	+	46	53360	32536	31565	51308	168769	946	869	821	863	363	446	219	576	396	520	213	523	280	320	178	149	266	274	141	135	30899
*	3p	+	47	53857	31279	31056	50696	166888	861	811	821	826	330	430	244	551	365	527	238	530	299	326	165	161	292	296	104	136	30359
*	3p	+	48	50449	33868	31597	49357	165271	869	854	771	824	351	446	288	593	350	556	214	574	303	334	175	130	284	291	100	110	29886
*	3p	+	49	49876	30777	30231	52713	163597	844	762	778	1642	339	428	232	592	393	480	232	535	299	317	162	162	311	289	115	114	29351
*	3p	+	50	51977	30544	30572	48742	161835	829	799	916	831	385	441	182	574	360	453	198	499	309	310	150	180	309	282	125	113	28857
*	3p	+	51	49339	32243	30353	48335	160270	819	806	761	771	307	395	219	635	355	466	215	473	320	278	154	147	315	282	91	122	28357
*	3p	+	52	48684	31569	30608	47742	158603	792	794	764	721	309	419	453	2211	345	416	197	475	282	295	166	153	282	271	109	120	27871
*	3p	+	53	50192	29497	29694	47510	156893	808	774	771	774	282	400	200	525	370	469	210	535	326	283	148	154	299	255	100	113	27359
*	3p	+	54	49302	29718	28637	47464	155121	829	786	781	795	311	361	222	428	343	462	200	451	291	276	160	161	320	233	118	125	26907
*	3p	+	55	46453	31667	28526	46710	153356	819	783	729	754	313	377	184	504	290	448	221	502	275	278	134	135	316	260	114	124	26411
*	3p	+	56	46046	28388	28444	48637	151515	795	788	714	735	285	395	191	450	351	437	223	457	310	278	141	136	293	293	95	110	25927
*	3p	+	57	46036	28297	27476	47883	149692	769	846	714	781	295	361	198	464	345	496	188	455	277	261	159	156	272	269	102	101	25470
*	3p	+	58	45103	27812	27721	47206	147842	842	720	665	706	285	389	185	419	343	501	213	476	261	266	139	145	290	275	97	81	24991
*	3p	+	59	44858	27286	29045	44698	145887	753	708	729	703	272	384	181	393	340	383	186	486	257	301	143	120	262	268	99	108	24520
*	3p	+	60	44686	29009	26980	43259	143934	738	725	718	674	272	366	233	488	313	430	194	449	274	277	138	173	266	244	104	123	24068
*	3p	+	61	44769	26864	26824	43498	141955	703	686	657	702	281	397	168	464	296	437	183	465	300	283	140	140	264	285	87	108	23598
*	3p	+	62	42630	28340	26151	42967	140088	760	737	693	672	257	357	185	439	303	386	195	436	290	298	134	140	255	243	107	108	23183
*	3p	+	63	43365	26233	25778	42614	137990	739	769	664	681	285	389	168	437	296	434	201	453	274	290	151	153	246	261	102	98	22719
*	3p	+	64	42510	25632	26413	41473	136028	748	725	599	684	264	351	228	437	299	392	185	431	296	282	130	144	283	252	94	112	22251
*	3p	+	65	43090	25657	24962	40272	133981	689	738	642	621	300	320	211	445	296	374	173	423	299	291	146	142	278	257	101	105	21787
*	3p	+	66	42453	25088	24769	39671	131981	727	708	629	609	283	310	160	397	296	399	142	466	310	262	152	154	285	239	121	86	21325
*	3p	+	67	39934	26470	24286	39348	130038	662	683	671	651	225	308	181	487	289	344	173	431	292	293	135	146	258	245	105	83	20890
*	3p	+	68	39339	24032	25401	39213	127985	624	685	577	634	256	323	149	355	294	394	173	377	268	273	133	162	264	253	82	98	20436
*	3p	+	69	38542	24120	25232	38038	125932	649	681	655	623	236	276	169	417	265	365	170	412	249	249	157	150	243	241	76	102	19952
*	3p	+	70	38531	23508	23728	38099	123866	606	710	591	598	233	345	153	347	280	373	155	401	262	258	134	149	260	244	80	93	19447
*	3p	-	1	53404	38575	47320	56236	195535	2344	586	877	689	321	316	249	345	445	363	219	372	0	0	0	0	11	16	8	6	62647
*	3p	-	2	65120	36310	33572	60568	195570	1581	514	445	527	205	228	107	319	195	301	145	249	12	8	3	1	10	3	2	1	62531
*	3p	-	3	61610	34853	38478	60639	195580	1032	505	472	442	168	206	131	344	211	250	119	292	4	8	7	0	6	1	0	2	61278
*	3p	-	4	60334	34503	37274	63365	195476	847	434	539	410	162	231	119	328	230	230	115	287	35	59	12	16	45	34	17	18	59806
*	3p	-	5	59244	36024	35666	64523	195457	703	490	431	415	187	236	114	295	213	227	122	286	36	41	15	15	52	42	19	19	58142
*	3p	-	6	58010	36766	35157	65489	195422	1078	810	778	759	355	437	233	590	389	502	254	521	56	53	21	23	61	75	17	17	56259
*	3p	-	7	63788	35568	35925	60140	195421	1137	736	817	674	303	418	194	596	343	519	193	490	66	57	34	20	69	64	20	19	55295
*	3p	-	8	61859	36354	37343	59860	195416	1029	741	819	740	314	403	233	574	353	556	204	550	63	76	30	26	62	71	25	18	54140
*	3p	-	9	64553	35235	37424	58093	195305	1008	713	794	711	329	393	216	574	368	502	259	493	109	94	34	44	113	98	25	52	52985
*	3p	-	10	61042	36847	35489	61924	195302	1007	781	744	693	374	424	214	557	353	511	232	532	111	110	54	37	102	115	42	29	51921
*	3p	-	11	57705	38424	38071	61004	195204	1012	855	853	854	426	444	301	622	423	540	230	566	131	128	57	63	153	143	46	46	50744
*	3p	-	12	58250	37966	38784	60201	195201	1024	767	854	866	373	434	336	628	420	560	255	535	128	123	77	90	139	128	70	52	49934
*	3p	-	13	60179	37371	37117	60494	195161	1026	783	802	788	369	432	233	609	386	513	247	531	157	153	63	74	153	160	64	52	49092
*	3p	-	14	60127	36646	37488	60873	195134	970	772	833	837	460	446	251	544	447	567	251	526	151	156	81	71	150	162	80	56	48161
*	3p	-	15	59615	36856	37756	60899	195126	999	812	801	811	425	411	227	582	385	574	256	566	168	178	86	96	150	183	81	50	47328
*	3p	-	16	59680	37551	37337	60558	195126	1009	833	841	798	385	436	218	615	470	561	245	573	177	159	78	83	161	172	83	47	46478
*	3p	-	17	59913	36405	37160	61592	195070	998	783	829	882	451	438	226	518	417	526	388	554	173	183	84	105	180	196	84	61	45748
*	3p	-	18	59216	37022	37600	61198	195036	1067	806	925	822	365	395	225	571	411	564	244	520	170	166	97	97	205	192	82	74	45018
*	3p	-	19	59744	37502	36813	60942	195001	919	770	792	821	364	456	231	542	365	541	234	526	191	197	109	87	225	202	74	89	44257
*	3p	-	20	56967	36536	36639	58339	188481	996	892	949	846	369	455	223	572	406	571	235	630	194	194	101	111	202	219	84	94	43544
*	3p	-	21	56357	35415	36054	57904	185730	1020	919	878	999	376	479	277	587	467	597	251	599	240	205	107	105	215	226	81	84	42815
*	3p	-	22	56403	35606	35440	57171	184620	1038	853	973	872	372	440	236	622	455	547	229	623	203	211	119	119	232	203	107	81	42185
*	3p	-	23	56716	35633	34839	56774	183962	1013	841	1003	866	393	460	227	622	423	538	255	609	242	203	128	122	229	213	77	88	41554
*	3p	-	24	55953	36153	35024	56288	183418	965	860	845	902	410	440	261	609	396	612	244	551	232	229	124	131	212	222	92	79	40897
*	3p	-	25	55745	35152	34730	56912	182539	1013	861	929	861	387	486	282	561	417	578	289	664	244	254	129	129	246	241	97	83	40260
*	3p	-	26	55084	35392	35050	56330	181856	964	883	847	862	404	467	231	579	409	576	262	581	259	240	130	144	245	240	124	95	39650
*	3p	-	27	55043	35018	35231	56053	181345	1034	905	891	859	386	463	276	622	386	590	207	609	252	256	121	141	268	239	115	91	39029
*	3p	-	28	54940	35333	34669	55941	180883	1016	901	911	888	370	426	257	596	457	530	261	623	256	284	127	138	274	264	91	91	38418
*	3p	-	29	54746	34869	34440	56477	180532	924	864	851	913	376	445	279	640	383	553	227	552	265	242	157	146	260	286	97	113	37841
*	3p	-	30	54723	35037	34666	55674	180100	966	911	850	892	388	487	231	602	431	583	222	575	258	293	146	133	265	282	117	112	37278
*	3p	-	31	54855	35240	34484	54630	179209	934	917	920	895	382	441	265	575	406	501	257	573	287	265	161	147	248	284	113	102	36749
*	3p	-	32	54192	34666	34396	55160	178414	974	876	870	860	367	451	240	570	372	537	270	614	278	274	145	165	267	275	98	91	36187
*	3p	-	33	54233	34006	34396	54931	177566	992	851	875	859	384	474	236	591	384	570	281	563	286	294	151	142	286	275	102	116	35634
*	3p	-	34	53521	34306	34141	54754	176722	1003	903	900	836	349	451	252	554	458	543	255	608	302	292	153	145	252	296	118	109	35136
*	3p	-	35	54139	33816	33954	54023	175932	948	918	877	863	385	448	266	554	415	530	220	587	303	261	162	146	291	283	113	104	34621
*	3p	-	36	53532	33876	33884	53288	174580	929	926	843	852	360	464	239	560	412	514	218	602	289	304	163	151	297	283	114	119	34040
*	3p	-	37	54124	33331	33176	52856	173487	933	787	907	822	404	450	257	516	366	527	259	569	324	265	173	165	297	273	102	120	33538
*	3p	-	38	53215	33119	33314	52632	172280	906	863	890	819	385	454	214	540	394	509	249	622	320	309	161	159	312	260	79	116	33030
*	3p	-	39	52522	33194	32856	52596	171168	887	909	855	795	348	473	275	515	381	515	242	576	268	292	165	146	291	285	90	111	32535
*	3p	-	40	52107	33528	32263	52272	170170	858	875	848	807	353	418	220	584	383	533	263	539	303	292	170	140	271	243	111	109	32016
*	3p	-	41	51707	32552	32386	52099	168744	951	839	854	837	330	464	252	564	370	532	216	541	324	308	163	140	293	257	106	111	31528
*	3p	-	42	50881	32754	32566	50981	167182	971	914	846	850	353	444	241	524	363	499	274	579	318	299	131	171	286	309	96	100	31031
*	3p	-	43	50685	32069	32203	50922	165879	864	853	838	820	370	428	227	489	387	531	252	661	288	280	152	163	293	280	102	115	30594
*	3p	-	44	50402	31787	31729	50578	164496	924	870	784	804	357	433	247	512	332	500	242	503	287	269	178	151	289	288	95	116	30120
*	3p	-	45	50010	31715	31377	49947	163049	892	900	770	795	344	401	249	494	395	560	221	518	279	327	145	159	270	288	119	97	29645
*	3p	-	46	49436	31061	30900	50109	161506	920	802	894	740	329	430	243	489	373	508	222	550	300	294	167	173	284	253	118	113	29179
*	3p	-	47	49502	30691	30568	49109	159870	894	838	774	779	324	449	206	498	344	534	202	620	304	304	149	143	287	270	97	127	28704
*	3p	-	48	49065	30598	30216	48379	158258	865	796	848	808	321	368	257	492	368	542	194	541	312	305	161	134	268	271	108	112	28246
*	3p	-	49	48434	30356	29837	48064	156691	875	826	762	757	292	415	252	483	367	470	206	495	293	301	127	147	252	277	93	94	27763
*	3p	-	50	47805	29610	29815	47771	155001	854	767	733	759	327	416	227	521	369	499	193	523	308	277	145	152	277	253	95	99	27273
*	3p	-	51	47449	29640	29191	47174	153454	802	780	802	779	322	413	263	478	326	463	211	547	282	283	146	151	272	284	105	97	26817
*	3p	-	52	46718	29340	29030	46781	151869	840	752	759	678	283	406	224	499	327	486	204	492	296	278	148	155	296	281	107	112	26357
*	3p	-	53	46114	29027	28754	46426	150321	826	738	726	693	350	397	208	512	330	495	203	487	315	289	130	130	280	271	117	100	25916
*	3p	-	54	45875	28713	28275	45832	148695	805	758	770	742	295	381	236	453	335	432	216	458	295	266	140	155	260	252	103	120	25461
*	3p	-	55	45582	28694	28101	44680	147057	768	757	743	720	294	354	228	434	317	445	220	445	246	276	142	140	254	261	109	106	24993
*	3p	-	56	44640	28338	27493	44868	145339	739	756	812	678	321	386	229	472	327	399	192	441	249	268	170	125	258	223	125	104	24570
*	3p	-	57	44088	27602	27282	44577	143549	776	727	716	692	311	393	209	407	302	471	187	481	231	247	147	132	248	258	112	90	24129
*	3p	-	58	43720	27469	26794	43802	141785	761	747	692	659	250	366	200	458	301	455	186	464	251	233	134	132	275	234	110	109	23690
*	3p	-	59	43217	26770	26854	43123	139964	693	679	665	711	281	384	241	445	288	437	189	437	233	250	126	118	263	243	97	92	23268
*	3p	-	60	43069	26697	26079	42337	138182	718	719	718	627	282	345	192	453	296	424	182	408	244	261	115	132	237	223	108	108	22809
*	3p	-	61	41928	26506	25880	42062	136376	740	702	652	628	276	359	225	412	308	462	166	435	248	231	141	123	258	222	95	104	22355
*	3p	-	62	41364	26131	25788	41254	134537	655	704	613	648	279	367	211	396	280	391	167	411	219	262	197	114	241	244	104	80	21909
*	3p	-	63	40711	25938	25244	40741	132634	732	716	644	612	266	370	243	411	302	394	185	380	311	236	138	123	245	223	108	73	21519
*	3p	-	64	39894	25364	25098	40370	130726	702	693	639	661	252	309	190	403	263	420	198	406	244	238	119	130	214	231	90	89	21084
*	3p	-	65	39665	24675	24843	39622	128805	681	666	671	610	294	327	202	383	306	397	210	463	214	253	134	122	220	227	97	85	20675
*	3p	-	66	38820	24833	24445	38854	126952	668	660	619	621	281	351	211	406	271	387	170	380	233	221	118	133	230	189	106	90	20235
*	3p	-	67	38519	23952	23807	38725	125003	663	662	643	599	265	331	181	368	285	364	189	392	222	258	122	123	228	253	84	84	19820
*	3p	-	68	37844	23914	23265	38049	123072	640	605	603	618	253	307	178	393	281	344	184	402	229	260	131	109	209	226	101	93	19381
*	3p	-	69	37066	23318	23542	37231	121157	659	648	578	641	249	334	189	358	274	340	167	389	247	225	109	138	190	220	102	92	18962
*	3p	-	70	36592	22971	22970	36655	119188	606	608	650	567	247	302	159	341	271	388	148	386	218	224	133	121	206	223	78	98	18502
*	5p	+	1	57433	53143	42281	51134	203991	718	721	858	1107	512	305	279	520	356	400	280	298	0	0	0	0	8	14	7	5	57461
*	5p	+	2	64723	33317	38341	67633	204014	560	948	657	490	198	347	159	297	227	298	117	344	8	16	1	2	4	7	2	0	57304
*	5p	+	3	64267	41184	34855	63718	204024	578	655	512	577	248	232	131	367	196	262	171	366	5	6	1	6	2	7	0	1	56102
*	5p	+	4	68161	38287	35091	62350	203889	526	634	473	569	210	233	123	361	176	302	124	339	95	34	22	17	56	54	16	21	54570
*	5p	+	5	69164	37152	37408	60145	203869	535	530	487	464	202	204	140	350	193	274	177	334	66	56	20	23	61	76	11	20	52859
*	5p	+	6	70316	34823	38703	60002	203844	922	772	737	791	253	361	248	487	377	505	227	547	57	55	32	24	66	90	19	20	50911
*	5p	+	7	63086	36732	36873	67157	203848	795	918	746	759	287	422	173	538	297	437	223	556	68	89	15	25	62	87	15	26	49868
*	5p	+	8	62552	39343	38096	63823	203814	780	897	747	818	350	438	250	545	330	428	229	610	89	69	28	31	82	89	26	28	48665
*	5p	+	9	60082	39485	35992	68181	203740	760	949	747	803	332	386	255	516	337	447	225	570	106	117	43	55	106	116	39	37	47504
*	5p	+	10	65796	36584	37703	63629	203712	821	827	745	770	313	416	241	470	380	458	211	538	131	114	50	46	125	129	37	34	46309
*	5p	+	11	64139	40057	40029	59435	203660	857	881	865	886	379	405	243	522	390	465	290	531	145	120	53	65	156	120	57	44	45153
*	5p	+	12	62618	40900	39952	60192	203662	845	907	1032	936	415	400	299	494	389	463	547	565	155	159	75	60	147	128	46	54	44252
*	5p	+	13	63582	38515	39262	62259	203618	881	857	864	868	337	389	210	542	412	484	237	547	146	146	71	75	168	150	52	49	43300
*	5p	+	14	64031	39107	37948	62479	203565	815	948	863	903	397	446	306	522	435	476	213	517	161	175	91	81	213	158	47	53	42338
*	5p	+	15	63497	39161	38724	62169	203551	827	915	904	899	311	407	314	552	387	477	222	575	180	170	83	82	177	171	59	80	41377
*	5p	+	16	63358	38727	39455	61953	203493	831	921	837	928	354	415	264	543	436	460	233	578	185	153	65	89	213	167	70	82	40476
*	5p	+	17	64339	39007	38191	61972	203509	857	966	836	853	345	423	679	552	677	465	229	514	205	179	87	84	183	189	62	93	39707
*	5p	+	18	64074	39596	38394	61423	203487	844	1126	889	893	349	429	251	572	352	501	197	502	178	225	98	71	195	211	59	85	38912
*	5p	+	19	64347	38419	38666	62003	203435	803	826	804	873	318	430	222	563	330	502	211	516	222	215	84	120	196	225	97	85	38126
*	5p	+	20	61125	38136	38032	59641	196934	904	949	930	905	368	430	284	594	394	523	261	597	212	209	121	105	238	217	63	87	37399
*	5p	+	21	61413	37139	37128	58502	194182	963	941	1004	1024	403	492	275	618	380	514	291	579	208	253	110	128	219	250	90	89	36656
*	5p	+	22	60593	36858	37190	58402	193043	936	949	975	979	382	489	237	574	398	516	254	598	262	266	113	111	250	238	80	87	35968
*	5p	+	23	59887	36505	36794	59089	192275	911	1001	925	1091	373	469	246	627	392	619	267	588	257	216	130	122	233	254	86	113	35329
*	5p	+	24	59616	36703	37859	57585	191763	1009	935	949	941	387	449	239	600	403	559	241	642	254	241	114	117	245	236	103	98	34671
*	5p	+	25	60320	36248	36691	57710	190969	943	914	883	952	365	436	371	645	378	544	262	603	248	236	134	124	283	225	77	107	34028
*	5p	+	26	59583	36341	37224	57198	190346	941	942	916	887	373	464	225	686	369	517	259	568	254	219	135	114	267	217	112	102	33340
*	5p	+	27	59257	36439	37337	56761	189794	926	993	978	880	366	452	233	609	376	510	266	604	247	250	126	115	295	246	89	112	32752
*	5p	+	28	59522	35935	36675	57162	189294	964	919	886	900	357	471	251	740	405	530	285	563	262	245	139	162	275	266	94	124	32148
*	5p	+	29	59697	35915	36593	56738	188943	892	950	976	941	376	424	229	637	388	530	286	626	248	284	143	146	254	289	111	127	31581
*	5p	+	30	58376	35995	37630	56542	188543	962	959	934	864	336	458	257	569	393	577	281	633	306	267	155	136	293	276	103	123	31007
*	5p	+	31	58102	36493	36129	56971	187695	942	940	916	950	368	419	236	579	404	537	314	581	278	300	157	171	301	259	88	117	30441
*	5p	+	32	58261	35981	35983	56682	186907	1001	917	881	946	354	441	247	631	370	544	257	552	295	295	150	123	265	282	111	106	29847
*	5p	+	33	58200	35947	35811	56146	186104	947	922	886	1020	358	437	278	621	456	501	305	614	327	283	137	162	286	274	112	109	29284
*	5p	+	34	57842	35352	36313	55673	185180	930	895	874	877	350	420	234	552	402	543	258	546	311	298	157	155	272	269	120	129	28784
*	5p	+	35	57036	35441	34942	56955	184374	981	847	888	918	354	463	295	570	393	521	276	581	301	307	147	178	273	267	118	113	28253
*	5p	+	36	55100	35993	35428	56421	182942	947	927	910	910	307	426	226	554	383	541	299	516	309	345	155	161	316	273	107	121	27754
*	5p	+	37	56089	35078	34287	56251	181705	890	931	877	884	345	426	272	615	396	547	277	518	289	342	159	164	324	271	92	108	27273
*	5p	+	38	55548	34247	34762	55649	180206	942	985	866	999	364	445	254	617	424	558	266	524	309	291	159	161	322	307	99	106	26772
*	5p	+	39	54769	34658	34818	54850	179095	985	878	846	904	350	434	246	692	370	551	293	566	317	311	147	140	268	280	117	132	26265
*	5p	+	40	55199	33784	35494	53534	178011	911	910	871	896	331	448	269	584	407	559	285	592	283	307	153	163	291	292	90	99	25794
*	5p	+	41	54552	34031	33747	54215	176545	886	850	874	875	346	438	243	662	340	590	271	532	310	321	151	156	285	295	98	101	25246
*	5p	+	42	53333	33576	34374	53718	175001	1009	906	825	918	341	386	266	657	405	496	234	531	303	333	154	154	276	259	107	116	24756
*	5p	+	43	53093	33999	32935	53453	173480	988	919	856	898	331	429	222	814	418	557	249	512	289	318	148	193	270	264	115	126	24277
*	5p	+	44	53393	33059	33066	52447	171965	972	873	841	946	369	410	238	583	377	529	306	520	303	333	156	139	306	273	104	106	23847
*	5p	+	45	52293	32623	33146	52272	170334	952	858	902	847	358	444	216	519	382	542	272	575	299	308	179	144	293	298	100	122	23403
*	5p	+	46	52622	32031	32764	51341	168758	923	864	809	1032	333	389	205	509	381	513	249	521	305	333	179	164	304	294	110	120	22994
*	5p	+	47	51475	32106	32166	51136	166883	924	800	795	871	304	428	261	754	349	517	264	485	303	326	164	154	312	304	116	100	22596
*	5p	+	48	50278	32012	31714	51258	165262	924	837	757	887	316	430	220	568	337	546	287	551	286	329	144	166	290	270	115	118	22206
*	5p	+	49	50779	31004	31835	49993	163611	906	822	764	802	301	433	190	514	338	520	287	505	299	325	160	163	302	279	108	127	21808
*	5p	+	50	49505	32021	30675	49674	161875	884	856	777	825	332	437	245	520	341	502	260	521	291	305	164	155	306	271	103	108	21418
*	5p	+	51	49811	30620	31160	48690	160281	897	812	755	800	353	438	203	478	365	475	282	511	307	291	173	160	298	292	101	108	21042
*	5p	+	52	48913	30556	30509	48630	158608	893	782	721	787	315	355	209	512	337	482	236	501	328	303	174	138	276	277	99	125	20633
*	5p	+	53	48662	29571	30602	48036	156871	933	772	758	766	297	423	184	481	352	463	265	542	319	281	166	157	290	255	122	120	20265
*	5p	+	54	47947	29611	29812	47790	155160	855	749	771	789	302	408	206	502	360	463	260	486	287	302	156	143	296	273	86	102	19922
*	5p	+	55	47287	29298	30362	46452	153399	858	741	721	797	302	456	199	436	335	468	242	430	283	285	148	146	273	261	114	120	19560
*	5p	+	56	47359	28769	28916	46514	151558	873	745	726	777	271	372	176	472	329	449	326	467	287	271	123	170	267	268	100	114	19197
*	5p	+	57	46128	28684	29077	45815	149704	911	796	720	884	278	408	174	465	342	439	235	462	249	289	151	153	279	235	98	120	18832
*	5p	+	58	45344	28141	29204	45176	147865	857	758	703	725	301	373	200	462	308	418	267	409	261	288	160	153	227	261	103	128	18481
*	5p	+	59	44990	27921	27738	45300	145949	799	724	674	676	308	358	201	425	342	451	304	427	264	267	172	160	224	244	107	100	18139
*	5p	+	60	44625	27046	27826	44473	143970	844	684	680	719	280	392	208	461	332	431	252	450	285	276	162	154	268	244	81	110	17803
*	5p	+	61	44021	27113	26941	43938	142013	776	740	673	654	260	338	186	438	307	470	270	427	287	295	141	149	252	244	92	99	17465
*	5p	+	62	42880	27037	27268	42909	140094	777	662	647	677	237	340	158	458	328	401	256	416	273	276	140	239	254	251	105	85	17125
*	5p	+	63	42757	26069	26818	42385	138029	798	710	664	676	297	367	160	456	339	414	210	425	290	354	147	137	226	249	93	101	16790
*	5p	+	64	41981	26318	26601	41209	136109	891	710	646	668	273	374	183	418	288	404	197	450	297	281	150	168	225	241	89	107	16495
*	5p	+	65	41431	25825	25695	41117	134068	779	625	613	645	283	308	261	636	275	416	238	371	261	283	157	148	244	246	90	80	16194
*	5p	+	66	40637	25836	25455	40148	132076	791	684	663	655	294	299	170	408	335	402	247	411	265	262	158	148	222	227	90	96	15873
*	5p	+	67	40220	24888	24955	40016	130079	808	658	684	624	236	342	213	396	291	411	255	418	289	259	135	142	241	239	106	64	15584
*	5p	+	68	39311	24342	25190	39207	128050	757	637	634	635	249	303	175	383	295	415	234	388	240	269	141	148	227	206	104	93	15259
*	5p	+	69	38654	24527	24308	38466	125955	759	650	636	587	248	309	180	410	250	370	242	375	244	249	130	143	242	234	89	72	14959
*	5p	+	70	38512	23821	23843	37744	123920	719	590	586	594	250	362	159	366	283	360	222	361	257	231	134	136	231	210	89	93	14643
*	5p	-	1	54634	51094	40083	49711	195522	610	631	755	968	465	305	286	490	350	417	285	283	0	0	0	0	8	2	9	16	56797
*	5p	-	2	59121	33014	37738	65678	195551	545	862	593	460	218	335	161	248	233	314	126	307	0	0	1	2	14	5	9	3	56634
*	5p	-	3	58572	42319	32726	61946	195563	538	617	464	525	226	248	133	306	183	254	135	322	0	0	2	0	13	5	8	3	55423
*	5p	-	4	63449	38985	32751	60342	195527	540	619	408	475	232	230	154	311	164	273	126	317	7	6	12	15	21	14	14	15	53882
*	5p	-	5	64218	36858	35422	59010	195508	557	520	470	485	176	242	171	316	198	269	114	310	12	12	19	7	23	17	17	27	52232
*	5p	-	6	65670	34747	37900	57180	195497	886	787	785	707	289	379	260	490	344	487	220	533	22	26	28	21	36	19	22	18	50384
*	5p	-	7	57571	35898	35172	66845	195486	795	942	675	787	281	432	232	437	335	441	200	537	28	31	9	15	31	37	21	17	49356
*	5p	-	8	57822	38733	35820	63077	195452	736	926	791	750	361	410	248	465	316	425	214	513	40	33	20	27	58	41	20	21	48192
*	5p	-	9	55476	39063	34374	66516	195429	727	957	769	752	307	398	287	491	311	416	235	549	49	52	27	33	37	60	35	30	47049
*	5p	-	10	61140	35525	35351	63366	195382	807	881	741	689	256	412	228	477	359	489	193	501	49	79	49	42	60	96	25	29	45870
*	5p	-	11	59786	39046	37438	59065	195335	789	767	818	888	357	409	341	440	339	447	221	516	82	103	39	43	83	80	42	51	44712
*	5p	-	12	57784	41943	36897	58674	195298	838	890	854	842	390	407	957	512	352	496	256	551	71	99	61	44	104	109	40	41	43857
*	5p	-	13	58960	39483	35985	60848	195276	810	874	832	871	307	393	267	489	348	467	177	511	104	113	61	48	112	118	43	43	42871
*	5p	-	14	58738	39631	36698	60171	195238	838	862	791	733	373	435	249	525	339	444	217	538	110	116	64	54	131	113	51	60	41969
*	5p	-	15	60509	38133	35579	60975	195196	838	870	780	751	336	426	216	486	345	473	288	512	120	121	59	74	151	127	66	52	41050
*	5p	-	16	61221	38577	35555	59842	195195	842	896	809	738	352	484	801	457	335	464	242	515	128	143	63	68	137	126	71	53	40100
*	5p	-	17	61092	37863	35905	60303	195163	865	853	853	839	362	408	247	514	356	510	266	534	154	146	94	62	155	147	66	61	39321
*	5p	-	18	59437	37784	37737	60157	195115	825	872	865	863	335	420	263	495	360	493	218	542	161	171	76	74	169	161	101	45	38523
*	5p	-	19	59030	37784	35899	62399	195112	895	866	867	809	280	382	229	473	384	492	242	539	184	180	84	69	151	187	62	79	37754
*	5p	-	20	57018	37329	36878	57332	188557	895	895	840	841	394	453	253	518	406	534	306	623	177	182	75	86	183	167	93	80	36992
*	5p	-	21	56187	36790	34767	58041	185785	936	892	919	875	340	460	258	500	415	524	441	516	179	176	102	90	210	204	64	71	36254
*	5p	-	22	56349	36530	34345	57478	184702	911	912	906	829	378	419	340	528	358	562	230	550	212	198	104	85	202	186	77	77	35542
*	5p	-	23	55311	36513	35138	57030	183992	878	854	834	834	337	419	256	557	363	556	256	630	209	217	97	98	198	201	87	86	34823
*	5p	-	24	55631	36006	35731	56052	183420	911	926	927	882	353	433	231	504	416	532	242	554	188	198	105	109	241	189	92	81	34123
*	5p	-	25	54196	36569	35860	55985	182610	1040	994	812	842	325	459	212	521	372	486	253	583	206	226	112	107	220	217	91	68	33411
*	5p	-	26	55997	36183	34378	55401	181959	984	891	832	921	367	448	229	529	332	520	244	563	217	223	116	115	208	219	85	91	32756
*	5p	-	27	56416	34728	34485	55735	181364	949	849	909	951	350	479	230	570	386	570	257	566	230	229	122	107	238	252	105	101	32137
*	5p	-	28	54712	37021	34546	54643	180922	909	929	821	911	355	459	286	494	371	581	233	581	247	212	117	139	232	252	115	83	31558
*	5p	-	29	54979	35569	34769	55216	180533	980	878	855	842	327	428	231	526	422	581	253	589	235	258	128	126	252	282	111	112	30957
*	5p	-	30	54653	34402	34575	56499	180129	935	954	832	881	328	472	262	493	402	523	263	516	228	247	128	113	262	280	107	100	30386
*	5p	-	31	54033	36130	33325	55752	179240	852	917	895	949	485	432	223	549	426	529	243	583	236	256	146	141	233	266	128	90	29841
*	5p	-	32	55379	35023	34462	53549	178413	898	935	803	893	386	455	233	487	378	513	228	590	252	234	117	146	227	311	97	97	29273
*	5p	-	33	55402	35625	33238	53343	177608	954	951	892	865	397	457	234	529	388	549	279	542	277	271	140	143	239	276	115	104	28744
*	5p	-	34	55849	33951	33368	53583	176751	912	863	821	828	363	438	220	597	411	531	271	594	289	304	166	124	268	271	105	103	28219
*	5p	-	35	55478	34207	32785	53456	175926	891	836	837	855	379	467	221	548	375	536	267	506	306	282	137	162	282	271	120	122	27733
*	5p	-	36	52430	34708	32856	54639	174633	934	877	894	849	369	432	226	514	436	524	222	565	270	276	155	134	273	285	123	76	27239
*	5p	-	37	53339	35008	31859	53305	173511	920	919	1182	824	324	476	228	569	422	554	232	554	265	286	174	145	269	268	124	104	26771
*	5p	-	38	51544	33254	32951	54513	172262	903	910	816	771	342	429	238	500	397	526	312	561	291	318	146	149	287	291	96	108	26302
*	5p	-	39	51699	33573	31976	53903	171151	947	887	775	888	341	436	235	543	366	554	228	568	277	322	155	135	280	287	117	110	25874
*	5p	-	40	52328	32931	32033	52814	170106	887	856	801	821	357	408	199	498	347	534	232	548	293	297	158	158	292	280	105	118	25402
*	5p	-	41	50939	33264	33703	50821	168727	938	876	821	768	336	446	250	552	443	559	219	584	302	316	164	151	280	286	113	103	24910
*	5p	-	42	51068	33118	32375	50633	167194	967	924	827	779	345	456	213	538	362	536	234	528	289	306	167	140	241	284	127	124	24441
*	5p	-	43	51324	32006	31311	51240	165881	931	783	833	820	296	425	228	527	354	533	224	508	311	308	147	152	263	274	137	110	23963
*	5p	-	44	50478	32594	30961	50459	164492	998	839	800	1073	313	416	233	506	356	520	190	466	318	291	163	150	278	291	99	122	23478
*	5p	-	45	50208	31168	30263	51359	162998	882	787	797	852	327	427	206	505	396	506	244	478	335	309	162	137	307	284	119	111	23025
*	5p	-	46	49730	30357	31075	50296	161458	944	835	822	803	324	419	190	486	378	526	249	541	305	281	171	167	294	278	110	133	22590
*	5p	-	47	49441	29992	30164	50273	159870	892	817	780	752	308	402	214	446	360	508	224	520	288	322	160	151	297	266	98	117	22150
*	5p	-	48	48323	30071	31249	48535	158178	910	820	780	768	310	440	226	486	342	509	241	531	307	297	161	169	316	304	114	103	21716
*	5p	-	49	49629	29451	29618	47899	156597	899	778	1096	718	331	422	232	485	316	473	216	523	324	313	177	154	280	290	125	115	21295
*	5p	-	50	47428	29858	29445	48189	154920	899	759	725	797	298	394	200	506	357	485	192	566	341	319	163	150	294	309	110	91	20904
*	5p	-	51	46979	29216	30052	47176	153423	934	752	763	741	313	401	197	476	334	430	204	544	308	292	159	166	273	298	115	102	20486
*	5p	-	52	46586	29236	29786	46262	151870	894	753	711	693	289	395	178	478	323	465	343	1312	303	309	149	165	289	295	103	105	20116
*	5p	-	53	45996	28487	28545	47280	150308	874	744	749	773	318	359	196	487	311	462	186	445	296	293	190	156	266	292	117	106	19729
*	5p	-	54	45952	27799	28567	46294	148612	876	756	769	690	335	371	206	442	346	429	188	465	328	272	161	150	291	291	118	119	19350
*	5p	-	55	45637	27535	29470	44391	147033	850	745	758	696	284	388	201	431	312	442	184	487	320	278	138	153	298	263	104	96	18996
*	5p	-	56	45942	27624	27487	44225	145278	853	739	809	685	308	362	211	465	307	463	225	450	279	305	153	124	275	283	98	117	18615
*	5p	-	57	45501	26983	26803	44223	143510	865	730	717	709	317	412	185	452	282	447	171	472	253	294	160	127	267	276	100	107	18284
*	5p	-	58	44874	26714	26861	43295	141744	818	783	710	664	295	375	176	430	279	413	188	404	252	261	155	131	289	268	103	108	17948
*	5p	-	59	43061	27295	26569	42979	139904	837	700	669	641	276	316	177	448	300	415	192	394	266	285	114	151	267	283	94	110	17625
*	5p	-	60	42563	25967	27087	42491	138108	839	684	684	590	287	342	178	438	323	442	193	450	272	263	143	124	263	255	109	122	17307
*	5p	-	61	42013	26200	25848	42224	136285	785	648	686	627	276	359	193	425	322	405	187	376	252	282	150	150	269	264	123	114	16969
*	5p	-	62	41454	25166	26578	41245	134443	783	666	652	598	275	345	155	443	285	422	203	417	271	288	125	149	271	267	105	107	16625
*	5p	-	63	41024	24890	25505	41117	132536	796	676	665	645	270	346	181	437	309	428	164	413	296	257	147	138	287	248	111	98	16288
*	5p	-	64	40234	25171	24882	40344	130631	764	653	642	612	292	299	188	404	315	412	205	377	253	261	131	157	261	257	100	100	15946
*	5p	-	65	39281	24364	24603	40461	128709	789	642	595	622	247	347	162	453	310	398	192	387	271	244	157	135	281	250	89	114	15625
*	5p	-	66	38693	23966	24454	39804	126917	734	644	608	566	216	283	161	421	313	419	174	360	270	265	145	126	235	223	98	95	15312
*	5p	-	67	38128	23673	24837	38331	124969	777	635	649	622	252	333	149	408	308	387	152	433	256	271	155	135	256	253	91	84	14996
*	5p	-	68	38052	23831	23483	37686	123052	738	607	635	577	265	304	175	432	350	348	135	387	251	247	134	146	237	209	111	93	14709
*	5p	-	69	37350	23376	23312	37073	121111	751	602	602	548	273	280	152	398	267	374	153	334	270	244	147	135	229	234	103	84	14398
*	5p	-	70	37348	22402	22534	36855	119139	745	572	575	568	241	285	153	401	318	378	145	357	262	251	134	159	238	221	105	90	14125
