# table produced by mapDamage version 2.2.1
# using mapped file CviAPal031.merged.L103.realn.bam and reference.ssl.Cvi20k_rename.fasta as reference file
# Chr: reference from sam/bam header, End: from which termini of DNA sequences, Std: strand of reads
Chr	End	Std	Pos	A	C	G	T	Total	G>A	C>T	A>G	T>C	A>C	A>T	C>G	C>A	T>G	T>A	G>C	G>T	A>-	T>-	C>-	G>-	->A	->T	->C	->G	S
*	3p	+	1	125982	109145	134176	138558	507861	9844	1588	2382	2051	818	934	705	1092	1046	883	557	826	0	0	0	0	14	19	33	23	102871
*	3p	+	2	165908	103652	92703	145625	507888	6573	1464	1458	1637	591	708	347	1075	538	888	467	646	4	6	2	4	18	25	13	9	102661
*	3p	+	3	149639	96058	113948	148242	507887	4030	1505	1541	1452	445	640	444	994	644	746	353	735	8	9	5	2	25	19	12	8	98970
*	3p	+	4	149860	92955	108507	156480	507802	3125	1468	1445	1299	496	636	401	932	548	667	333	784	34	26	38	30	48	42	30	32	94344
*	3p	+	5	147749	98404	102550	159069	507772	2647	1544	1485	1391	447	650	386	824	549	672	410	780	46	48	40	49	44	55	38	48	89203
*	3p	+	6	143384	104646	98108	161614	507752	3367	2449	2008	2236	822	1110	603	1424	784	1065	725	1220	53	48	55	46	57	61	51	35	83612
*	3p	+	7	165455	97618	102155	142467	507695	3552	2087	2142	1943	771	980	579	1493	873	1131	626	1103	69	91	58	52	87	79	48	49	80809
*	3p	+	8	157866	99812	106603	143393	507674	3302	2080	2219	2124	753	948	595	1465	900	1207	688	1138	116	118	65	43	94	99	45	47	77689
*	3p	+	9	163344	99188	105945	139080	507557	3182	2005	2246	2149	746	910	571	1444	880	1111	736	1161	157	138	79	91	142	124	55	78	74542
*	3p	+	10	155714	99702	98724	153329	507469	3053	2164	2146	2016	791	987	554	1387	810	1203	638	1145	154	150	92	123	165	164	77	86	71595
*	3p	+	11	145503	105502	107173	149218	507396	3032	2217	2417	2392	917	1099	635	1397	981	1128	726	1225	204	173	109	119	203	178	95	89	68493
*	3p	+	12	146513	102784	112040	145987	507324	3144	2315	2486	2467	835	966	642	1393	956	1120	2035	1143	216	244	131	111	248	196	92	100	66347
*	3p	+	13	150852	101475	106775	148111	507213	2988	2220	2373	2297	866	1077	616	1408	857	1128	675	1214	243	236	144	115	255	247	116	129	64067
*	3p	+	14	149141	103268	107681	147019	507109	2877	2246	2329	2195	858	974	662	1358	883	1167	686	1221	278	271	158	156	302	269	128	150	61794
*	3p	+	15	151354	100789	104652	150239	507034	2831	2199	2341	2185	823	1049	696	1438	860	1200	701	1234	283	302	192	191	317	325	131	154	59588
*	3p	+	16	149982	101411	103880	151695	506968	2958	2204	2335	2262	829	1075	618	1401	878	1199	1584	1220	333	387	159	180	353	324	136	170	57408
*	3p	+	17	148214	103123	104037	151558	506932	2794	2295	2332	2301	869	1068	640	1387	972	1235	734	1206	359	419	223	208	357	380	144	146	55610
*	3p	+	18	148125	106480	104677	147576	506858	2679	2268	2336	2228	832	1027	571	1464	870	1078	605	1110	423	425	203	199	351	361	164	226	53632
*	3p	+	19	152059	102021	104942	147754	506776	2655	2292	2247	2252	825	1092	663	1350	903	1142	619	1183	402	389	209	208	411	411	162	197	51843
*	3p	+	20	146154	105104	103515	147961	502734	2770	2429	2391	2447	869	1111	734	1457	1055	1250	637	1294	410	430	231	224	391	420	194	186	50073
*	3p	+	21	146912	103881	103918	146333	501044	2785	2444	2437	2536	992	1191	1114	1480	985	1244	687	1277	447	463	238	249	421	429	193	205	48378
*	3p	+	22	147002	101273	104967	147073	500315	2859	2401	2469	2457	945	1147	647	1417	963	1172	962	1326	518	498	241	252	457	415	204	208	46802
*	3p	+	23	148140	102903	103111	145673	499827	2751	2388	2374	2416	882	1154	739	1532	939	1214	696	1241	497	506	266	292	481	464	205	251	45252
*	3p	+	24	145129	104881	103576	146023	499609	2819	2538	2445	2483	913	1050	730	1599	954	1201	694	1325	522	556	299	280	491	495	186	222	43752
*	3p	+	25	145484	104472	104760	144590	499306	3027	2508	2496	2361	877	1094	645	1528	877	1227	620	1423	548	550	296	294	526	441	201	217	42289
*	3p	+	26	145356	103107	103495	147075	499033	2814	2630	2541	2408	903	1117	688	1507	992	1304	665	1370	578	578	319	321	534	450	219	220	40822
*	3p	+	27	145844	103566	101789	147600	498799	2812	2556	2479	2470	928	1116	652	1537	1017	1271	646	1245	590	624	334	312	532	501	226	206	39501
*	3p	+	28	144023	103523	106249	144762	498557	2803	2456	2386	2410	950	1085	665	1468	922	1235	840	1310	577	654	339	342	578	496	232	235	38182
*	3p	+	29	145644	103174	103727	145858	498403	2683	2433	2325	2422	929	1076	625	1482	937	1219	681	1265	634	644	324	375	558	518	261	231	36969
*	3p	+	30	147707	103015	102116	145401	498239	2810	2472	2445	2418	942	1100	660	1440	909	1191	628	1333	634	679	378	345	501	574	225	252	35681
*	3p	+	31	147114	100358	105234	144195	496901	2695	2347	2653	2470	967	1115	665	1483	977	1250	625	1449	697	652	338	348	566	576	228	250	34536
*	3p	+	32	143035	102662	102650	147365	495712	2801	2458	2435	2494	903	1129	617	1451	945	1219	648	1304	725	678	354	385	565	570	252	268	33442
*	3p	+	33	142490	101100	103730	147215	494535	2824	2513	2510	2479	911	1078	683	1366	1003	1257	566	1383	675	680	396	365	627	586	250	260	32366
*	3p	+	34	143021	101766	100481	147991	493259	2682	2551	2395	2439	876	1036	689	1469	952	1219	579	1363	733	712	401	407	598	542	249	285	31310
*	3p	+	35	144107	100642	100687	146434	491870	2680	2408	2397	2413	898	1069	672	1337	964	1227	613	1316	722	700	387	404	587	592	220	292	30275
*	3p	+	36	145744	99919	101670	141494	488827	2761	2598	2426	2480	904	1091	630	1385	949	1202	601	1275	703	725	428	392	607	615	259	238	29292
*	3p	+	37	141450	98836	102148	143429	485863	2690	2437	2387	2856	977	1029	663	1393	902	1293	624	1533	703	713	373	391	592	612	296	261	28358
*	3p	+	38	145304	100176	98322	138929	482731	2536	2451	2451	2323	981	1073	698	1406	888	1106	647	1352	714	690	407	425	592	579	298	283	27515
*	3p	+	39	143808	97934	98513	139449	479704	2693	2348	2436	2338	907	1072	600	1373	919	1154	629	1288	730	703	368	403	624	576	262	298	26613
*	3p	+	40	141221	96975	99119	139525	476840	2681	2349	2387	2300	822	1031	621	1453	887	1143	638	1341	679	707	399	425	624	554	261	265	25781
*	3p	+	41	137324	99843	98294	137432	472893	2616	2480	2457	2339	890	1036	671	1433	970	1162	611	1460	736	700	413	392	655	569	239	264	24969
*	3p	+	42	135844	96366	99265	137306	468781	2662	2422	2366	2410	912	1099	670	1382	920	1244	616	1451	732	745	396	435	579	578	285	272	24155
*	3p	+	43	136407	94900	94658	138577	464542	2522	2325	2377	2412	900	1051	583	1264	873	1098	571	1350	757	750	385	372	588	572	272	265	23393
*	3p	+	44	135907	94668	95071	134651	460297	2451	2399	2976	2250	867	1055	581	1323	879	1073	579	1300	728	727	416	388	616	570	277	248	22633
*	3p	+	45	136060	93634	93043	133258	455995	2563	2259	2339	2290	847	1048	581	1389	859	1167	590	1324	745	709	416	422	580	579	261	282	21888
*	3p	+	46	134327	93744	90862	132128	451061	2376	2476	2270	2304	860	1047	541	1378	842	1055	618	1311	765	694	412	417	603	556	261	256	21141
*	3p	+	47	133759	90838	89743	131353	445693	2242	2326	2225	2266	851	992	527	1360	902	1063	552	1242	743	753	398	351	551	573	293	296	20431
*	3p	+	48	129898	92319	89771	128368	440356	2443	2244	2148	2287	897	1045	592	1395	820	1105	593	1328	730	718	398	372	594	597	274	254	19720
*	3p	+	49	126992	88693	87435	131675	434795	2280	2206	2071	3022	800	1001	525	1375	805	1045	570	1244	725	698	404	388	589	540	265	273	19084
*	3p	+	50	128140	87759	87219	125930	429048	2271	2155	2205	2092	768	1014	531	1357	794	1075	589	1236	736	679	370	418	612	586	238	258	18489
*	3p	+	51	125066	88031	86047	124226	423370	2314	2157	2128	2246	750	918	540	1241	816	1040	555	1235	727	666	398	378	543	634	235	309	17911
*	3p	+	52	123092	87296	85260	122177	417825	2224	2189	2089	2019	781	886	675	3056	758	1024	579	1231	721	703	399	377	555	582	268	254	17336
*	3p	+	53	122393	84164	83926	121501	411984	2277	2074	2007	2158	708	922	535	1222	800	986	520	1216	675	691	363	412	581	563	250	267	16746
*	3p	+	54	120966	83814	81293	120149	406222	2151	2167	1966	2043	770	932	533	1218	751	976	521	1185	705	637	375	336	611	534	252	239	16193
*	3p	+	55	116764	85165	79918	118558	400405	2218	2025	1889	2034	799	882	472	1188	748	913	477	1136	674	661	367	358	565	561	238	221	15681
*	3p	+	56	116150	80687	79077	118334	394248	2014	2027	1869	2081	713	949	537	1043	774	922	530	1144	659	653	348	367	566	521	235	246	15203
*	3p	+	57	114882	78819	77170	116916	387787	2049	1988	1889	2017	648	867	505	1140	772	914	525	1117	664	602	367	357	544	525	247	233	14699
*	3p	+	58	112503	77554	76363	115066	381486	2118	1903	1893	1946	727	879	445	1038	773	861	497	1123	599	656	373	353	554	513	241	243	14267
*	3p	+	59	111583	76189	76315	110929	375016	1993	1876	1819	1874	727	788	452	1091	740	887	465	1083	608	672	335	341	532	564	212	224	13820
*	3p	+	60	108469	78182	73235	108548	368434	1898	2006	1786	1854	631	799	480	1118	665	895	469	1062	590	691	313	351	517	526	249	217	13418
*	3p	+	61	108298	73408	73392	106668	361766	1814	1811	1793	1849	683	902	464	978	669	830	433	1057	652	641	361	349	500	514	257	256	13024
*	3p	+	62	104463	73965	70759	105673	354860	1856	1847	1756	1731	677	829	445	983	641	873	518	1096	594	618	315	336	508	484	233	225	12640
*	3p	+	63	103567	71513	68831	104109	348020	1740	1870	1692	1739	674	797	428	1007	655	871	477	1016	592	645	303	295	495	475	208	226	12218
*	3p	+	64	101348	69231	69585	100728	340892	1826	1718	1664	1699	672	746	414	927	580	787	437	970	591	579	306	333	459	509	195	172	11851
*	3p	+	65	100817	68622	66286	98071	333796	1646	1742	1632	1710	615	771	448	986	568	824	433	1006	548	574	316	322	493	467	187	199	11477
*	3p	+	66	98763	67429	64064	96454	326710	1644	1758	1609	1612	581	709	394	950	570	788	403	957	550	559	304	304	449	433	195	194	11112
*	3p	+	67	95437	67069	63017	93966	319489	1624	1743	1571	1709	604	703	377	1055	531	785	392	947	528	522	304	313	448	428	204	195	10777
*	3p	+	68	93288	63239	62934	92760	312221	1507	1631	1568	1571	602	706	374	854	591	786	426	954	543	540	277	279	424	468	211	188	10401
*	3p	+	69	90065	62685	62104	90107	304961	1628	1549	1527	1469	582	685	411	874	565	735	404	927	501	508	323	286	415	433	196	177	10088
*	3p	+	70	88546	60552	59142	89442	297682	1566	1538	1434	1439	534	735	367	863	517	734	380	825	566	560	271	252	410	386	183	191	9747
*	3p	-	1	113853	96473	121383	124506	456215	9766	1395	2145	1873	702	786	655	896	943	814	543	865	0	0	0	0	36	56	31	24	86742
*	3p	-	2	150051	89384	84166	132717	456318	6271	1301	1265	1613	526	599	330	917	503	802	356	619	32	39	9	11	20	18	7	7	86567
*	3p	-	3	136910	85662	99499	134268	456339	3848	1360	1401	1291	423	580	406	956	568	661	299	648	27	22	9	13	12	10	1	8	83131
*	3p	-	4	135474	81758	95665	143144	456041	2915	1345	1366	1204	418	578	344	851	507	579	316	715	113	149	50	50	134	100	42	53	78887
*	3p	-	5	132400	87846	91279	144477	456002	2354	1394	1322	1178	450	599	348	775	497	583	315	751	125	144	59	62	137	136	48	50	74230
*	3p	-	6	130197	90095	88408	147245	455945	3053	2041	1848	1971	763	1057	510	1228	769	964	578	1116	150	180	82	93	171	139	56	64	69159
*	3p	-	7	146235	86134	92440	131120	455929	3267	1816	2039	1826	636	924	527	1228	791	1008	502	992	196	144	78	82	190	157	55	43	66789
*	3p	-	8	141394	88012	95500	130918	455824	2935	1818	1992	1895	687	836	597	1272	725	1038	496	957	178	177	83	85	200	209	68	74	63962
*	3p	-	9	146309	87642	96338	125395	455684	3063	1781	2020	1913	733	783	520	1285	778	1023	464	1032	254	249	117	103	286	237	90	77	61325
*	3p	-	10	137326	88693	89695	139904	455618	2783	1981	1862	1782	679	911	527	1240	737	984	556	1049	262	263	137	121	283	293	84	98	58712
*	3p	-	11	128835	95403	97422	133898	455558	2618	1932	2208	2101	831	926	657	1262	816	1013	585	1080	267	264	147	148	269	308	112	128	55937
*	3p	-	12	131757	92135	99230	132413	455535	2753	1973	2179	2089	784	941	626	1216	855	999	609	1123	312	329	140	179	312	277	119	130	53948
*	3p	-	13	135919	91566	95039	132932	455456	2740	1978	2052	2040	754	910	563	1362	808	1063	536	1073	357	331	179	168	333	326	134	125	51899
*	3p	-	14	135570	91468	94917	133425	455380	2681	1971	2055	2075	784	941	543	1293	800	984	582	1075	371	380	182	167	375	343	140	131	50030
*	3p	-	15	135555	91692	95328	132787	455362	2711	2070	2126	1996	838	928	561	1359	795	1074	589	1033	367	374	195	210	375	366	140	129	48112
*	3p	-	16	134696	92799	94442	133383	455320	2590	2055	2223	2167	777	926	557	1318	806	1021	566	1123	383	414	224	220	395	339	153	157	46171
*	3p	-	17	134549	91781	94426	134540	455296	2537	1968	2098	2047	874	971	539	1269	837	1044	685	1087	446	449	210	248	396	377	171	134	44561
*	3p	-	18	133434	92931	95360	133593	455318	2550	2006	2143	2001	790	913	551	1279	765	1053	560	1169	407	443	237	238	397	358	151	150	42904
*	3p	-	19	133956	92660	94912	133763	455291	2407	2053	1964	1903	755	967	501	1215	796	1041	540	1130	447	514	215	232	401	377	151	154	41301
*	3p	-	20	131937	92291	94228	132663	451119	2621	2124	2128	2201	816	1012	580	1303	815	1026	607	1214	455	521	273	279	428	433	171	160	39800
*	3p	-	21	131425	92302	94430	131272	449429	2663	2267	2274	2246	854	1013	624	1397	869	1076	609	1247	553	541	286	252	479	492	152	182	38320
*	3p	-	22	131590	91549	93588	132034	448761	2568	2149	2208	2230	898	987	587	1280	840	1123	560	1260	536	523	272	272	495	460	163	174	37068
*	3p	-	23	132746	91266	93231	131099	448342	2547	2271	2298	2208	806	1060	584	1318	836	1046	611	1206	549	538	272	287	459	484	186	215	35797
*	3p	-	24	131691	92048	92827	131522	448088	2665	2195	2245	2186	807	984	638	1352	836	1096	608	1229	580	532	286	278	485	489	194	175	34616
*	3p	-	25	132214	91260	92483	131785	447742	2533	2181	2286	2133	756	1053	634	1310	843	1121	633	1164	576	522	274	305	493	475	205	201	33384
*	3p	-	26	132120	91529	92985	130864	447498	2522	2191	2202	2212	810	974	579	1367	893	1103	583	1206	588	574	303	287	474	482	204	197	32150
*	3p	-	27	131449	92222	92425	131171	447267	2675	2223	2345	2223	819	976	586	1342	886	1117	545	1213	572	562	334	304	492	488	203	210	31112
*	3p	-	28	131265	92076	92003	131721	447065	2517	2318	2156	2142	828	994	650	1356	864	1078	592	1285	560	633	352	325	496	473	219	215	30051
*	3p	-	29	131155	92167	92728	130838	446888	2446	2114	2183	2263	780	1027	571	1343	868	1011	552	1257	602	637	339	300	482	519	234	226	29013
*	3p	-	30	131571	91815	92988	130259	446633	2581	2303	2220	2199	803	1052	600	1278	832	1058	582	1299	575	637	339	330	528	535	240	253	28029
*	3p	-	31	130368	91917	92793	130426	445504	2560	2084	2245	2353	820	969	635	1263	854	1084	583	1187	598	637	316	313	510	541	225	211	27096
*	3p	-	32	130734	91502	92400	129731	444367	2556	2157	2256	2134	784	1007	535	1268	862	996	558	1258	632	608	331	350	507	526	236	211	26188
*	3p	-	33	129876	91876	91913	129636	443301	2557	2142	2205	2158	857	1003	603	1347	880	1031	579	1186	621	598	349	343	519	564	241	227	25358
*	3p	-	34	129782	90985	91682	129591	442040	2442	2129	2225	2136	848	980	567	1263	851	1015	573	1172	627	601	338	349	522	539	239	241	24534
*	3p	-	35	129442	90669	91663	128959	440733	2442	2278	2215	2187	800	993	536	1333	832	1057	526	1205	652	607	327	338	537	523	245	221	23777
*	3p	-	36	128799	90849	90925	127633	438206	2442	2259	2209	2142	870	1003	615	1249	793	1061	523	1238	649	643	339	340	514	529	218	205	22996
*	3p	-	37	128552	89692	89844	127458	435546	2411	2201	2205	2128	820	955	554	1242	758	1012	570	1245	596	629	388	347	542	526	228	244	22268
*	3p	-	38	127128	89284	89564	126751	432727	2425	2183	2152	2185	798	1045	587	1257	819	1057	545	1222	623	616	316	389	517	577	229	225	21569
*	3p	-	39	126554	88506	88458	126395	429913	2403	2138	2178	2184	825	990	591	1240	802	1009	581	1242	659	631	320	335	507	532	234	236	20892
*	3p	-	40	125408	88297	87959	125533	427197	2273	2072	2214	2196	794	1007	639	1293	758	1075	560	1210	639	628	364	312	556	532	199	254	20225
*	3p	-	41	124414	87386	87373	124427	423600	2410	2076	2083	2205	820	1016	574	1224	818	966	585	1183	597	623	355	347	564	502	230	237	19586
*	3p	-	42	123889	86527	87029	122446	419891	2322	2073	2141	2125	768	930	579	1178	775	1000	581	1276	629	604	335	333	531	494	216	219	18958
*	3p	-	43	122932	85601	86083	121514	416130	2326	2068	2087	2086	838	972	549	1214	786	945	533	1222	617	624	322	339	512	501	225	211	18328
*	3p	-	44	121254	85065	84688	121138	412145	2252	2057	2068	2112	760	921	531	1210	783	993	540	1155	581	609	317	354	444	504	228	237	17742
*	3p	-	45	120028	85205	83271	119568	408072	2212	2108	1985	2049	761	926	561	1127	743	953	520	1166	559	606	336	330	525	510	225	212	17140
*	3p	-	46	119323	82988	82421	118632	403364	2101	2062	2111	2053	780	1004	527	1155	772	958	534	1085	594	619	313	346	482	507	210	256	16548
*	3p	-	47	117916	82393	81247	117005	398561	2184	2011	1949	2045	760	933	517	1132	769	994	488	1183	604	589	346	353	526	495	220	207	16021
*	3p	-	48	116463	81359	80650	115290	393762	2168	1961	2067	1911	722	928	513	1119	740	962	504	1120	610	606	332	358	498	475	235	232	15475
*	3p	-	49	114136	80326	79172	115009	388643	2031	1993	1927	1902	674	890	570	1136	742	912	490	1140	608	611	342	325	469	516	213	227	14911
*	3p	-	50	112979	79043	78941	112373	383336	2092	1925	1965	1929	723	873	523	1132	706	975	510	1098	598	590	358	316	481	511	220	191	14424
*	3p	-	51	111289	78123	77043	111724	378179	2025	1872	1854	1897	703	892	497	1131	703	949	521	1125	601	582	354	342	506	480	221	203	13962
*	3p	-	52	109887	77166	76091	109948	373092	2044	1894	1864	1804	658	866	515	1117	756	866	499	1093	553	591	349	311	517	504	217	194	13546
*	3p	-	53	108342	75946	74624	108769	367681	1923	1872	1847	1812	695	830	500	1129	680	913	477	1102	587	563	336	316	472	509	239	194	13145
*	3p	-	54	106829	75123	73631	106665	362248	1867	1829	1873	1823	623	787	491	1059	686	893	507	1012	551	603	285	342	471	485	200	202	12721
*	3p	-	55	105157	73920	72101	105552	356730	1925	1809	1736	1785	656	803	511	981	658	845	443	991	551	589	298	304	482	495	170	213	12341
*	3p	-	56	104246	72124	70894	103643	350907	1860	1711	1741	1727	674	815	476	988	695	851	409	1072	554	533	304	300	523	421	207	207	11976
*	3p	-	57	102256	70792	70444	101634	345126	1861	1700	1781	1699	665	797	520	945	620	852	426	1000	562	556	269	307	457	420	198	207	11595
*	3p	-	58	100265	70145	68674	100113	339197	1773	1719	1687	1541	656	790	459	936	610	877	445	998	532	590	316	294	444	442	174	203	11190
*	3p	-	59	98226	68902	67454	98648	333230	1716	1727	1692	1673	612	839	458	977	629	816	460	972	524	588	283	295	423	431	188	174	10853
*	3p	-	60	97325	67240	65806	96701	327072	1675	1700	1585	1663	594	727	454	940	619	791	456	919	516	542	278	285	393	422	182	182	10496
*	3p	-	61	94625	66157	64894	95257	320933	1689	1669	1591	1606	643	766	423	876	582	802	431	962	539	494	276	260	396	415	171	163	10169
*	3p	-	62	93355	64705	63553	93059	314672	1657	1569	1564	1604	604	704	407	881	555	788	424	925	499	489	318	290	398	414	171	190	9841
*	3p	-	63	90946	63859	62347	91323	308475	1626	1609	1513	1584	538	655	438	823	574	792	372	891	523	480	285	276	380	383	161	205	9535
*	3p	-	64	89036	61982	61155	89804	301977	1575	1588	1489	1516	528	704	404	868	539	773	400	935	459	504	244	271	382	372	169	167	9243
*	3p	-	65	87344	60781	59824	87539	295488	1537	1560	1467	1417	539	670	419	796	569	686	411	960	458	461	276	261	363	397	163	156	8958
*	3p	-	66	85254	59327	58403	86021	289005	1546	1437	1460	1429	550	653	414	842	500	714	389	804	436	445	267	277	365	382	162	186	8670
*	3p	-	67	83897	57836	56707	83928	282368	1508	1483	1411	1335	524	649	367	775	543	685	388	851	475	434	249	247	334	391	165	161	8401
*	3p	-	68	81466	57074	55185	82244	275969	1443	1444	1343	1420	493	601	355	784	503	658	389	775	458	395	264	208	377	354	176	149	8132
*	3p	-	69	79496	55257	54029	80421	269203	1380	1435	1325	1376	502	610	384	702	534	654	372	763	403	426	230	239	355	378	159	126	7886
*	3p	-	70	77954	53951	52441	78240	262586	1341	1463	1260	1329	538	616	377	735	469	600	349	783	438	418	216	219	350	355	136	123	7641
*	5p	+	1	134493	136102	113934	123265	507794	1678	2107	2229	2800	1075	703	631	1464	925	966	736	693	0	0	0	0	44	51	32	28	92668
*	5p	+	2	148662	90284	101796	167153	507895	1515	2884	1884	1550	548	865	424	845	635	793	369	935	57	70	10	15	19	21	4	6	92476
*	5p	+	3	149365	111034	94121	153412	507932	1585	2041	1444	1699	608	656	380	1035	482	707	444	1202	33	34	18	16	12	13	2	1	89563
*	5p	+	4	162851	103480	90523	150684	507538	1552	1839	1374	1582	598	611	350	989	470	687	410	1028	168	137	57	75	160	151	62	48	85907
*	5p	+	5	163207	99919	97968	146445	507539	1554	1664	1449	1471	527	597	346	929	504	750	387	1122	156	156	54	60	164	166	47	44	81846
*	5p	+	6	167996	94709	100753	143998	507456	2509	2232	2233	2123	740	988	641	1345	794	1239	564	1545	200	179	70	90	204	186	49	65	77234
*	5p	+	7	144848	101996	95071	165495	507410	2116	2585	2009	2131	772	1065	500	1319	674	1038	565	1505	171	229	86	80	168	259	80	43	74907
*	5p	+	8	145708	106084	98682	156899	507373	2149	2378	2124	2174	792	1006	533	1268	787	1022	638	1371	222	213	91	93	212	199	87	90	72246
*	5p	+	9	139021	108042	95245	164933	507241	2068	2591	2093	2274	833	1084	531	1286	792	997	631	1494	257	268	132	105	272	272	95	80	69543
*	5p	+	10	158108	97530	97669	153849	507156	2336	2399	1971	2131	768	1050	560	1281	810	1069	548	1500	301	298	147	146	324	271	122	88	66965
*	5p	+	11	149091	109790	107425	140831	507137	2327	2282	2473	2443	947	917	670	1445	964	1057	683	1460	315	310	149	163	323	261	119	120	64249
*	5p	+	12	146698	111707	102912	145749	507066	2227	2476	2415	2430	931	1027	661	1418	888	1091	858	1474	379	352	163	187	323	316	130	125	62300
*	5p	+	13	148863	106259	102477	149367	506966	2266	2418	2324	2284	846	1028	601	1414	903	1047	667	1497	383	396	177	169	369	338	138	149	60354
*	5p	+	14	149234	105778	101042	150854	506908	2364	2415	2347	2406	830	1078	683	1397	866	1102	559	1543	428	388	178	187	373	379	146	153	58333
*	5p	+	15	148393	106709	102007	149723	506832	2289	2286	2282	2382	904	980	684	1333	943	1053	616	1394	420	423	184	196	390	410	172	155	56437
*	5p	+	16	149582	105383	102458	149385	506808	2367	2544	2386	2305	899	991	666	1344	871	1154	536	1460	442	423	218	233	408	376	183	180	54487
*	5p	+	17	149453	106312	102389	148647	506801	2299	2428	2310	2300	919	1005	936	1401	1083	1078	600	1388	484	473	249	234	414	398	163	183	52818
*	5p	+	18	149373	106700	102914	147775	506762	2263	2602	2342	2478	811	969	642	1432	796	1083	619	1449	496	439	258	253	438	381	193	184	51085
*	5p	+	19	149143	106251	102662	148651	506707	2274	2306	2154	2370	824	977	602	1327	778	1173	618	1333	466	499	262	251	453	449	159	190	49511
*	5p	+	20	147804	105550	102408	146776	502538	2535	2520	2456	2523	866	1120	619	1542	925	1180	644	1442	517	492	252	265	528	448	196	215	47893
*	5p	+	21	147620	105322	102001	145899	500842	2804	2578	2584	2559	928	1060	682	1381	915	1236	669	1440	566	531	266	281	520	504	207	220	46356
*	5p	+	22	146801	104506	101639	147209	500155	2560	2587	2547	2441	936	1093	651	1507	912	1196	643	1521	551	593	295	285	477	497	213	258	44992
*	5p	+	23	146096	104270	102048	147328	499742	2599	2609	2500	2449	926	1062	630	1467	883	1135	611	1437	553	573	283	313	528	520	233	208	43621
*	5p	+	24	146567	103587	102331	146997	499482	2469	2598	2654	2455	876	1078	650	1510	932	1168	684	1403	602	622	303	318	543	527	226	226	42250
*	5p	+	25	146709	104263	101411	146798	499181	2596	2441	2439	2506	877	1063	709	1472	900	1190	690	1468	627	662	327	329	542	502	231	235	40903
*	5p	+	26	146771	103788	101924	146353	498836	2491	2454	2436	2561	941	1101	640	1442	943	1228	643	1472	619	646	332	376	552	569	266	233	39679
*	5p	+	27	146675	103764	102378	145792	498609	2592	2503	2460	2494	971	1123	631	1481	940	1223	672	1500	635	628	347	311	590	593	232	237	38534
*	5p	+	28	147422	103236	101395	146420	498473	2602	2465	2445	2553	904	1082	639	1624	949	1277	702	1521	669	671	350	391	570	533	270	251	37406
*	5p	+	29	146281	103762	102631	145626	498300	2472	2376	2440	2460	944	1060	627	1506	872	1164	656	1421	667	716	356	388	575	609	251	234	36356
*	5p	+	30	145317	104138	102781	145853	498089	2607	2471	2488	2448	909	1105	628	1472	897	1174	677	1480	696	674	392	379	611	572	240	277	35291
*	5p	+	31	145067	104259	102018	145431	496775	2568	2621	2334	2477	900	1073	647	1463	888	1160	685	1489	673	794	371	373	623	611	267	243	34251
*	5p	+	32	145648	103124	101002	145899	495673	2528	2351	2555	2606	898	1082	609	1527	921	1134	680	1401	643	773	399	376	601	569	265	256	33289
*	5p	+	33	145279	102962	101953	144405	494599	2500	2461	2415	2490	963	1106	668	1482	1085	1258	648	1445	748	696	407	394	595	616	221	226	32346
*	5p	+	34	145192	103039	101006	144003	493240	2558	2438	2480	2462	853	1087	634	1450	916	1194	688	1407	727	773	408	379	602	575	271	245	31423
*	5p	+	35	142833	103056	100831	145152	491872	2620	2443	2290	2442	882	1161	630	1427	948	1166	672	1417	690	762	419	415	589	593	244	265	30560
*	5p	+	36	142202	102434	100701	143515	488852	2710	2496	2429	2443	939	1103	639	1484	929	1123	731	1337	688	767	389	434	571	612	239	271	29717
*	5p	+	37	143026	100917	98739	143162	485844	2593	2422	2472	2440	844	1040	656	1437	944	1178	690	1439	705	766	389	407	618	634	259	270	28877
*	5p	+	38	141750	99713	99066	142207	482736	2562	2468	2371	2448	889	1042	602	1483	946	1140	664	1270	705	715	370	375	607	592	281	267	28089
*	5p	+	39	140427	99603	98809	140891	479730	2651	2425	2420	2552	889	991	621	1539	872	1126	682	1305	683	737	398	398	619	549	277	290	27308
*	5p	+	40	140632	98004	98403	139770	476809	2610	2388	2411	2425	822	1087	623	1452	928	1186	690	1249	730	709	401	370	636	554	286	260	26558
*	5p	+	41	140110	96999	96967	138841	472917	2690	2397	2411	2380	925	1112	595	1500	992	1207	652	1293	690	682	391	388	615	551	262	272	25774
*	5p	+	42	137177	96745	96589	138262	468773	2707	2498	2317	2600	869	1030	636	1406	873	1225	569	1287	722	700	441	375	606	572	276	268	25044
*	5p	+	43	136650	96665	94634	136538	464487	2581	2378	2372	2199	877	994	593	1572	947	1104	633	1280	714	693	416	379	597	589	278	284	24374
*	5p	+	44	136262	95000	93990	135030	460282	2666	2244	2319	2379	791	1008	575	1337	887	1124	654	1282	751	698	417	357	581	600	248	289	23756
*	5p	+	45	134669	92954	94435	133931	455989	2694	2305	2301	2284	903	996	591	1363	891	1171	607	1236	673	718	373	405	580	574	258	289	23133
*	5p	+	46	133406	92086	92612	132914	451018	2630	2215	2258	2406	836	1020	606	1370	948	1128	613	1293	758	705	352	394	549	559	296	309	22479
*	5p	+	47	131364	91347	91682	131317	445710	2649	2312	2248	2248	767	1035	606	1442	783	1136	575	1196	715	686	396	371	604	584	246	258	21908
*	5p	+	48	129173	90497	91196	129540	440406	2667	2183	2216	2366	819	981	597	1340	849	1087	670	1221	640	749	389	394	574	545	272	270	21335
*	5p	+	49	128941	88168	89395	128262	434766	2543	2151	2158	2157	815	1037	594	1286	762	1125	598	1143	693	701	376	380	650	516	255	268	20771
*	5p	+	50	125605	88186	88231	127068	429090	2527	2175	2013	2139	784	949	529	1254	834	1005	566	1207	689	724	353	374	618	531	236	262	20243
*	5p	+	51	124947	85806	87654	125063	423470	2563	2042	2133	2171	786	893	520	1271	779	1013	581	1176	639	679	384	392	576	551	236	253	19712
*	5p	+	52	123460	85431	85525	123534	417950	2511	2225	2116	2124	759	965	523	1244	759	1047	578	1102	710	620	380	325	543	520	225	245	19140
*	5p	+	53	121950	83906	84610	121669	412135	2582	2042	2017	2018	771	876	544	1159	796	1042	576	1189	679	632	379	359	537	507	218	248	18662
*	5p	+	54	120225	82832	83447	119912	406416	2528	1956	2045	2038	767	952	549	1177	774	980	603	1171	684	648	357	350	535	489	200	223	18175
*	5p	+	55	118069	81292	83491	117707	400559	2461	2003	1992	2022	712	935	547	1154	805	1016	613	1077	649	641	372	367	505	478	208	247	17744
*	5p	+	56	117410	80226	80629	116147	394412	2447	1949	1929	1930	724	871	489	1165	744	933	607	1069	621	604	392	344	518	461	220	207	17306
*	5p	+	57	114977	78417	80173	114362	387929	2569	1958	1939	2120	731	899	482	1227	712	1010	549	999	626	608	386	298	502	476	207	227	16876
*	5p	+	58	112828	77277	79059	112523	381687	2368	1947	1969	1890	689	934	488	1126	744	942	582	975	596	575	318	349	479	454	224	198	16423
*	5p	+	59	111184	76104	76924	110977	375189	2452	1903	1892	1904	697	861	511	1101	765	925	566	957	596	581	302	316	475	467	220	204	16036
*	5p	+	60	109345	73801	76049	109411	368606	2408	1812	1878	1780	627	823	461	1082	687	917	577	941	575	582	332	324	495	439	217	191	15675
*	5p	+	61	107407	73082	74689	106803	361981	2391	1837	1877	1737	657	803	485	1132	691	863	563	926	593	552	314	321	448	453	206	211	15268
*	5p	+	62	104905	72168	72891	105018	354982	2254	1868	1738	1762	638	834	462	990	713	899	545	901	568	592	326	356	463	457	200	196	14874
*	5p	+	63	103752	70306	71921	102208	348187	2324	1694	1808	1634	669	816	436	1055	672	818	482	913	611	652	310	291	423	411	203	203	14544
*	5p	+	64	101229	68985	70313	100520	341047	2207	1649	1680	1612	634	760	467	1060	637	789	487	823	578	534	303	293	414	382	174	212	14199
*	5p	+	65	99943	67235	68117	98662	333957	2230	1712	1686	1558	609	767	465	1178	676	872	492	781	540	537	283	307	401	397	179	209	13845
*	5p	+	66	96846	66255	67411	96298	326810	2222	1565	1590	1602	600	765	451	987	706	812	502	933	531	555	276	297	373	381	194	225	13476
*	5p	+	67	95596	64239	65312	94466	319613	2149	1654	1587	1515	577	719	406	910	635	847	479	864	541	506	304	278	399	408	179	165	13134
*	5p	+	68	93302	62345	64213	92501	312361	2020	1542	1557	1467	532	658	383	898	619	795	454	794	545	519	270	291	375	414	177	184	12799
*	5p	+	69	90985	61601	62534	89909	305029	2092	1495	1621	1461	554	674	454	898	584	755	490	717	506	492	294	281	394	405	184	168	12470
*	5p	+	70	89683	59162	60864	88028	297737	1941	1441	1460	1530	544	727	364	880	598	693	448	760	523	507	273	269	379	390	162	183	12147
*	5p	-	1	120362	122041	103749	110121	456273	1496	1748	1935	2396	928	648	618	1303	777	830	682	648	0	0	0	0	21	18	21	29	85635
*	5p	-	2	132086	81567	93381	149268	456302	1478	2565	1644	1377	525	824	390	718	542	728	310	886	3	3	8	6	23	26	6	7	85447
*	5p	-	3	132527	101933	85465	136386	456311	1470	1760	1248	1464	553	603	332	887	440	616	418	1061	7	9	6	4	21	22	10	8	82778
*	5p	-	4	144083	94763	83064	134300	456210	1402	1607	1270	1373	494	541	323	880	418	621	374	951	26	25	29	43	50	43	44	27	79509
*	5p	-	5	145412	90961	89180	130664	456217	1480	1559	1275	1270	483	562	376	867	432	676	329	966	42	40	34	29	45	45	34	32	75741
*	5p	-	6	149215	85734	93471	127760	456180	2224	2065	2046	1816	687	856	601	1186	719	1049	534	1373	50	39	49	60	73	40	44	38	71553
*	5p	-	7	128045	90751	86735	150598	456129	1960	2302	1693	1946	717	964	496	1029	687	886	524	1380	75	74	53	51	86	72	51	37	69412
*	5p	-	8	129502	95769	89820	140948	456039	1947	2191	1948	2062	815	1005	592	1125	721	945	524	1372	92	107	57	59	108	127	57	44	67050
*	5p	-	9	124642	96153	87644	147499	455938	1803	2259	1894	2051	702	930	561	1143	707	851	509	1339	129	124	76	88	135	163	80	59	64651
*	5p	-	10	140365	88302	88886	138340	455893	2118	2083	1880	1870	642	896	535	1132	696	963	466	1325	152	169	95	81	150	188	68	77	62214
*	5p	-	11	134052	98255	96309	127233	455849	1974	2085	2096	2204	794	884	598	1175	836	1031	562	1300	207	210	104	97	152	182	105	88	59775
*	5p	-	12	131304	101106	93286	130060	455756	2116	2266	2152	2252	854	923	1167	1141	774	969	563	1390	241	217	117	128	203	214	112	91	57977
*	5p	-	13	133256	95859	92131	134470	455716	2055	2145	2114	2108	790	985	548	1131	750	1004	494	1242	233	260	123	118	224	243	99	94	56092
*	5p	-	14	132743	96225	93098	133563	455629	2155	2117	2020	2099	784	997	627	1209	736	1014	565	1274	280	278	135	136	252	271	106	118	54230
*	5p	-	15	133996	95087	91465	135009	455557	1984	2109	2026	2076	834	1024	585	1193	770	978	607	1323	288	278	153	159	274	279	139	127	52460
*	5p	-	16	135161	94915	91002	134374	455452	2056	2160	2066	2124	812	977	1058	1151	762	988	540	1280	314	297	166	152	318	326	150	128	50676
*	5p	-	17	135359	94543	92181	133362	455445	2059	2146	2027	2104	874	999	616	1129	774	962	557	1245	308	317	179	186	334	346	127	123	49083
*	5p	-	18	133175	94807	94299	133110	455391	2139	2193	1996	2145	718	926	549	1185	775	1056	552	1285	367	396	180	183	324	354	164	142	47576
*	5p	-	19	132876	95383	92223	134832	455314	2116	2119	1993	1973	764	976	500	1137	779	1074	562	1237	389	383	210	187	364	376	162	160	46034
*	5p	-	20	132460	94195	93247	131305	451207	2290	2234	2182	2179	911	1007	588	1188	865	1056	628	1358	418	393	204	201	405	367	167	166	44613
*	5p	-	21	131033	94119	92590	131889	449631	2281	2211	2302	2170	846	978	613	1347	836	1147	771	1331	405	468	225	222	383	375	172	173	43079
*	5p	-	22	131630	94204	91113	131926	448873	2148	2203	2045	2156	827	1021	697	1226	854	1074	600	1214	489	433	225	224	407	408	196	169	41715
*	5p	-	23	131747	93449	92066	131161	448423	2213	2112	2270	2273	801	993	603	1265	788	1089	621	1272	472	444	281	248	432	448	206	175	40444
*	5p	-	24	130948	93959	93191	130061	448159	2402	2256	2263	2130	807	1013	548	1198	817	1031	617	1314	502	494	257	243	458	444	190	180	39261
*	5p	-	25	130322	95114	92562	129898	447896	2346	2402	2164	2201	734	1035	534	1337	758	1074	588	1303	470	480	263	285	405	444	186	183	38136
*	5p	-	26	131348	93847	91935	130448	447578	2442	2183	2177	2316	836	1030	578	1232	821	1033	615	1306	486	520	305	285	413	461	195	205	36907
*	5p	-	27	132080	92473	91902	130857	447312	2270	2291	2277	2172	857	994	614	1229	812	1073	617	1361	572	502	278	313	487	484	179	196	35866
*	5p	-	28	130522	94774	91931	129853	447080	2269	2278	2258	2154	806	976	645	1275	820	1028	555	1330	522	499	296	287	502	463	212	210	34776
*	5p	-	29	130860	92887	92556	130604	446907	2265	2170	2217	2194	814	901	575	1236	849	1064	519	1336	565	526	320	272	495	492	216	238	33772
*	5p	-	30	130275	92231	91916	132345	446767	2279	2222	2160	2141	774	1041	614	1270	782	1109	543	1246	581	533	274	302	507	486	227	202	32727
*	5p	-	31	129237	94014	90782	131456	445489	2232	2257	2218	2267	817	1068	540	1296	888	1015	597	1244	530	586	307	358	515	558	213	215	31701
*	5p	-	32	129986	92705	92905	128727	444323	2385	2210	2162	2255	802	957	566	1280	847	1050	578	1260	592	540	297	320	495	565	232	230	30778
*	5p	-	33	130761	93579	91065	127932	443337	2336	2303	2212	2129	856	978	533	1263	878	1053	568	1275	581	597	310	304	504	550	236	224	29962
*	5p	-	34	131223	91300	91193	128373	442089	2433	2190	2158	2162	847	1027	525	1277	814	1050	623	1225	621	590	320	328	531	524	215	217	29109
*	5p	-	35	130303	91085	90538	128787	440713	2342	2150	2213	2190	841	1014	506	1272	790	1005	649	1186	590	635	318	328	518	519	265	243	28268
*	5p	-	36	127277	91387	89857	129585	438106	2517	2180	2204	2093	820	979	561	1264	809	1021	559	1188	617	595	321	327	565	534	228	237	27499
*	5p	-	37	128190	91316	88827	127144	435477	2308	2139	2477	2130	778	1041	577	1332	847	1011	614	1162	602	577	316	337	555	554	252	248	26722
*	5p	-	38	125690	88913	89926	128141	432670	2438	2090	2113	2160	834	1023	503	1220	847	1129	640	1205	576	662	340	322	563	576	207	253	26000
*	5p	-	39	125942	88886	88149	126846	429823	2446	2190	2144	2151	795	1003	564	1231	796	1033	555	1218	635	643	332	317	552	588	221	238	25274
*	5p	-	40	125761	88386	87706	125282	427135	2315	2191	2108	2059	771	993	518	1253	845	1025	548	1179	612	633	356	373	508	583	265	243	24581
*	5p	-	41	123529	87534	88970	123572	423605	2437	2138	2204	2199	747	910	541	1239	874	1031	557	1157	606	615	371	337	527	555	220	224	23965
*	5p	-	42	123183	87084	86824	122734	419825	2428	2202	2066	2078	778	1028	567	1191	803	1003	569	1178	633	644	336	331	532	504	257	230	23313
*	5p	-	43	123405	85432	85675	121534	416046	2387	2053	2054	2139	755	981	551	1157	795	991	537	1146	610	615	334	372	546	531	217	236	22697
*	5p	-	44	120809	84732	84943	121505	411989	2389	2150	1983	2604	717	923	571	1269	765	1034	552	1116	612	637	342	336	531	583	226	226	22072
*	5p	-	45	120580	83500	83413	120481	407974	2259	2131	2065	2058	755	938	511	1239	805	1001	492	1120	668	612	309	339	536	542	237	251	21455
*	5p	-	46	118842	81851	83467	119159	403319	2487	1905	2018	1961	754	924	536	1169	807	1001	545	1072	644	620	363	314	516	519	229	235	20851
*	5p	-	47	117660	80969	81255	118631	398515	2422	1939	1940	1979	734	917	563	1188	783	970	515	1115	631	649	324	323	521	508	230	233	20317
*	5p	-	48	116132	80119	81630	115754	393635	2421	1943	2004	1909	753	880	509	1172	760	971	504	1103	572	628	366	329	585	536	226	216	19823
*	5p	-	49	116789	78736	79454	113544	388523	2306	1885	2119	1918	705	862	494	1070	732	947	519	1063	560	605	329	358	579	531	216	216	19267
*	5p	-	50	112509	78411	78311	114044	383275	2314	1914	1796	1871	724	877	499	1160	730	988	481	1019	634	616	354	291	533	496	217	215	18759
*	5p	-	51	111333	76768	78122	111873	378096	2294	1896	1864	1935	718	819	498	1104	682	889	448	1029	563	622	344	342	517	509	252	209	18259
*	5p	-	52	109544	76293	77502	109718	373057	2352	1938	1879	1861	703	897	463	1150	711	909	589	1707	626	601	358	299	502	510	227	226	17780
*	5p	-	53	109194	74496	75183	108799	367672	2261	1796	1826	1775	696	808	501	1087	691	872	482	1000	575	594	331	341	479	514	216	215	17320
*	5p	-	54	107255	72938	74303	107749	362245	2304	1721	1845	1695	655	773	463	1066	695	851	437	900	569	554	315	313	473	487	189	215	16861
*	5p	-	55	105699	71749	74590	104715	356753	2211	1819	1844	1861	630	830	443	1050	674	853	437	970	590	587	294	326	469	461	214	195	16416
*	5p	-	56	105345	70249	71959	103334	350887	2212	1711	1843	1682	628	824	428	995	680	887	445	956	593	604	306	285	497	467	208	208	16010
*	5p	-	57	103187	68606	70389	102834	345016	2233	1699	1784	1683	648	781	422	967	641	868	446	929	561	549	309	343	493	489	196	217	15609
*	5p	-	58	101536	67758	69444	100379	339117	2143	1762	1637	1629	646	707	417	970	640	841	407	898	547	591	328	309	448	463	203	230	15232
*	5p	-	59	98518	67351	68104	99181	333154	2162	1598	1533	1555	564	757	421	975	605	830	438	816	542	574	296	328	470	441	180	198	14831
*	5p	-	60	97083	65071	68330	96494	326978	2193	1638	1657	1550	550	770	407	969	632	764	435	902	582	527	296	294	439	464	190	182	14519
*	5p	-	61	95827	64422	65280	95336	320865	2021	1505	1591	1586	600	741	442	972	585	813	376	841	550	522	350	310	428	423	190	171	14162
*	5p	-	62	94177	63031	65265	92146	314619	2135	1480	1518	1488	558	678	494	954	581	801	405	821	571	533	297	293	418	426	175	195	13769
*	5p	-	63	92229	61246	63729	91214	308418	2034	1494	1499	1577	565	747	450	926	575	760	378	839	519	584	268	300	436	399	164	185	13443
*	5p	-	64	89588	61162	61892	89240	301882	2148	1529	1444	1396	567	695	372	846	564	721	412	791	510	578	283	333	416	386	191	191	13116
*	5p	-	65	88133	58498	60708	88107	295446	2130	1437	1497	1478	547	656	401	897	652	672	382	768	516	536	315	286	420	373	174	157	12782
*	5p	-	66	85876	57702	59529	85845	288952	1980	1419	1490	1280	499	650	395	872	595	771	377	744	523	531	271	299	408	401	161	176	12482
*	5p	-	67	84612	55261	58454	83975	282302	1999	1366	1463	1370	504	703	391	814	537	670	348	731	513	492	274	290	370	369	182	196	12181
*	5p	-	68	82563	55029	56659	81704	275955	1921	1340	1402	1353	498	559	376	796	576	646	353	738	512	474	263	249	377	357	156	179	11918
*	5p	-	69	80386	53923	55495	79351	269155	1903	1343	1334	1313	487	588	372	830	505	684	364	685	506	471	239	261	394	353	174	145	11634
*	5p	-	70	79420	52158	53676	77268	262522	1887	1274	1321	1281	453	595	378	730	559	640	307	649	459	457	218	248	364	353	158	152	11353
