# table produced by mapDamage version 2.2.1
# using mapped file CviAPal021.merged.L103.realn.bam and reference.ssl.Cvi20k_rename.fasta as reference file
# Chr: reference from sam/bam header, End: from which termini of DNA sequences, Std: strand of reads
Chr	End	Std	Pos	A	C	G	T	Total	G>A	C>T	A>G	T>C	A>C	A>T	C>G	C>A	T>G	T>A	G>C	G>T	A>-	T>-	C>-	G>-	->A	->T	->C	->G	S
*	3p	+	1	87722	69936	89788	95106	342552	5432	1009	1704	1293	540	576	506	697	767	606	381	617	0	0	0	0	7	18	12	11	70812
*	3p	+	2	111595	70821	60190	99968	342574	3902	996	942	1199	464	483	229	693	384	681	302	458	2	4	2	1	12	15	6	7	70683
*	3p	+	3	103056	62656	76522	100339	342573	2688	974	1051	909	357	431	308	706	395	483	237	531	3	10	3	2	17	15	3	6	68441
*	3p	+	4	103386	60898	72771	105452	342507	2113	995	1030	851	354	465	270	613	393	447	245	531	21	17	29	25	24	29	23	31	65452
*	3p	+	5	102277	64841	67935	107448	342501	1842	1043	963	912	346	460	258	642	391	452	239	577	27	23	24	33	31	37	25	23	62100
*	3p	+	6	98222	69649	64619	109980	342470	2344	1679	1434	1501	623	767	372	989	507	750	468	832	45	42	37	37	44	47	30	26	58483
*	3p	+	7	112829	64528	66812	98264	342433	2447	1383	1485	1381	550	753	378	917	585	773	405	729	65	57	47	29	67	57	33	26	56689
*	3p	+	8	109269	65077	70408	97658	342412	2331	1456	1509	1388	544	658	452	934	618	854	442	790	56	71	44	46	70	73	31	30	54657
*	3p	+	9	113640	64463	69576	94646	342325	2312	1380	1483	1483	559	635	405	997	583	824	518	812	117	93	61	80	122	83	48	38	52521
*	3p	+	10	108202	65688	64582	103790	342262	2126	1485	1367	1361	546	705	374	961	528	825	447	774	110	111	64	79	122	116	57	59	50526
*	3p	+	11	101214	68986	69462	102508	342170	2207	1483	1557	1569	656	812	434	959	613	854	560	872	175	140	87	70	152	131	82	82	48393
*	3p	+	12	99953	66920	74224	101032	342129	2086	1489	1641	1603	558	706	451	965	648	817	1574	835	184	178	96	98	161	161	77	90	46802
*	3p	+	13	103236	66644	70957	101278	342115	2107	1516	1579	1494	618	776	413	989	576	847	486	853	208	190	104	94	194	159	75	74	45188
*	3p	+	14	101956	67464	71700	100909	342029	2094	1582	1604	1444	549	740	433	993	614	824	451	937	229	207	95	100	231	211	65	80	43733
*	3p	+	15	103920	65569	68866	103651	342006	1976	1532	1582	1560	569	708	490	1017	644	831	461	861	241	238	130	113	231	204	81	96	42184
*	3p	+	16	102894	66672	68558	103870	341994	2048	1440	1585	1503	608	779	419	930	668	876	1235	958	247	242	117	137	218	218	86	98	40643
*	3p	+	17	102417	67104	67922	104432	341875	1835	1580	1579	1544	590	823	459	893	660	806	456	839	249	249	120	133	273	250	109	110	39333
*	3p	+	18	102295	70645	68647	100224	341811	1843	1564	1590	1567	650	690	450	1001	611	823	445	807	284	261	148	146	297	291	97	120	37972
*	3p	+	19	105909	66674	68798	100381	341762	1854	1567	1551	1477	635	800	446	935	569	782	440	811	294	275	141	145	314	304	120	117	36780
*	3p	+	20	100358	69717	67824	101110	339009	1927	1651	1714	1612	641	823	519	1008	715	878	451	877	310	300	130	158	286	308	149	116	35540
*	3p	+	21	102234	67755	67464	100492	337945	1962	1624	1684	1704	638	823	738	1005	650	856	481	848	333	306	162	164	323	301	121	132	34447
*	3p	+	22	100984	66054	69512	100975	337525	1992	1678	1623	1675	651	775	457	993	697	879	681	953	363	316	211	170	312	307	135	149	33365
*	3p	+	23	102347	66728	67588	100530	337193	1933	1621	1582	1659	629	781	524	979	650	861	452	923	345	341	181	217	372	323	138	184	32342
*	3p	+	24	99520	69423	67441	100644	337028	1882	1657	1677	1603	640	801	456	1071	625	855	418	956	372	401	178	203	348	372	154	162	31313
*	3p	+	25	99659	69245	68916	99071	336891	2051	1761	1637	1594	642	783	486	990	600	812	445	1005	389	403	180	198	383	324	136	156	30311
*	3p	+	26	99934	67342	68166	101296	336738	1890	1811	1664	1627	645	776	467	1015	684	872	424	896	418	402	221	218	349	317	162	159	29327
*	3p	+	27	100024	67331	66901	102328	336584	1877	1742	1651	1737	642	764	407	1027	650	829	421	982	410	434	223	218	368	368	163	139	28404
*	3p	+	28	99088	67697	70122	99549	336456	1969	1718	1662	1651	596	804	418	998	645	837	538	970	434	431	206	249	402	375	157	159	27538
*	3p	+	29	99796	68576	67236	100757	336365	1836	1716	1666	1665	600	739	409	949	678	814	457	851	454	440	218	226	398	383	169	169	26623
*	3p	+	30	102310	67574	66598	99719	336201	1842	1656	1580	1665	627	760	452	937	642	816	471	945	444	414	199	239	438	392	177	174	25769
*	3p	+	31	100924	65454	70064	99004	335446	1944	1660	1702	1632	598	819	474	1001	635	832	407	973	453	460	242	229	371	385	166	170	24935
*	3p	+	32	98169	66733	67161	102556	334619	1878	1636	1677	1611	631	790	458	960	653	875	452	969	469	468	219	265	389	416	165	160	24088
*	3p	+	33	98143	65951	67897	101875	333866	1901	1749	1688	1668	646	791	511	962	689	908	421	961	472	455	235	259	393	390	179	176	23302
*	3p	+	34	98360	66684	65348	102679	333071	1773	1750	1646	1587	603	759	512	955	658	845	418	963	457	499	257	249	406	419	170	164	22596
*	3p	+	35	98810	65522	65982	101983	332297	1859	1704	1671	1642	617	800	433	934	691	885	441	1012	474	484	304	243	403	420	165	192	21880
*	3p	+	36	100666	65618	66688	97499	330471	1774	1691	1596	1654	632	767	437	938	633	892	458	934	491	502	252	258	428	462	167	184	21201
*	3p	+	37	97984	64275	68028	98453	328740	1858	1713	1707	2202	713	809	456	889	573	859	425	1025	450	497	248	291	445	429	178	179	20557
*	3p	+	38	100528	65963	64483	95953	326927	1743	1741	1620	1629	671	812	561	951	642	822	374	970	518	521	283	268	438	433	177	175	19906
*	3p	+	39	99815	64065	65194	96093	325167	1826	1646	1597	1541	605	823	429	965	651	859	396	920	531	519	262	278	441	427	157	199	19272
*	3p	+	40	97962	64100	65139	96222	323423	1814	1625	1505	1575	650	757	473	975	625	775	405	916	570	520	286	260	411	408	193	189	18656
*	3p	+	41	94797	66863	64493	94947	321100	1799	1668	1661	1636	604	764	408	1003	724	813	433	952	550	511	309	289	447	409	181	167	18077
*	3p	+	42	94157	63731	65681	95200	318769	1707	1561	1550	1610	621	760	472	891	645	853	411	948	572	523	275	266	423	410	195	182	17509
*	3p	+	43	94777	62204	62605	96785	316371	1667	1570	1570	1657	594	758	386	908	565	799	403	956	528	521	273	281	435	415	179	176	16907
*	3p	+	44	93738	62653	63434	94024	313849	1719	1610	2152	1543	610	732	388	866	595	797	379	897	555	527	271	282	431	417	204	231	16344
*	3p	+	45	94783	61534	62100	92858	311275	1702	1574	1561	1504	590	738	393	886	600	790	411	980	532	547	272	329	503	423	188	191	15859
*	3p	+	46	93635	62194	60124	92391	308344	1625	1660	1501	1565	653	752	407	945	594	796	380	896	554	554	275	275	426	437	204	216	15313
*	3p	+	47	93606	59873	59423	92462	305364	1557	1574	1503	1626	596	683	423	914	592	758	415	889	508	530	277	293	458	432	179	196	14831
*	3p	+	48	90315	62348	59492	89987	302142	1558	1607	1596	1489	569	759	411	899	578	820	374	813	528	525	303	295	478	451	175	221	14347
*	3p	+	49	88657	59011	58337	92951	298956	1592	1606	1494	2186	556	735	349	895	567	771	382	899	558	560	264	244	433	471	214	164	13875
*	3p	+	50	90563	58133	58346	88557	295599	1581	1470	1526	1533	562	706	392	920	567	736	396	913	531	520	261	292	467	451	167	172	13433
*	3p	+	51	88111	59570	57602	87134	292417	1525	1502	1437	1477	539	670	357	979	577	744	402	843	528	492	264	289	471	412	151	213	12984
*	3p	+	52	86801	58792	57334	86209	289136	1524	1557	1454	1464	578	776	620	2575	530	695	370	908	514	528	282	255	423	434	177	186	12586
*	3p	+	53	87726	56461	56413	85109	285709	1468	1509	1476	1406	556	684	406	857	573	738	358	888	506	523	272	263	438	450	175	148	12185
*	3p	+	54	86092	56660	54762	84657	282171	1501	1478	1374	1377	540	669	374	841	538	680	363	843	476	506	267	265	464	407	183	161	11786
*	3p	+	55	82841	57960	53749	83952	278502	1494	1460	1352	1398	480	694	342	859	510	692	379	806	486	537	252	252	454	385	205	175	11391
*	3p	+	56	82030	54269	53061	85344	274704	1387	1420	1353	1477	500	702	409	753	522	735	374	779	501	481	252	275	412	426	195	175	11023
*	3p	+	57	82002	53433	51699	83708	270842	1419	1383	1381	1387	513	690	319	782	528	724	364	815	506	511	274	207	444	438	173	161	10655
*	3p	+	58	79879	52329	52133	82667	267008	1437	1355	1301	1351	505	614	347	649	484	662	277	821	505	486	276	291	414	407	208	168	10322
*	3p	+	59	79615	51551	52491	79281	262938	1420	1374	1294	1298	502	649	301	725	504	616	365	808	490	531	269	277	473	402	166	166	9972
*	3p	+	60	78317	53446	49792	77444	258999	1424	1457	1218	1334	555	635	328	709	469	650	323	814	464	545	235	261	426	372	198	160	9635
*	3p	+	61	78400	50086	49581	76746	254813	1267	1290	1298	1297	495	652	299	728	500	676	322	753	509	508	254	264	428	380	173	147	9310
*	3p	+	62	75185	51336	48284	75857	250662	1275	1352	1166	1225	517	585	289	677	456	650	371	766	524	484	270	230	378	354	158	170	9014
*	3p	+	63	75304	48743	47428	74792	246267	1325	1256	1195	1227	463	608	291	679	480	624	338	747	520	497	246	228	382	354	156	146	8709
*	3p	+	64	74254	47572	47753	72397	241976	1311	1299	1182	1197	485	542	294	688	483	609	284	702	454	463	249	261	351	391	165	158	8430
*	3p	+	65	73607	47247	45646	71091	237591	1240	1268	1102	1213	475	584	318	719	488	571	317	717	471	468	243	241	377	376	152	152	8164
*	3p	+	66	72213	46060	44783	70029	233085	1238	1192	1139	1114	470	557	289	687	440	564	285	712	499	456	222	193	350	345	145	151	7926
*	3p	+	67	69214	46869	44024	68439	228546	1191	1262	1116	1111	416	560	283	780	419	595	292	747	456	419	239	209	368	320	156	160	7671
*	3p	+	68	67852	43808	44377	67890	223927	1104	1163	1120	1054	423	533	307	666	419	566	300	649	457	416	227	213	353	327	135	135	7394
*	3p	+	69	66056	43423	43790	66014	219283	1161	1145	1070	1069	376	491	269	639	429	516	257	721	450	410	234	215	346	327	146	126	7135
*	3p	+	70	65691	41968	41524	65609	214792	1103	1112	1024	1037	427	497	263	606	407	568	264	676	401	432	217	201	311	316	114	140	6935
*	3p	-	1	76921	60367	78911	81545	297744	5539	896	1488	1114	484	572	403	572	613	542	310	528	0	0	0	0	15	28	19	16	57285
*	3p	-	2	98557	58675	53149	87440	297821	3814	861	852	1073	373	402	197	581	340	569	238	428	15	20	8	3	8	10	1	2	57195
*	3p	-	3	90541	54817	63665	88809	297832	2568	861	945	842	280	347	282	602	366	430	210	470	11	21	8	5	4	0	1	3	55145
*	3p	-	4	90555	52304	61427	93338	297624	2035	824	912	798	264	391	233	565	357	413	207	510	79	88	37	41	78	83	28	30	52522
*	3p	-	5	88302	56319	58439	94540	297600	1686	876	872	795	317	393	226	538	325	399	205	492	88	89	33	37	97	97	22	28	49608
*	3p	-	6	86029	57538	56802	97165	297534	2239	1337	1257	1288	479	698	347	765	536	669	351	725	106	99	42	42	120	123	36	31	46388
*	3p	-	7	95584	55113	59404	87428	297529	2351	1210	1272	1204	403	636	329	762	539	685	324	753	132	103	40	54	151	107	27	30	44834
*	3p	-	8	94300	55730	60542	86898	297470	2087	1208	1363	1238	428	585	376	876	526	685	318	686	143	141	55	53	145	129	44	57	43057
*	3p	-	9	97455	55533	61200	83215	297403	2053	1151	1247	1263	490	609	378	876	546	653	314	649	153	176	81	77	152	183	52	53	41277
*	3p	-	10	91885	56766	56984	91715	297350	1879	1309	1234	1244	450	591	358	811	474	673	297	750	162	227	84	91	173	198	53	71	39549
*	3p	-	11	86113	60378	61725	89085	297301	1885	1337	1367	1323	537	621	440	827	579	682	371	756	221	229	100	88	191	186	69	97	37725
*	3p	-	12	87795	58709	63008	87789	297301	1984	1326	1457	1435	477	670	408	785	586	675	435	762	231	251	105	123	191	209	63	81	36471
*	3p	-	13	89506	58442	61108	88204	297260	1908	1275	1405	1368	489	640	374	857	533	729	368	741	215	231	126	114	209	210	78	88	35193
*	3p	-	14	90527	57617	60410	88673	297227	1866	1303	1428	1398	523	632	355	787	550	716	389	738	246	272	129	125	225	231	67	91	33913
*	3p	-	15	90131	57951	60743	88394	297219	1817	1340	1398	1277	514	649	379	829	525	727	364	760	280	276	130	138	238	217	82	89	32613
*	3p	-	16	89557	59058	60169	88388	297172	1798	1374	1359	1355	572	620	355	891	558	690	379	734	268	247	150	157	250	227	96	93	31306
*	3p	-	17	89255	58470	60632	88756	297113	1764	1321	1381	1315	597	701	343	780	543	680	431	770	261	325	140	155	261	278	99	93	30242
*	3p	-	18	88829	58584	60728	88935	297076	1722	1341	1406	1326	514	589	342	847	507	673	386	780	283	301	134	172	280	268	103	118	29211
*	3p	-	19	88688	59029	60296	89045	297058	1659	1302	1326	1266	529	631	338	804	512	688	300	775	325	308	143	183	288	288	105	106	28213
*	3p	-	20	87417	58705	59896	88272	294290	1720	1421	1410	1382	571	723	414	807	592	709	392	818	326	344	172	191	283	292	143	131	27196
*	3p	-	21	87067	58651	59787	87716	293221	1693	1510	1506	1473	555	726	385	882	591	668	435	871	314	353	180	162	320	299	127	118	26206
*	3p	-	22	87807	57862	59622	87495	292786	1781	1407	1488	1468	559	649	372	856	566	740	374	806	343	345	176	187	323	317	124	128	25354
*	3p	-	23	87693	58216	59415	87226	292550	1648	1472	1442	1478	525	705	386	817	573	719	367	805	389	353	207	173	344	303	124	132	24445
*	3p	-	24	87744	58218	59127	87301	292390	1735	1509	1523	1493	528	692	354	809	588	748	375	835	377	360	200	218	339	295	117	145	23614
*	3p	-	25	87804	57773	59462	87187	292226	1717	1472	1422	1425	572	689	398	863	570	726	417	818	390	402	201	199	314	330	134	118	22830
*	3p	-	26	87884	57783	58835	87574	292076	1658	1433	1474	1440	565	675	354	822	589	703	388	848	393	435	199	198	346	291	122	133	22069
*	3p	-	27	87646	58202	59155	86910	291913	1758	1372	1454	1408	556	662	407	866	619	818	398	880	429	393	213	232	329	345	144	131	21353
*	3p	-	28	87759	58195	58657	87173	291784	1682	1477	1509	1480	533	665	365	886	586	747	383	874	424	388	238	219	361	348	139	150	20657
*	3p	-	29	87375	58406	58952	86996	291729	1716	1482	1456	1505	535	639	349	828	503	714	349	871	448	395	226	225	356	344	145	137	19966
*	3p	-	30	87308	58459	59458	86376	291601	1678	1425	1451	1443	532	710	388	894	559	781	393	827	410	446	224	241	352	339	162	160	19300
*	3p	-	31	87488	57844	58929	86544	290805	1609	1454	1453	1412	507	686	369	863	571	719	402	829	485	389	245	226	377	303	156	175	18620
*	3p	-	32	86838	58166	58879	86198	290081	1708	1412	1478	1448	584	691	363	877	509	728	351	834	453	427	246	234	372	355	133	168	18031
*	3p	-	33	86245	58026	58533	86600	289404	1602	1423	1440	1409	580	638	421	830	559	730	365	814	424	420	254	240	405	350	155	155	17468
*	3p	-	34	86103	58073	58390	86033	288599	1667	1435	1424	1408	598	668	363	830	571	748	388	825	483	458	230	223	406	360	170	167	16882
*	3p	-	35	87066	57904	57827	85156	287953	1736	1523	1454	1426	565	690	385	797	558	710	360	804	477	444	277	238	377	370	165	163	16313
*	3p	-	36	85874	57337	57839	85339	286389	1609	1431	1391	1411	564	672	400	807	559	690	408	876	438	422	273	244	376	382	176	167	15826
*	3p	-	37	85594	56987	57416	84800	284797	1594	1395	1407	1502	529	672	369	786	527	708	355	874	505	440	245	229	365	417	138	171	15329
*	3p	-	38	84816	56607	56881	84907	283211	1631	1470	1440	1381	577	678	371	797	583	737	366	813	507	451	237	241	389	393	162	165	14818
*	3p	-	39	84314	56481	56914	83927	281636	1576	1442	1438	1400	549	683	386	808	558	730	388	840	467	461	248	241	368	391	191	160	14335
*	3p	-	40	83555	56434	56235	84022	280246	1540	1478	1452	1423	535	659	344	803	522	710	382	816	460	455	234	238	398	365	141	160	13861
*	3p	-	41	83237	55581	55831	83533	278182	1530	1407	1386	1372	560	681	376	721	548	722	411	824	458	452	227	274	364	382	158	161	13421
*	3p	-	42	82311	55319	56097	82325	276052	1565	1398	1464	1385	541	615	314	803	528	671	365	825	446	435	260	227	362	401	174	151	12974
*	3p	-	43	82157	54636	55102	82019	273914	1488	1501	1393	1391	548	645	347	777	518	741	373	880	455	445	237	231	358	394	182	166	12564
*	3p	-	44	81560	54764	54247	81186	271757	1483	1320	1385	1350	528	665	390	788	529	694	362	809	408	456	228	253	391	374	172	148	12113
*	3p	-	45	80516	54275	54106	80614	269511	1444	1352	1360	1353	509	651	337	793	534	643	356	852	439	451	274	237	365	354	176	152	11671
*	3p	-	46	79837	53733	52869	80505	266944	1431	1424	1367	1345	556	611	351	761	549	673	367	762	445	464	223	219	354	349	170	141	11248
*	3p	-	47	79539	53110	53006	78604	264259	1412	1345	1345	1320	496	669	342	754	482	683	340	869	438	441	280	209	351	387	156	168	10883
*	3p	-	48	78821	52462	51976	78213	261472	1453	1380	1434	1302	497	601	347	711	522	635	351	801	466	469	230	226	346	346	160	138	10538
*	3p	-	49	77555	52213	51550	77243	258561	1508	1281	1340	1265	481	641	366	777	473	661	337	789	429	478	256	225	354	359	166	135	10214
*	3p	-	50	76873	51532	50507	76662	255574	1356	1319	1322	1287	508	606	389	759	462	624	354	759	485	449	244	217	310	339	143	147	9857
*	3p	-	51	75682	51237	50268	75459	252646	1356	1319	1314	1336	503	621	342	761	517	616	361	734	420	460	260	235	328	354	131	144	9554
*	3p	-	52	74920	50051	49720	74892	249583	1374	1233	1269	1232	503	607	331	697	479	605	301	777	422	408	231	266	336	349	152	122	9237
*	3p	-	53	74088	49497	48620	74238	246443	1393	1233	1132	1238	464	593	351	727	508	625	327	673	456	419	227	250	332	341	141	136	8927
*	3p	-	54	73236	48905	48198	72935	243274	1280	1274	1267	1293	463	574	341	701	469	612	358	737	456	420	227	224	318	328	142	119	8628
*	3p	-	55	71774	48273	47485	72358	239890	1233	1191	1236	1228	460	584	301	667	444	618	309	755	432	431	244	228	319	323	163	118	8331
*	3p	-	56	71032	47522	46565	71334	236453	1249	1252	1217	1195	453	518	327	687	485	572	284	701	391	430	217	218	308	338	147	134	8031
*	3p	-	57	70188	46546	45783	70359	232876	1233	1200	1162	1193	490	577	312	657	410	618	318	723	406	391	213	215	312	349	139	143	7755
*	3p	-	58	69312	45687	45247	69054	229300	1223	1093	1144	1068	463	548	314	655	425	572	318	737	426	372	197	205	325	335	136	138	7499
*	3p	-	59	67615	45410	44407	68375	225807	1216	1094	1092	1094	432	566	325	604	422	568	271	703	386	405	200	210	315	309	132	116	7234
*	3p	-	60	67155	44339	43913	66745	222152	1201	1218	1086	1109	419	530	312	657	393	564	277	715	359	401	221	191	285	303	126	117	7020
*	3p	-	61	65671	43773	43190	65771	218405	1213	1162	1039	1045	423	502	333	576	417	566	304	660	370	388	194	183	294	275	132	123	6777
*	3p	-	62	64660	43241	42079	64588	214568	1141	1070	1039	1081	388	494	318	651	387	551	268	634	380	362	216	195	324	292	100	131	6557
*	3p	-	63	63321	42518	41388	63497	210724	1137	1122	1029	1031	426	487	311	633	361	567	267	609	368	378	185	192	288	270	138	120	6329
*	3p	-	64	62465	41121	40620	62629	206835	1133	1093	1096	1064	388	497	274	576	387	543	262	669	339	372	179	184	313	264	118	111	6124
*	3p	-	65	61060	40430	39811	61543	202844	1079	1057	1001	957	394	498	264	557	360	521	243	612	343	331	168	205	310	277	118	95	5908
*	3p	-	66	59677	39859	39128	60140	198804	1101	1029	920	980	396	469	270	547	371	498	235	635	354	353	177	180	309	265	118	93	5700
*	3p	-	67	58487	38887	38281	59215	194870	1057	1062	941	1024	327	458	274	569	354	429	264	552	331	341	199	204	322	281	113	101	5506
*	3p	-	68	57342	38279	37482	57907	191010	971	1027	958	907	349	439	262	568	361	497	234	543	313	324	186	184	268	274	113	100	5304
*	3p	-	69	56584	37328	36321	56696	186929	987	964	881	962	329	439	254	496	339	464	234	544	352	308	193	168	274	240	113	107	5110
*	3p	-	70	55270	36500	35572	55473	182815	988	920	956	922	350	421	247	500	322	468	252	530	299	310	163	198	231	275	108	111	4941
*	5p	+	1	92308	91780	72334	86107	342529	1125	1335	1434	1868	779	587	396	915	585	632	518	548	0	0	0	0	32	13	12	13	63354
*	5p	+	2	101963	58872	68278	113450	342563	1058	1840	1285	995	430	607	306	551	476	548	228	676	28	28	9	9	13	15	5	2	63244
*	5p	+	3	101308	73289	61885	106110	342592	1070	1359	953	1158	433	460	225	643	349	537	299	763	17	17	5	9	7	11	3	3	61274
*	5p	+	4	109662	68587	59489	104612	342350	1099	1201	996	1109	395	464	252	661	321	517	271	689	126	105	24	37	103	103	18	43	58773
*	5p	+	5	110076	66941	65056	100231	342304	1101	1170	1003	1019	384	434	227	603	365	561	281	743	96	110	48	29	119	132	26	37	56053
*	5p	+	6	114163	62651	66492	98928	342234	1636	1545	1497	1490	510	684	385	847	554	840	421	1049	108	151	45	49	152	143	34	55	52834
*	5p	+	7	100975	66648	63497	111107	342227	1504	1736	1357	1454	553	702	341	907	504	732	381	1054	129	158	50	54	116	188	43	44	51236
*	5p	+	8	100435	69410	64621	107743	342209	1505	1575	1436	1574	556	805	374	850	539	687	444	1040	165	145	59	59	157	165	48	39	49435
*	5p	+	9	95490	70371	62623	113606	342090	1420	1743	1405	1530	629	784	372	850	570	687	409	1030	187	204	82	74	193	220	56	59	47690
*	5p	+	10	107014	64539	64016	106486	342055	1578	1689	1450	1431	567	737	367	934	615	708	357	1010	185	231	81	100	217	199	78	69	45952
*	5p	+	11	102888	71258	70489	97355	341990	1613	1552	1589	1653	632	697	428	966	594	768	491	1009	241	254	105	116	223	225	103	77	44080
*	5p	+	12	101505	72414	67600	100430	341949	1625	1664	1607	1684	633	709	439	963	599	805	678	1021	251	235	116	123	233	252	99	85	42762
*	5p	+	13	102751	69197	67344	102644	341936	1558	1641	1623	1575	577	719	411	893	551	834	393	1065	286	251	127	127	289	240	68	85	41283
*	5p	+	14	103355	68482	66705	103369	341911	1510	1681	1657	1565	605	763	450	892	610	781	361	1015	283	270	148	122	271	247	88	101	39849
*	5p	+	15	101645	70182	66568	103481	341876	1524	1641	1502	1643	568	706	442	929	628	770	443	1046	284	302	162	131	292	256	103	91	38527
*	5p	+	16	102349	68628	67759	103085	341821	1665	1713	1560	1583	588	749	431	895	643	804	384	1047	336	315	149	160	281	285	120	106	37223
*	5p	+	17	102322	69325	67665	102521	341833	1536	1654	1523	1653	637	694	687	924	770	802	432	1002	323	365	170	167	288	267	119	110	36093
*	5p	+	18	102829	70097	67348	101519	341793	1559	1860	1557	1594	594	684	410	930	631	762	424	961	320	348	180	162	307	264	134	120	35000
*	5p	+	19	103095	69101	67485	102066	341747	1463	1609	1489	1519	584	717	412	935	575	752	438	1038	385	393	210	158	304	311	144	112	33894
*	5p	+	20	101676	68675	67507	101071	338929	1683	1693	1701	1708	613	767	448	924	681	811	404	1025	410	394	218	191	342	305	132	162	32879
*	5p	+	21	101353	69136	67095	100246	337830	1779	1702	1701	1737	679	767	479	1021	636	843	519	1112	428	381	197	197	336	349	152	157	31810
*	5p	+	22	101434	68551	66453	101011	337449	1620	1772	1680	1698	674	774	444	1032	684	819	452	1047	401	418	238	203	320	365	136	160	30840
*	5p	+	23	100510	67912	66923	101860	337205	1727	1700	1770	1740	640	788	479	1038	681	872	425	1024	436	462	216	223	349	372	139	147	29882
*	5p	+	24	100702	68106	67420	100801	337029	1774	1720	1727	1710	624	746	428	1061	646	839	396	1039	438	445	232	233	358	382	143	155	29002
*	5p	+	25	101468	68629	65645	101110	336852	1730	1689	1611	1736	609	770	590	1007	636	857	440	1041	453	477	218	250	365	352	155	168	28101
*	5p	+	26	100269	68541	66410	101435	336655	1679	1724	1666	1717	643	831	427	981	626	869	455	1030	421	501	252	229	369	392	186	125	27196
*	5p	+	27	100941	68235	67000	100342	336518	1680	1760	1679	1693	643	803	461	1005	650	848	422	985	451	450	259	278	399	417	152	136	26430
*	5p	+	28	101517	67713	66527	100645	336402	1739	1734	1539	1696	659	821	447	1103	657	811	446	1006	504	474	230	245	381	421	177	170	25649
*	5p	+	29	100953	68195	66910	100187	336245	1706	1696	1687	1686	588	757	401	926	631	840	467	1015	466	507	260	247	406	469	188	178	24966
*	5p	+	30	100482	68014	67407	100223	336126	1748	1757	1647	1586	613	728	432	978	613	816	450	1061	480	490	259	245	440	424	204	189	24244
*	5p	+	31	100529	67928	66842	99999	335298	1725	1766	1656	1733	659	778	416	980	674	846	506	988	493	498	278	273	398	483	179	181	23521
*	5p	+	32	100179	67811	66447	100062	334499	1757	1705	1705	1685	601	776	433	1008	677	804	441	979	490	474	299	283	417	455	198	182	22829
*	5p	+	33	99875	67846	66939	99098	333758	1741	1702	1646	1696	650	788	457	957	763	813	454	1014	525	502	260	296	414	468	169	196	22189
*	5p	+	34	99878	67391	66507	99229	333005	1725	1683	1642	1605	633	758	447	927	604	875	443	1057	520	537	286	231	424	396	203	201	21557
*	5p	+	35	99026	67083	66155	99922	332186	1824	1714	1655	1694	545	748	452	955	622	855	477	1037	511	580	266	301	452	453	186	199	20931
*	5p	+	36	98208	67587	65437	99263	330495	1764	1596	1625	1586	629	764	468	988	617	871	456	950	562	518	268	281	450	411	186	169	20364
*	5p	+	37	98682	66428	64935	98706	328751	1747	1693	1701	1747	617	772	441	991	612	833	449	944	501	533	274	296	430	411	212	167	19812
*	5p	+	38	98304	65801	64617	98136	326858	1792	1725	1595	1710	630	741	445	1013	678	829	448	950	528	504	312	273	434	441	222	194	19241
*	5p	+	39	97237	65729	64837	97352	325155	1844	1656	1624	1721	644	765	459	1018	615	836	492	962	528	542	275	277	455	418	200	162	18666
*	5p	+	40	97881	64268	64786	96418	323353	1775	1676	1619	1708	591	744	430	982	641	809	506	964	521	539	301	276	454	424	211	181	18139
*	5p	+	41	96723	64689	63988	95700	321100	1751	1756	1670	1645	621	811	504	982	627	874	421	905	543	532	304	270	380	419	218	188	17625
*	5p	+	42	96037	64197	63751	94756	318741	1836	1716	1669	1763	594	737	458	992	590	827	399	937	489	509	288	258	471	426	160	180	17091
*	5p	+	43	95285	64023	62429	94667	316404	1745	1595	1589	1657	599	807	414	1146	658	840	427	869	543	507	255	257	380	418	182	189	16609
*	5p	+	44	94647	63283	61999	94028	313957	1718	1522	1569	1619	609	752	398	994	605	779	455	850	511	470	271	276	446	370	177	179	16133
*	5p	+	45	93273	62334	62015	93778	311400	1769	1612	1518	1550	625	782	425	925	602	794	427	896	494	513	267	268	422	417	170	169	15645
*	5p	+	46	93088	62067	61067	92252	308474	1746	1558	1556	1751	631	775	412	967	642	830	458	856	502	496	280	252	409	393	181	172	15218
*	5p	+	47	92211	60688	60850	91683	305432	1772	1637	1513	1551	546	743	468	1087	575	816	430	873	487	511	263	270	440	425	166	166	14773
*	5p	+	48	90795	60357	60282	90823	302257	1708	1502	1519	1520	592	729	402	932	545	816	421	846	551	521	269	258	451	401	183	172	14369
*	5p	+	49	90390	59056	59712	89892	299050	1749	1549	1474	1556	545	721	392	863	568	774	413	824	550	535	257	279	464	425	137	160	13946
*	5p	+	50	88039	59546	59157	88909	295651	1795	1634	1462	1551	560	690	401	916	552	725	443	898	504	514	289	265	452	405	192	154	13537
*	5p	+	51	88296	57927	58634	87619	292476	1675	1520	1411	1494	533	726	358	838	533	773	431	786	504	481	269	254	424	373	198	192	13182
*	5p	+	52	86986	57732	57368	87107	289193	1728	1455	1491	1424	563	685	368	868	524	771	404	776	510	492	246	241	422	420	155	164	12800
*	5p	+	53	86817	56205	57265	85490	285777	1686	1515	1362	1444	564	717	389	764	580	724	421	886	498	494	243	251	408	383	177	176	12450
*	5p	+	54	84939	56156	56393	84799	282287	1712	1384	1386	1422	521	691	381	829	576	678	397	757	474	469	264	264	379	392	155	174	12137
*	5p	+	55	83669	54978	56384	83576	278607	1631	1402	1400	1409	519	686	380	789	493	737	391	783	449	462	244	281	407	394	151	158	11808
*	5p	+	56	83247	53826	54752	82988	274813	1667	1327	1357	1404	511	687	343	807	504	710	422	784	476	474	242	266	383	372	164	179	11500
*	5p	+	57	81801	53686	54249	81269	271005	1685	1400	1313	1501	509	671	358	848	506	737	378	765	465	479	215	254	399	315	177	160	11183
*	5p	+	58	81029	52060	53405	80634	267128	1639	1340	1318	1228	467	640	364	845	540	728	414	785	478	418	233	236	400	358	155	162	10903
*	5p	+	59	79637	51890	52025	79595	263147	1632	1294	1297	1262	495	643	361	779	550	681	414	758	433	454	244	216	377	333	155	136	10598
*	5p	+	60	78734	50405	51350	78680	259169	1624	1285	1289	1294	477	672	331	770	456	672	393	738	479	428	220	236	358	338	151	138	10331
*	5p	+	61	77004	50035	51052	76891	254982	1610	1268	1266	1241	491	575	353	797	497	617	381	654	446	421	206	227	332	323	144	159	10059
*	5p	+	62	75458	49591	50225	75449	250723	1571	1306	1143	1235	452	596	316	768	507	652	367	710	430	437	242	270	372	335	141	142	9755
*	5p	+	63	74850	47933	49028	74512	246323	1607	1259	1193	1230	511	560	322	740	483	630	352	661	422	494	222	240	371	322	156	135	9518
*	5p	+	64	73597	47571	48276	72628	242072	1638	1217	1270	1159	430	577	332	808	481	602	313	643	435	430	215	199	354	353	129	131	9264
*	5p	+	65	72187	46721	47217	71555	237680	1504	1173	1099	1167	466	563	350	865	461	615	350	584	413	353	228	217	355	327	130	153	9035
*	5p	+	66	70918	45757	46298	70192	233165	1586	1196	1138	1082	431	589	325	691	483	594	366	652	410	415	215	214	360	291	135	124	8782
*	5p	+	67	69426	44323	45497	69413	228659	1468	1158	1201	1054	457	532	330	689	441	628	363	622	362	429	224	218	331	307	136	115	8577
*	5p	+	68	67593	43733	45225	67409	223960	1574	1068	1112	1117	414	537	283	666	415	618	338	607	412	384	225	221	334	300	142	140	8375
*	5p	+	69	66796	43213	43478	65858	219345	1450	1177	1114	1078	444	545	295	616	403	563	374	587	390	383	227	210	304	319	127	133	8145
*	5p	+	70	65990	41922	42469	64408	214789	1416	1103	1058	974	415	551	324	609	404	524	346	545	399	403	196	208	351	292	111	130	7947
*	5p	-	1	80579	78974	64145	74095	297793	1030	1150	1269	1596	647	447	398	809	533	531	491	439	0	0	0	0	13	8	9	8	56932
*	5p	-	2	86852	51893	61488	97569	297802	967	1564	1090	855	330	532	278	473	408	504	215	538	2	1	1	1	17	7	2	5	56811
*	5p	-	3	87023	65968	54631	90189	297811	976	1235	888	973	381	399	229	549	322	403	276	639	1	3	4	2	16	7	7	3	55171
*	5p	-	4	93417	61897	53055	89387	297756	931	1130	794	915	367	412	180	569	300	435	242	638	19	26	16	34	22	20	17	29	53010
*	5p	-	5	94592	58612	57228	87293	297725	910	985	843	891	325	351	237	513	284	411	197	629	19	27	22	32	34	30	23	31	50540
*	5p	-	6	97569	55081	60638	84422	297710	1469	1378	1369	1148	466	574	360	739	538	714	332	989	34	40	29	36	52	30	22	30	47694
*	5p	-	7	85936	58043	55756	97948	297683	1179	1532	1113	1238	512	659	352	712	450	618	340	891	45	49	43	33	51	51	34	25	46230
*	5p	-	8	85807	60865	56813	94158	297643	1275	1458	1288	1337	490	644	344	748	480	639	338	896	76	62	42	35	79	58	29	36	44688
*	5p	-	9	81781	60650	56308	98857	297596	1180	1532	1193	1265	511	659	375	709	455	546	318	895	94	83	54	64	79	88	46	35	43069
*	5p	-	10	91660	55840	57051	92980	297531	1304	1369	1194	1161	488	655	376	740	485	668	285	839	96	129	55	67	109	111	58	36	41387
*	5p	-	11	89218	61902	60574	85778	297472	1381	1330	1408	1428	590	630	425	800	528	654	376	942	124	153	72	52	124	127	65	56	39674
*	5p	-	12	87650	64515	58821	86435	297421	1402	1431	1396	1447	606	642	857	718	524	625	348	889	146	157	66	63	131	154	83	56	38500
*	5p	-	13	87974	61261	58568	89579	297382	1344	1342	1271	1375	545	697	393	778	539	710	325	846	151	175	98	80	161	175	62	64	37235
*	5p	-	14	87243	61525	59398	89170	297336	1500	1471	1353	1309	530	594	394	796	496	689	365	885	178	177	99	90	148	201	74	85	36008
*	5p	-	15	89311	59975	57959	90040	297285	1303	1327	1316	1396	552	708	360	795	528	634	398	877	211	176	108	87	179	212	89	79	34820
*	5p	-	16	89675	60029	58315	89225	297244	1373	1493	1375	1392	543	632	852	774	515	695	370	826	215	215	107	113	193	224	86	96	33625
*	5p	-	17	89807	59809	59016	88568	297200	1414	1380	1347	1375	536	661	411	717	521	712	366	847	223	228	109	104	219	239	103	83	32641
*	5p	-	18	88138	60202	60734	88110	297184	1332	1358	1417	1368	489	636	297	760	537	726	380	903	254	232	138	118	239	241	113	67	31579
*	5p	-	19	88328	60445	58534	89863	297170	1420	1356	1299	1354	477	649	341	776	515	660	386	835	265	256	146	134	206	244	98	126	30553
*	5p	-	20	88155	59616	59623	87028	294422	1506	1466	1480	1452	635	695	352	740	607	770	417	898	288	297	153	121	239	249	114	113	29639
*	5p	-	21	87405	59848	58852	87212	293317	1496	1524	1478	1441	554	688	409	787	548	818	469	890	317	268	146	160	288	262	120	97	28716
*	5p	-	22	87340	60440	57929	87145	292854	1455	1485	1389	1401	511	653	449	761	575	720	410	846	289	324	161	144	304	275	125	121	27856
*	5p	-	23	87124	58992	58413	88068	292597	1545	1449	1399	1489	542	669	354	769	539	766	407	896	364	325	178	158	307	311	129	111	27002
*	5p	-	24	87357	59117	59400	86537	292411	1517	1474	1479	1474	551	717	348	815	594	737	359	893	354	350	166	172	304	298	144	134	26136
*	5p	-	25	86252	60304	59438	86237	292231	1537	1566	1482	1433	505	659	355	851	531	772	379	921	318	347	199	174	317	313	136	124	25360
*	5p	-	26	87694	59906	58620	85808	292028	1615	1464	1390	1480	541	728	380	807	525	685	421	831	367	344	208	173	322	327	151	140	24628
*	5p	-	27	88066	58727	58561	86526	291880	1578	1426	1470	1481	553	720	339	803	534	708	405	894	404	384	190	222	337	344	160	140	23889
*	5p	-	28	86457	60182	59282	85941	291862	1547	1452	1395	1501	523	645	416	839	520	756	346	899	406	381	233	203	321	342	148	109	23191
*	5p	-	29	86974	59022	58862	86897	291755	1488	1523	1451	1485	554	626	338	803	464	731	402	920	413	410	233	210	335	341	136	143	22474
*	5p	-	30	86638	58434	58943	87620	291635	1489	1474	1360	1401	512	634	402	803	543	750	407	876	425	416	220	207	324	348	150	157	21827
*	5p	-	31	85967	60063	57440	87350	290820	1466	1504	1407	1583	549	681	369	856	553	692	388	842	447	393	215	204	365	334	159	137	21184
*	5p	-	32	87692	59029	58434	84970	290125	1548	1409	1401	1447	540	651	383	804	571	736	365	853	426	391	209	219	353	326	149	156	20542
*	5p	-	33	87414	59624	57566	84894	289498	1553	1506	1458	1468	574	711	377	813	577	717	378	840	404	393	215	211	344	350	146	130	19903
*	5p	-	34	87737	57985	58258	84696	288676	1541	1423	1480	1430	603	686	344	807	492	703	407	911	434	413	212	231	366	357	152	152	19355
*	5p	-	35	87643	57942	57091	85349	288025	1526	1406	1461	1465	563	697	358	838	567	722	391	790	415	432	216	240	345	367	157	134	18728
*	5p	-	36	84666	58065	57024	86683	286438	1605	1500	1360	1454	570	671	360	795	581	752	388	801	472	388	212	237	364	378	166	142	18127
*	5p	-	37	85636	58198	56028	84877	284739	1499	1498	1738	1422	551	714	318	860	585	741	375	855	455	404	211	234	396	412	187	153	17631
*	5p	-	38	83828	56281	57064	86012	283185	1572	1337	1425	1388	494	694	344	775	580	714	442	786	415	436	278	241	399	389	154	192	17146
*	5p	-	39	84156	56396	55662	85393	281607	1506	1356	1387	1477	526	698	346	817	549	739	357	833	437	433	242	240	411	400	166	163	16691
*	5p	-	40	83826	56829	55917	83591	280163	1612	1411	1373	1354	567	611	380	814	547	761	371	884	431	454	244	235	404	396	178	167	16192
*	5p	-	41	82153	56189	57362	82399	278103	1649	1357	1409	1409	571	583	355	775	572	735	363	811	432	447	244	276	408	390	171	176	15695
*	5p	-	42	82409	56547	55657	81400	276013	1600	1384	1345	1392	512	719	386	801	584	701	359	737	430	448	258	250	400	401	167	158	15257
*	5p	-	43	82546	54948	54703	81694	273891	1576	1413	1364	1415	551	615	320	772	559	665	364	777	469	460	252	242	376	384	185	179	14870
*	5p	-	44	81192	55130	54432	80953	271707	1550	1400	1334	1758	549	612	320	759	541	710	346	799	436	471	267	247	357	402	169	203	14453
*	5p	-	45	80578	53814	53354	81699	269445	1616	1376	1383	1349	520	616	333	749	528	679	369	767	475	448	269	227	363	412	168	167	14063
*	5p	-	46	79772	52886	53938	80287	266883	1625	1345	1396	1277	475	618	352	703	533	717	349	797	463	420	255	278	343	399	163	171	13633
*	5p	-	47	79651	51908	52631	80053	264243	1503	1314	1293	1261	514	630	290	724	489	652	326	761	470	437	228	251	374	389	172	145	13277
*	5p	-	48	78045	51966	53236	78104	261351	1598	1351	1239	1213	477	645	344	770	532	674	321	730	447	434	238	238	403	374	185	148	12925
*	5p	-	49	79449	50846	51146	77083	258524	1525	1274	1530	1205	514	622	325	704	541	655	307	782	473	466	218	228	370	359	168	155	12550
*	5p	-	50	77074	50605	50477	77240	255396	1566	1260	1313	1294	500	601	305	742	496	615	321	756	453	447	237	219	417	373	168	161	12212
*	5p	-	51	75724	49891	51214	75667	252496	1543	1293	1261	1255	456	586	320	685	489	642	331	746	415	462	258	242	384	416	168	141	11892
*	5p	-	52	74680	49706	50741	74372	249499	1508	1229	1240	1261	449	545	284	703	494	637	478	1506	421	437	229	256	356	384	138	160	11552
*	5p	-	53	73877	48819	49144	74558	246398	1538	1199	1195	1233	492	548	310	725	467	562	333	671	394	424	271	237	352	348	156	140	11195
*	5p	-	54	73308	47391	48932	73552	243183	1563	1185	1252	1211	442	536	308	741	409	608	314	738	434	440	220	226	328	358	152	160	10917
*	5p	-	55	72136	46904	49272	71523	239835	1540	1202	1251	1142	447	628	310	724	436	612	311	664	431	434	210	231	363	337	148	135	10645
*	5p	-	56	72442	46316	47063	70558	236379	1569	1123	1264	1141	426	587	334	664	436	649	322	620	424	405	242	227	362	370	134	136	10345
*	5p	-	57	71525	44985	45837	70476	232823	1431	1163	1253	1130	444	550	302	673	453	605	314	665	404	410	226	259	341	343	156	157	10074
*	5p	-	58	70391	44973	45510	68371	229245	1437	1206	1162	1049	440	494	282	703	452	570	251	640	411	420	235	228	351	365	141	131	9815
*	5p	-	59	68430	44533	44591	68175	225729	1543	1110	1149	1066	448	504	274	661	427	575	257	596	419	408	223	223	335	339	133	143	9551
*	5p	-	60	66988	42769	45172	67111	222040	1576	1152	1111	1141	419	531	269	681	460	557	269	596	392	443	237	217	345	334	141	124	9284
*	5p	-	61	66152	42991	43378	65784	218305	1411	992	1043	1049	390	497	294	637	405	605	264	523	405	426	221	219	349	301	143	131	9056
*	5p	-	62	65471	41292	43721	63987	214471	1470	1059	1027	1007	417	477	286	615	447	566	247	611	416	413	187	205	343	299	144	144	8804
*	5p	-	63	64348	40656	42130	63521	210655	1417	1074	1030	1033	412	522	260	629	404	550	236	574	438	369	204	210	314	309	141	117	8559
*	5p	-	64	62388	41042	41330	62034	206794	1390	1108	1032	983	396	470	284	638	382	510	254	607	370	374	207	243	295	293	135	126	8341
*	5p	-	65	60985	39393	40499	61932	202809	1412	965	979	968	401	476	256	580	393	530	267	561	399	384	179	200	290	285	142	122	8097
*	5p	-	66	60007	38197	39977	60580	198761	1356	1005	1050	950	393	473	240	602	453	524	258	554	385	373	198	188	294	296	125	113	7875
*	5p	-	67	58939	37479	39695	58742	194855	1384	914	1017	911	337	497	280	603	388	480	264	608	398	388	194	178	283	298	107	144	7669
*	5p	-	68	58449	37414	37646	57404	190913	1303	927	959	920	345	451	250	594	381	502	262	479	357	364	184	206	321	274	141	116	7450
*	5p	-	69	56898	36603	37524	55833	186858	1343	873	930	939	340	404	238	570	312	491	247	515	378	355	208	198	307	267	120	111	7240
*	5p	-	70	56356	35304	36133	54975	182768	1281	880	862	858	296	458	199	517	358	490	247	467	393	344	176	182	260	290	106	116	7048
