# table produced by mapDamage version 2.2.1
# using mapped file CviAPal036.merged.L103.realn.bam and reference.ssl.Cvi20k_rename.fasta as reference file
# Chr: reference from sam/bam header, End: from which termini of DNA sequences, Std: strand of reads
Chr	End	Std	Pos	A	C	G	T	Total	G>A	C>T	A>G	T>C	A>C	A>T	C>G	C>A	T>G	T>A	G>C	G>T	A>-	T>-	C>-	G>-	->A	->T	->C	->G	S
*	3p	+	1	46891	36359	43651	50863	177764	2391	468	723	630	282	280	247	343	312	302	206	275	0	0	0	0	4	6	12	3	58611
*	3p	+	2	57987	36140	31490	52170	177787	1709	433	378	534	188	218	130	325	176	287	149	232	1	1	1	2	7	8	0	3	58520
*	3p	+	3	53885	31362	39915	52627	177789	1115	456	487	414	157	195	132	322	211	236	128	239	0	1	2	4	8	5	0	4	57372
*	3p	+	4	54064	30633	38033	55030	177760	828	485	439	409	128	218	124	288	176	189	138	245	11	10	12	11	11	16	12	6	55880
*	3p	+	5	54237	32310	35146	56063	177756	723	485	419	382	159	215	113	285	174	193	135	220	13	18	19	12	12	12	14	15	54232
*	3p	+	6	51950	36155	33072	56557	177734	1033	848	684	754	321	391	221	551	294	420	276	503	12	30	17	20	21	25	14	15	52384
*	3p	+	7	60422	32908	33765	50620	177715	1134	692	714	641	294	351	220	532	308	462	221	420	26	20	20	16	41	22	14	14	51381
*	3p	+	8	57338	33398	35956	51004	177696	1046	689	735	693	274	334	199	545	344	502	262	430	24	26	13	23	41	39	16	15	50243
*	3p	+	9	58795	32858	36057	49954	177664	1043	652	762	689	274	333	226	548	310	443	304	500	52	35	23	25	54	41	29	21	49170
*	3p	+	10	56981	33050	32929	54659	177619	982	759	661	679	281	352	198	529	310	523	253	440	66	46	30	48	75	54	33	26	48109
*	3p	+	11	53716	34198	36019	53662	177595	967	724	785	768	326	418	218	568	391	505	291	481	74	53	43	37	60	65	53	34	46967
*	3p	+	12	52010	33682	39313	52575	177580	1072	796	803	841	294	385	212	509	359	480	1436	545	61	77	32	46	71	76	31	50	46105
*	3p	+	13	54388	33431	37046	52687	177552	1043	726	807	733	336	360	233	498	387	491	262	504	82	80	52	52	79	92	37	49	45228
*	3p	+	14	53285	33638	37680	52920	177523	980	799	736	759	328	405	227	500	389	487	224	499	79	107	60	56	102	101	30	46	44401
*	3p	+	15	54978	32606	34704	55219	177507	906	756	809	763	310	346	280	556	372	493	236	471	91	122	48	62	121	96	47	38	43512
*	3p	+	16	53645	33150	35272	55392	177459	995	774	785	762	342	378	245	514	387	519	1140	495	107	102	76	51	117	121	66	43	42608
*	3p	+	17	54510	33022	34651	55278	177461	988	750	833	757	343	472	223	556	408	503	247	473	125	125	60	82	113	117	55	64	41877
*	3p	+	18	54200	36030	34830	52359	177419	1024	798	747	835	309	380	249	581	347	506	210	450	129	145	81	74	126	118	72	74	41093
*	3p	+	19	57393	33150	34554	52320	177417	883	802	777	759	298	439	221	511	339	465	183	491	145	148	77	72	142	112	76	61	40300
*	3p	+	20	51426	35248	34096	50900	171670	958	801	780	826	365	387	345	584	422	553	208	482	153	156	86	66	149	145	67	78	39609
*	3p	+	21	52610	32636	33925	50326	169497	994	868	842	908	337	429	571	584	392	519	222	499	171	154	73	89	162	168	54	69	38894
*	3p	+	22	51254	31620	35147	50592	168613	989	750	802	819	344	422	224	582	357	520	342	509	167	167	78	83	168	168	74	60	38216
*	3p	+	23	52065	33065	33570	49359	168059	1028	818	864	784	301	424	294	559	404	493	244	448	170	185	78	97	157	166	77	90	37534
*	3p	+	24	49618	34238	33626	50158	167640	982	815	898	842	375	394	250	583	353	563	245	508	168	186	85	102	186	188	75	89	36860
*	3p	+	25	49654	34649	34191	48649	167143	998	853	760	854	327	417	216	577	352	456	241	559	188	178	112	101	198	170	78	83	36238
*	3p	+	26	49468	32304	34140	50789	166701	941	874	840	777	346	395	235	539	376	509	254	583	193	198	93	95	204	187	91	71	35544
*	3p	+	27	50013	32662	32260	51470	166405	987	883	839	848	336	420	239	572	393	506	212	526	184	222	119	105	208	161	69	88	34886
*	3p	+	28	48894	32920	35643	48609	166066	1042	894	826	841	312	414	236	560	356	473	323	499	201	213	101	128	197	175	88	80	34289
*	3p	+	29	49185	33489	33177	49978	165829	943	900	768	867	329	384	229	543	383	504	232	484	210	196	127	102	185	187	89	99	33658
*	3p	+	30	51439	32749	32270	49054	165512	970	884	849	825	355	420	234	550	387	560	234	491	227	223	103	131	214	198	102	111	33031
*	3p	+	31	50413	31145	35100	48165	164823	942	743	918	830	355	433	208	527	500	499	222	598	227	220	113	131	244	205	100	94	32492
*	3p	+	32	48513	31988	33233	50575	164309	962	886	836	865	292	401	221	572	389	473	200	510	258	231	121	127	228	212	85	89	31871
*	3p	+	33	48403	31311	33458	50477	163649	1060	875	853	861	358	432	226	528	384	529	229	492	275	208	125	154	239	233	100	104	31322
*	3p	+	34	48633	31379	31439	51616	163067	1025	817	776	858	308	417	291	521	369	497	216	527	244	254	121	144	250	240	93	90	30759
*	3p	+	35	48734	31100	31949	50743	162526	921	783	837	823	319	424	227	504	359	542	261	541	252	248	125	133	263	243	76	103	30225
*	3p	+	36	50468	31129	32956	46872	161425	929	829	812	833	355	351	237	499	381	504	199	507	262	272	131	143	271	228	102	91	29694
*	3p	+	37	48253	30204	34011	48025	160493	958	839	810	1457	370	364	233	511	337	487	217	580	273	253	133	142	239	236	111	99	29186
*	3p	+	38	50027	31725	31144	46485	159381	859	865	800	812	324	423	309	477	359	443	197	487	279	271	143	164	228	228	115	83	28681
*	3p	+	39	49955	30276	32120	46108	158459	972	833	859	789	278	403	215	529	363	507	236	470	254	230	139	156	257	255	91	103	28183
*	3p	+	40	48710	30357	31622	46920	157609	931	806	788	797	313	366	262	529	315	471	223	520	235	247	133	154	276	221	111	88	27660
*	3p	+	41	46314	32452	32044	45717	156527	891	889	840	749	334	367	215	530	347	540	214	498	243	243	145	157	244	226	111	109	27131
*	3p	+	42	45980	30610	32869	45871	155330	928	871	801	780	291	376	261	494	341	481	218	477	269	300	129	137	235	245	110	127	26645
*	3p	+	43	46386	29686	30695	47482	154249	884	810	804	779	288	411	180	473	342	523	206	494	279	244	157	160	274	231	111	127	26144
*	3p	+	44	46237	29964	31660	45270	153131	927	826	1096	788	310	423	210	470	343	478	236	460	268	301	135	134	266	268	95	112	25695
*	3p	+	45	47785	29268	29736	45029	151818	915	802	801	803	331	401	226	485	316	469	221	444	284	264	152	175	279	252	107	135	25175
*	3p	+	46	46747	30342	28639	44808	150536	830	850	720	776	351	372	237	524	342	457	211	424	307	271	153	156	263	274	106	105	24672
*	3p	+	47	47048	29036	28539	44454	149077	875	814	717	759	293	373	176	541	355	461	206	469	296	269	143	160	272	244	134	102	24203
*	3p	+	48	44067	31275	29069	43334	147745	861	807	709	761	334	353	234	553	346	478	203	475	303	277	146	133	269	268	109	114	23756
*	3p	+	49	43718	27893	28298	46541	146450	807	782	717	1539	313	366	226	508	334	464	185	473	299	295	168	169	279	236	111	109	23326
*	3p	+	50	45528	28122	28360	43093	145103	849	729	862	780	289	367	215	496	286	427	201	414	292	301	147	147	268	258	129	91	22930
*	3p	+	51	43422	29609	28138	42652	143821	822	736	741	739	290	359	180	538	316	448	206	488	283	283	154	151	266	263	101	107	22514
*	3p	+	52	42658	29108	28403	42337	142506	819	747	684	678	316	357	462	1928	304	401	204	438	260	286	155	151	272	252	101	101	22070
*	3p	+	53	44515	27160	27608	41823	141106	781	769	741	707	263	313	196	464	313	423	207	488	272	278	125	179	272	243	90	117	21650
*	3p	+	54	43759	27372	26785	41948	139864	807	731	729	672	248	355	177	426	281	417	190	436	277	272	144	150	242	254	87	99	21230
*	3p	+	55	40982	29504	26618	41331	138435	815	734	687	641	276	316	181	435	300	437	215	439	252	290	153	159	254	223	108	111	20803
*	3p	+	56	40773	26591	26472	43147	136983	744	725	683	730	260	340	171	416	284	393	208	392	284	286	120	141	265	227	87	97	20401
*	3p	+	57	41042	26090	25929	42490	135551	715	735	648	691	279	390	167	403	298	428	198	413	281	265	152	142	235	233	99	91	19996
*	3p	+	58	40201	25704	25965	42236	134106	832	718	632	684	251	338	159	408	260	369	192	423	253	287	141	178	210	231	104	90	19583
*	3p	+	59	40095	25594	27109	39717	132515	745	700	688	636	222	305	158	428	290	406	204	404	266	266	135	153	207	234	73	94	19163
*	3p	+	60	39798	27227	25280	38639	130944	716	716	688	677	250	338	190	415	249	384	151	440	255	282	164	147	209	220	89	90	18750
*	3p	+	61	40394	25321	25291	38374	129380	678	703	651	667	232	353	164	437	220	377	189	393	261	258	146	166	192	231	87	79	18333
*	3p	+	62	38116	26345	24299	38997	127757	658	660	620	687	228	353	165	400	286	399	184	394	259	268	145	128	203	212	90	89	17919
*	3p	+	63	38977	24670	23842	38431	125920	654	677	597	604	253	328	175	354	255	399	152	374	261	276	147	136	220	242	82	97	17520
*	3p	+	64	38669	23915	24762	36924	124270	719	675	591	585	242	295	173	385	266	350	185	383	264	266	127	162	222	252	77	83	17112
*	3p	+	65	38890	23783	23495	36379	122547	663	646	624	606	272	306	166	404	257	319	146	370	237	242	144	159	254	200	95	75	16731
*	3p	+	66	38159	23784	23080	35822	120845	633	641	601	597	223	297	177	357	265	367	164	384	238	236	146	142	225	214	86	101	16310
*	3p	+	67	36653	24739	22498	35283	119173	658	635	639	662	232	306	183	424	236	324	148	386	252	235	124	148	213	244	106	90	15911
*	3p	+	68	35506	22906	23684	35287	117383	581	693	551	565	196	249	161	364	229	325	160	386	277	213	123	140	202	248	104	104	15544
*	3p	+	69	34968	22580	23468	34653	115669	606	633	547	566	229	283	171	409	255	334	158	343	255	238	130	126	215	239	81	76	15132
*	3p	+	70	34980	22016	22011	34832	113839	636	598	563	608	220	322	152	334	207	350	156	349	223	234	137	130	233	220	81	82	14742
*	3p	-	1	44154	33696	40790	46856	165496	2415	454	718	626	253	275	214	310	330	293	168	277	0	0	0	0	8	13	3	1	52092
*	3p	-	2	54825	31310	29255	50125	165515	1773	424	404	518	154	196	98	282	176	260	126	211	4	5	1	4	7	2	3	0	52004
*	3p	-	3	51054	29901	33962	50602	165519	1159	422	409	398	138	172	131	300	187	188	102	244	3	2	2	2	3	4	1	0	50959
*	3p	-	4	50580	28971	32580	53283	165414	772	421	458	377	126	194	137	259	203	186	92	252	34	59	18	19	47	37	11	19	49567
*	3p	-	5	49672	30282	31109	54333	165396	670	437	388	381	142	199	112	273	140	200	83	223	46	39	14	11	58	45	12	16	48098
*	3p	-	6	48747	31128	30335	55182	165392	1001	686	650	698	305	395	190	425	305	402	207	428	55	50	23	30	59	44	11	22	46400
*	3p	-	7	54365	30283	31598	49141	165387	1042	645	668	574	251	357	193	463	329	471	162	475	63	49	26	24	52	45	18	26	45567
*	3p	-	8	52218	30878	32672	49610	165378	980	619	731	647	269	295	175	521	356	465	175	458	46	61	23	22	47	52	21	28	44623
*	3p	-	9	53967	30313	32947	48109	165336	1039	621	695	659	266	307	195	473	324	452	202	440	71	72	40	30	76	70	15	30	43608
*	3p	-	10	51004	31404	30301	52595	165304	952	673	628	638	273	338	199	498	279	399	191	443	84	102	40	37	69	95	29	29	42667
*	3p	-	11	48108	33275	33488	50388	165259	935	728	774	689	321	353	229	519	336	459	198	476	97	90	41	40	94	93	40	40	41686
*	3p	-	12	49081	32295	34111	49762	165249	974	683	762	767	342	351	318	505	369	491	217	425	91	99	59	44	110	96	35	36	40939
*	3p	-	13	50452	31781	32488	50492	165213	941	725	775	722	286	345	189	524	346	466	160	474	99	123	49	56	108	130	38	37	40116
*	3p	-	14	50800	31346	32262	50732	165140	919	665	760	724	413	338	231	445	366	433	219	461	136	130	61	61	123	151	60	48	39312
*	3p	-	15	50629	31919	32529	50045	165122	902	721	783	707	352	357	200	520	331	436	234	496	148	146	75	65	161	130	60	54	38574
*	3p	-	16	50383	32267	32341	50124	165115	931	733	746	731	350	377	188	520	322	460	212	489	136	165	63	67	142	142	66	59	37814
*	3p	-	17	50211	31447	32307	51149	165114	958	696	772	719	358	370	197	485	309	425	300	464	148	167	79	81	126	145	65	78	37166
*	3p	-	18	49717	31806	32826	50747	165096	1045	682	745	732	282	367	190	468	321	442	192	475	154	152	81	73	171	123	70	66	36490
*	3p	-	19	50347	32013	31990	50694	165044	881	633	733	704	275	401	194	477	353	448	204	472	161	150	86	102	165	170	78	69	35829
*	3p	-	20	48015	31372	31740	48261	159388	939	725	740	755	309	417	199	552	371	509	207	491	181	170	102	101	171	170	74	60	35164
*	3p	-	21	47239	30824	31103	47967	157133	911	862	823	776	332	394	246	528	382	519	248	456	190	165	83	95	175	178	82	73	34517
*	3p	-	22	47039	31128	30995	47089	156251	902	773	763	799	339	396	203	520	342	467	221	500	207	174	106	96	207	162	75	78	33929
*	3p	-	23	47375	30545	30895	46944	155759	897	778	817	758	296	397	198	522	353	501	247	514	196	201	97	102	196	168	77	85	33303
*	3p	-	24	46804	31200	30411	46942	155357	885	820	750	731	313	396	216	534	342	463	235	498	200	188	107	103	194	208	67	72	32693
*	3p	-	25	46576	30560	30683	47009	154828	945	784	781	736	290	412	255	535	324	450	277	517	203	203	114	106	215	192	80	79	32144
*	3p	-	26	46492	30326	30549	47021	154388	919	744	779	776	297	391	224	554	369	492	213	491	217	184	109	91	208	204	83	87	31562
*	3p	-	27	46125	30901	30421	46589	154036	976	807	790	782	320	409	229	512	394	474	200	488	210	208	128	116	217	207	87	82	31004
*	3p	-	28	46123	30723	30213	46691	153750	897	869	797	776	301	372	225	540	366	490	252	581	213	220	114	113	192	224	73	98	30459
*	3p	-	29	46201	30557	29935	46845	153538	866	759	769	767	294	377	248	516	358	491	218	462	247	223	132	107	211	198	101	87	29975
*	3p	-	30	45832	30393	30455	46604	153284	899	810	805	854	332	411	218	547	338	506	205	513	228	214	111	134	228	223	83	95	29486
*	3p	-	31	45581	30569	30600	45945	152695	930	797	817	823	321	387	232	512	305	458	223	517	232	232	136	134	214	228	81	91	28962
*	3p	-	32	45887	30320	29986	45949	152142	879	778	776	768	314	380	218	523	296	440	233	482	223	236	114	150	226	227	87	85	28505
*	3p	-	33	45425	30022	30338	45729	151514	922	787	837	750	349	359	249	488	332	481	253	475	202	230	133	123	231	238	79	112	28034
*	3p	-	34	44812	30650	29908	45579	150949	892	765	729	791	296	372	226	480	341	469	204	526	214	265	118	124	225	224	86	106	27591
*	3p	-	35	45590	29610	29843	45296	150339	886	796	769	740	321	351	213	520	314	465	217	448	225	263	141	124	256	240	87	102	27125
*	3p	-	36	44839	29733	30276	44514	149362	874	810	794	716	324	358	245	470	325	439	244	481	243	226	147	137	255	230	110	104	26682
*	3p	-	37	44945	29327	29509	44706	148487	873	776	749	711	322	381	235	453	339	418	226	545	274	234	127	117	231	279	93	90	26235
*	3p	-	38	44743	29501	29115	44261	147620	897	810	795	704	334	410	216	445	364	458	199	510	254	242	120	134	242	233	86	119	25781
*	3p	-	39	44235	29395	29368	43813	146811	897	800	782	764	278	423	246	517	342	448	219	509	261	242	136	135	215	254	96	109	25314
*	3p	-	40	43690	29394	29149	43806	146039	849	790	729	726	311	353	235	474	355	465	215	509	248	257	137	111	230	244	88	115	24857
*	3p	-	41	43689	28480	28383	44489	145041	829	751	786	762	282	409	206	440	320	446	209	505	263	253	132	123	234	254	99	102	24417
*	3p	-	42	42991	28863	28852	43102	143808	814	739	761	731	271	357	208	466	299	419	226	500	286	240	126	124	236	268	101	95	23956
*	3p	-	43	42898	28204	28626	43034	142762	890	767	722	720	287	386	192	466	299	429	216	536	232	237	147	155	243	241	108	102	23535
*	3p	-	44	42618	27776	28366	42975	141735	786	731	792	760	305	374	195	439	331	417	198	455	239	263	139	134	237	245	105	100	23119
*	3p	-	45	42464	27973	27972	42247	140656	829	736	758	671	298	335	217	470	293	396	221	479	211	260	146	134	251	234	92	95	22699
*	3p	-	46	41663	27860	27760	42107	139390	849	724	812	696	296	343	201	497	308	423	183	454	227	262	130	126	231	272	126	104	22303
*	3p	-	47	41765	27149	27686	41520	138120	824	669	727	680	274	366	224	411	311	447	223	490	240	262	138	126	242	263	113	105	21919
*	3p	-	48	41176	27350	27183	41209	136918	771	738	710	713	291	366	225	415	316	445	179	461	281	228	127	120	249	237	120	102	21548
*	3p	-	49	40760	27120	26787	41030	135697	790	665	679	638	277	340	198	397	311	406	194	443	246	236	129	145	243	244	114	101	21187
*	3p	-	50	40651	26365	27106	40369	134491	786	683	737	670	283	306	196	431	293	413	178	431	250	240	129	112	249	239	103	90	20793
*	3p	-	51	39817	26666	26557	40271	133311	790	739	700	718	252	331	204	448	270	383	201	425	253	223	150	103	225	253	88	101	20380
*	3p	-	52	39756	26181	26117	40024	132078	750	709	657	608	258	330	185	392	290	375	173	413	251	250	104	134	251	216	103	81	20005
*	3p	-	53	39136	26575	25655	39469	130835	777	687	650	710	278	334	216	483	291	363	160	397	266	247	108	110	217	238	84	89	19667
*	3p	-	54	39206	25677	25514	39140	129537	711	680	698	675	267	339	225	406	286	377	186	406	237	230	126	124	217	238	86	60	19295
*	3p	-	55	38465	25859	25217	38735	128276	740	719	689	667	277	330	207	369	295	358	167	398	215	245	132	113	233	211	77	82	18917
*	3p	-	56	38357	25065	24793	38724	126939	701	702	659	661	277	354	221	385	272	384	166	407	229	235	118	122	227	231	80	91	18567
*	3p	-	57	37940	24997	24570	38071	125578	716	699	677	582	240	369	187	388	277	350	161	384	234	222	134	127	227	213	75	97	18186
*	3p	-	58	37497	24657	24466	37605	124225	713	631	613	641	233	343	169	372	255	375	166	397	224	236	123	123	208	196	97	87	17800
*	3p	-	59	37343	24094	24272	37105	122814	702	663	623	597	279	359	196	374	260	380	187	429	224	212	134	130	209	210	87	84	17429
*	3p	-	60	36906	24007	23598	36813	121324	666	655	641	636	225	319	185	383	272	374	175	400	249	237	116	113	208	220	93	76	17104
*	3p	-	61	36217	23691	23658	36254	119820	655	613	568	611	251	301	199	397	248	307	181	409	250	216	117	132	209	197	89	83	16751
*	3p	-	62	35623	23295	23407	35905	118230	729	657	618	610	252	285	195	358	239	348	152	376	216	217	165	130	208	201	101	87	16405
*	3p	-	63	35468	23235	22912	35079	116694	652	636	585	598	245	313	180	391	244	362	158	369	260	217	111	115	206	201	100	87	16063
*	3p	-	64	34795	23004	22537	34807	115143	641	656	587	539	225	319	189	384	243	333	142	375	219	242	112	108	207	202	88	85	15672
*	3p	-	65	34592	22477	22400	34116	113585	700	615	578	620	225	256	171	331	236	322	190	418	229	222	109	108	227	185	87	70	15344
*	3p	-	66	33406	22483	22102	33941	111932	701	556	560	607	257	261	199	369	242	310	164	366	204	216	113	113	184	174	106	88	15000
*	3p	-	67	33748	21663	21415	33524	110350	598	570	558	576	215	272	160	363	259	327	172	358	223	195	113	114	188	188	90	81	14636
*	3p	-	68	33105	21673	21014	32891	108683	582	615	579	545	201	289	177	340	231	306	133	319	218	211	120	106	177	178	85	74	14279
*	3p	-	69	32290	21278	21160	32264	106992	604	618	555	578	218	248	181	338	227	305	161	334	202	215	102	94	175	184	76	72	13927
*	3p	-	70	31986	20725	20583	32058	105352	592	575	569	549	198	271	173	295	221	305	158	332	199	181	104	116	181	178	74	73	13523
*	5p	+	1	48447	46048	38680	44608	177783	549	705	783	914	367	241	242	500	340	333	249	256	0	0	0	0	11	4	5	3	47873
*	5p	+	2	54874	30309	33751	58848	177782	493	842	667	482	195	286	166	252	192	244	129	309	19	6	1	5	4	5	3	2	47747
*	5p	+	3	54416	36789	31750	54845	177800	491	616	507	512	231	213	111	322	171	206	143	385	0	3	1	2	5	1	4	0	46688
*	5p	+	4	58437	34465	31081	53710	177693	519	569	432	472	219	208	118	368	146	245	131	319	67	35	18	28	48	42	13	12	45333
*	5p	+	5	59130	33563	32876	52107	177676	527	472	444	427	158	187	117	298	155	238	121	349	52	41	14	20	55	55	12	12	43950
*	5p	+	6	60138	31373	33999	52131	177641	789	770	729	693	261	338	202	447	293	426	208	516	43	60	23	22	63	68	14	24	42309
*	5p	+	7	52628	33569	32302	59150	177649	713	947	659	745	266	394	174	462	258	340	192	475	51	83	26	17	48	80	10	23	41404
*	5p	+	8	52704	35798	33606	55534	177642	710	801	745	740	287	357	203	469	282	380	233	508	60	52	26	36	61	59	26	21	40397
*	5p	+	9	51123	35620	32096	58701	177540	673	815	694	728	297	399	219	459	293	382	187	504	110	97	44	43	97	108	45	20	39394
*	5p	+	10	56547	32715	33377	54874	177513	766	810	718	735	287	339	226	423	268	421	187	526	79	96	39	52	106	102	47	42	38420
*	5p	+	11	54544	36670	35827	50431	177472	795	816	854	897	323	365	222	498	355	437	269	524	102	88	37	63	114	127	54	42	37411
*	5p	+	12	53277	36797	35165	52233	177472	779	855	856	889	310	354	208	427	333	435	482	501	112	128	45	55	112	112	67	47	36645
*	5p	+	13	54200	34724	34456	54055	177435	763	789	759	762	298	357	207	481	339	419	241	491	125	117	57	53	133	134	51	57	35819
*	5p	+	14	55080	34898	33412	54047	177437	761	862	776	806	297	374	238	484	445	428	213	476	119	153	57	57	152	125	52	43	35016
*	5p	+	15	53867	35629	34184	53737	177417	775	873	782	784	306	340	239	511	374	400	232	467	136	139	76	71	141	156	49	47	34147
*	5p	+	16	54283	34585	34684	53838	177390	801	830	768	818	294	379	233	512	297	438	196	519	162	137	74	82	149	155	51	56	33393
*	5p	+	17	54469	34849	33852	54201	177371	817	849	757	808	293	325	535	523	558	439	215	488	157	147	93	77	152	164	67	55	32708
*	5p	+	18	54722	35348	34196	53056	177322	770	1038	817	778	310	360	230	577	286	448	190	484	183	179	77	78	176	171	69	71	31984
*	5p	+	19	54764	34767	34260	53526	177317	717	851	735	809	277	368	235	496	351	420	189	456	187	179	97	110	171	169	72	81	31283
*	5p	+	20	52345	34033	33705	51520	171603	865	866	844	831	308	394	216	493	341	470	234	527	184	222	91	115	185	175	71	76	30650
*	5p	+	21	51868	33501	33328	50730	169427	927	889	910	907	312	403	269	501	330	493	270	511	208	196	96	123	196	191	65	71	29975
*	5p	+	22	51650	33166	33166	50528	168510	825	893	888	856	324	419	223	503	371	448	245	469	188	200	110	132	204	215	85	70	29357
*	5p	+	23	50898	32898	33321	50872	167989	846	841	851	970	330	404	203	517	320	505	233	568	207	235	99	101	192	211	82	70	28792
*	5p	+	24	50973	33251	33656	49715	167595	879	890	800	849	320	388	217	479	321	465	233	517	221	210	108	103	219	187	91	84	28212
*	5p	+	25	51567	33205	32305	50030	167107	869	822	852	874	319	392	357	504	319	475	253	453	205	242	110	109	197	197	94	77	27666
*	5p	+	26	51161	32917	33064	49505	166647	839	898	809	826	313	408	204	541	329	468	242	513	232	208	108	115	214	230	84	76	27098
*	5p	+	27	50494	33412	33009	49410	166325	940	866	845	856	351	379	228	611	342	488	275	477	217	248	118	120	218	221	93	68	26585
*	5p	+	28	50747	32893	32594	49744	165978	887	821	896	849	301	398	221	615	369	456	257	542	245	243	144	119	208	237	89	90	26063
*	5p	+	29	50884	32722	32447	49635	165688	887	862	861	846	334	374	248	505	314	466	218	466	216	240	134	129	238	245	94	120	25537
*	5p	+	30	50390	32760	33089	49223	165462	876	846	930	806	345	430	266	544	358	482	236	567	256	249	128	139	248	233	95	94	25060
*	5p	+	31	49868	33137	32652	49123	164780	880	852	888	860	327	413	250	545	323	498	243	522	249	259	135	167	260	242	82	101	24549
*	5p	+	32	49840	32767	32437	49189	164233	818	841	783	861	291	382	253	555	353	459	262	512	263	249	175	138	229	250	95	112	24084
*	5p	+	33	49838	32951	32162	48681	163632	857	855	827	860	342	417	282	510	422	466	259	498	259	229	167	146	253	249	86	98	23590
*	5p	+	34	50099	32309	32652	47987	163047	944	887	812	841	287	438	240	520	334	450	242	500	260	276	137	137	222	255	108	104	23132
*	5p	+	35	48826	32263	32261	49199	162549	920	870	796	809	310	386	215	484	355	505	232	516	247	280	141	176	241	221	96	100	22732
*	5p	+	36	48033	32778	31957	48643	161411	911	828	793	783	285	398	233	497	377	443	266	472	269	286	139	154	242	266	106	89	22268
*	5p	+	37	48313	32044	31335	48757	160449	871	817	797	862	336	383	232	564	326	448	266	470	280	298	134	140	264	251	100	111	21842
*	5p	+	38	48330	31426	31582	47988	159326	848	790	766	887	318	394	208	538	363	477	287	490	291	267	138	142	253	221	128	108	21435
*	5p	+	39	47135	31851	31637	47830	158453	870	803	797	867	309	411	272	658	330	478	256	459	277	287	141	135	249	244	112	108	21012
*	5p	+	40	48013	31125	31852	46570	157560	869	797	771	792	293	398	234	597	318	460	235	475	270	294	140	140	243	279	111	113	20572
*	5p	+	41	47822	31184	30433	47047	156486	879	801	784	852	309	409	251	546	307	505	231	502	249	270	162	152	253	272	100	110	20156
*	5p	+	42	46498	30856	31326	46626	155306	939	856	811	829	287	383	235	559	328	497	231	485	261	291	152	137	262	244	123	108	19750
*	5p	+	43	46600	30960	30371	46360	154291	874	780	770	815	270	402	221	720	386	481	202	491	266	311	147	151	247	250	109	98	19355
*	5p	+	44	46934	30647	30018	45543	153142	922	745	814	823	271	379	231	515	378	488	214	445	275	292	148	149	275	251	103	101	18978
*	5p	+	45	46023	29920	30058	45824	151825	949	869	723	787	270	385	216	476	280	497	244	490	266	276	165	149	279	278	92	119	18620
*	5p	+	46	45581	30079	29915	44989	150564	827	776	744	1005	307	418	188	497	370	479	240	493	258	276	135	150	275	244	111	89	18244
*	5p	+	47	45110	29606	29835	44542	149093	866	781	762	809	313	359	269	618	368	424	279	459	254	262	127	154	278	238	99	120	17911
*	5p	+	48	44518	29359	29577	44346	147800	911	810	746	882	312	381	169	492	310	483	273	461	246	283	144	122	259	224	112	107	17567
*	5p	+	49	44638	28600	29254	43968	146460	783	776	756	802	277	355	209	460	272	471	267	456	275	250	138	137	269	241	98	117	17186
*	5p	+	50	43725	29106	28544	43780	145155	838	740	732	815	288	344	226	487	282	428	240	465	252	265	125	144	252	217	110	110	16840
*	5p	+	51	43536	28380	28717	43233	143866	873	794	736	694	286	386	180	477	300	418	239	448	275	247	143	129	261	237	89	95	16498
*	5p	+	52	42993	28418	28173	42908	142492	801	777	700	723	325	341	198	436	278	428	234	442	266	238	139	166	280	233	97	130	16175
*	5p	+	53	43051	27540	28460	42071	141122	792	742	688	695	274	369	179	425	303	396	237	506	232	260	128	133	279	236	80	108	15862
*	5p	+	54	42412	27890	27709	41846	139857	862	711	757	796	289	314	165	425	285	428	238	419	254	277	148	166	242	238	100	107	15568
*	5p	+	55	41641	27449	28170	41216	138476	844	714	725	761	284	337	177	403	273	385	237	432	263	290	138	151	239	210	99	102	15272
*	5p	+	56	41910	26412	27098	41590	137010	856	748	703	715	297	307	171	407	330	432	256	478	272	250	141	139	231	231	93	92	14965
*	5p	+	57	40877	26575	27142	40947	135541	792	804	680	909	251	327	165	419	258	439	262	436	258	256	111	138	250	230	91	94	14700
*	5p	+	58	40506	26214	26924	40444	134088	844	731	606	644	249	331	187	443	291	407	249	435	220	230	149	160	227	230	89	106	14443
*	5p	+	59	40357	25951	25926	40236	132470	798	687	647	645	249	351	168	421	335	365	262	422	249	247	137	121	251	212	91	100	14119
*	5p	+	60	39688	25356	25951	39900	130895	831	674	670	635	247	321	169	421	325	399	210	434	260	233	128	138	217	240	110	90	13827
*	5p	+	61	39639	25048	25604	39004	129295	842	701	655	610	267	276	183	427	290	407	231	368	244	250	142	119	245	232	95	102	13562
*	5p	+	62	38312	25312	25399	38659	127682	740	631	606	620	233	275	182	407	289	370	220	387	226	276	139	170	210	244	98	109	13279
*	5p	+	63	38368	24521	24783	38251	125923	749	625	630	611	255	325	173	369	260	376	224	390	234	293	130	141	237	223	105	72	13021
*	5p	+	64	37906	24668	24685	37046	124305	787	663	616	619	244	356	173	415	230	402	187	417	261	251	114	135	225	193	91	90	12766
*	5p	+	65	37160	24480	23771	37193	122604	712	591	567	603	249	306	216	582	282	373	188	416	263	235	131	127	209	196	90	76	12487
*	5p	+	66	36570	24184	23865	36263	120882	773	624	632	617	215	315	164	397	284	387	221	376	228	226	121	131	207	207	81	90	12199
*	5p	+	67	36139	23416	23539	36147	119241	774	641	597	634	247	286	154	421	228	392	217	348	213	237	122	127	216	191	76	101	11938
*	5p	+	68	35609	22848	23400	35594	117451	743	615	590	602	212	291	183	344	294	368	224	360	205	224	133	107	229	188	88	83	11671
*	5p	+	69	35321	23254	22679	34476	115730	719	628	615	550	199	269	177	362	256	392	206	337	227	211	95	117	194	181	89	83	11419
*	5p	+	70	35183	22261	22179	34287	113910	706	582	575	576	241	333	175	359	263	314	183	297	232	198	96	127	203	179	91	70	11153
*	5p	-	1	45569	42493	35885	41542	165489	531	647	662	785	389	252	250	416	293	315	252	242	0	0	0	0	5	1	8	9	46712
*	5p	-	2	48843	28782	32998	54874	165497	459	766	516	402	188	282	152	219	204	223	127	273	1	0	5	1	6	7	4	1	46584
*	5p	-	3	49102	36388	29402	50615	165507	472	512	418	428	210	190	125	265	159	235	133	375	1	1	2	3	9	5	1	3	45588
*	5p	-	4	52803	34196	28513	49983	165495	488	500	366	463	169	189	113	263	130	216	130	294	9	6	9	10	8	3	14	5	44338
*	5p	-	5	53596	32251	30592	49034	165473	532	487	411	435	165	190	126	247	147	237	111	311	14	10	13	20	14	10	11	19	42957
*	5p	-	6	54442	29967	33149	47905	165463	788	714	690	642	237	323	223	380	337	452	204	498	23	13	11	13	29	9	11	15	41416
*	5p	-	7	47242	31708	30002	56503	165455	611	807	567	697	288	348	193	351	289	370	194	439	32	16	11	13	17	20	12	23	40530
*	5p	-	8	47588	33575	31215	53065	165443	713	734	651	682	313	386	215	357	276	325	190	482	27	35	14	14	38	23	12	11	39554
*	5p	-	9	46177	33525	30159	55534	165395	607	801	639	691	279	337	224	428	245	341	208	486	53	37	31	28	33	45	22	32	38555
*	5p	-	10	51335	30519	30708	52775	165337	698	739	606	631	256	383	210	418	305	368	168	436	48	72	35	21	61	70	36	22	37587
*	5p	-	11	49761	34341	32326	48917	165345	709	725	767	742	296	335	291	436	314	385	198	453	64	66	36	33	66	53	33	31	36586
*	5p	-	12	48877	36158	31434	48826	165295	737	789	777	752	311	376	862	403	268	381	210	451	89	66	41	32	73	86	43	31	35852
*	5p	-	13	49636	33869	31400	50387	165292	690	779	733	783	252	320	258	421	320	412	204	473	75	81	54	39	78	86	30	41	35093
*	5p	-	14	49315	34579	31555	49814	165263	741	757	683	652	287	323	231	427	268	403	214	474	97	90	52	53	72	97	56	39	34306
*	5p	-	15	50552	32759	30898	51017	165226	699	745	671	701	267	402	217	405	252	406	249	459	103	94	52	47	103	101	46	50	33592
*	5p	-	16	51125	32865	31070	50148	165208	728	841	670	732	297	367	809	459	325	412	198	467	107	133	46	74	108	112	51	43	32843
*	5p	-	17	50890	32934	31266	50083	165173	747	763	652	793	335	408	246	397	298	449	191	467	136	164	58	56	102	146	45	59	32171
*	5p	-	18	49343	32901	32713	50165	165122	758	780	725	743	269	386	222	404	335	426	198	483	122	135	78	67	111	156	75	64	31564
*	5p	-	19	49520	32875	30517	52195	165107	759	762	703	693	285	351	194	414	309	462	212	412	131	133	72	71	146	155	64	56	30899
*	5p	-	20	47892	32202	31554	47777	159425	760	815	724	731	371	423	209	434	288	482	274	532	158	160	59	92	143	159	78	57	30270
*	5p	-	21	46703	31921	30618	47929	157171	865	846	779	788	305	375	199	471	311	468	314	478	136	169	94	95	171	177	64	59	29670
*	5p	-	22	47048	31953	30036	47281	156318	796	825	780	734	311	391	262	455	352	455	258	498	164	173	93	101	153	170	65	66	29068
*	5p	-	23	46626	31439	30594	47140	155799	811	870	733	767	299	405	222	413	321	445	237	513	185	180	95	91	146	165	98	75	28434
*	5p	-	24	46542	31612	31119	46162	155435	784	784	795	787	272	384	194	470	348	407	240	521	183	191	99	101	172	164	66	62	27865
*	5p	-	25	45465	32175	31061	46232	154933	817	869	785	753	318	344	221	471	263	408	198	473	167	167	116	112	167	149	65	81	27306
*	5p	-	26	46886	31456	30038	46124	154504	917	845	758	745	303	375	196	475	303	460	199	504	195	178	103	91	159	171	70	70	26775
*	5p	-	27	46920	30814	30318	46080	154132	878	812	760	820	288	413	201	501	313	456	201	460	176	188	94	99	166	177	73	84	26233
*	5p	-	28	45882	32218	30139	45584	153823	858	817	749	754	328	373	258	450	304	406	220	486	184	205	123	91	178	195	68	79	25696
*	5p	-	29	46045	31159	30791	45575	153570	867	826	755	801	287	398	201	437	335	400	229	515	196	231	96	121	207	196	80	85	25163
*	5p	-	30	45656	30291	30127	47276	153350	803	782	714	772	272	418	222	450	325	413	226	516	227	222	106	124	193	198	88	88	24625
*	5p	-	31	45237	31897	29006	46603	152743	814	844	780	851	466	382	224	482	376	450	196	457	258	239	124	115	188	209	95	79	24156
*	5p	-	32	46569	31042	30124	44460	152195	827	837	771	771	315	395	198	451	315	419	214	498	244	221	119	128	210	196	92	77	23710
*	5p	-	33	46579	31020	29219	44736	151554	787	860	794	734	327	419	200	479	332	435	220	457	228	227	108	118	192	251	94	85	23223
*	5p	-	34	46846	29603	29445	45074	150968	876	755	780	756	318	384	204	494	311	466	235	505	257	220	131	109	230	221	92	83	22790
*	5p	-	35	46345	30459	29060	44519	150383	844	780	757	736	298	395	173	440	337	462	203	467	225	235	122	136	241	212	108	84	22366
*	5p	-	36	44025	30460	28646	46289	149420	879	807	830	798	290	403	185	457	344	450	208	461	235	249	128	137	230	207	101	106	21929
*	5p	-	37	44658	31018	28346	44488	148510	828	794	1107	736	303	395	185	497	346	432	226	450	215	239	114	136	213	239	118	103	21494
*	5p	-	38	43146	29246	29498	45712	147602	843	760	728	715	284	336	181	450	319	452	311	486	216	242	131	131	238	251	98	115	21108
*	5p	-	39	43184	29898	28516	45177	146775	811	781	756	831	278	385	197	412	291	472	208	481	224	250	140	106	261	247	103	103	20697
*	5p	-	40	44122	29483	28135	44268	146008	862	793	749	764	293	337	213	432	301	415	189	462	247	253	126	115	282	230	112	86	20294
*	5p	-	41	42967	29476	29587	42953	144983	885	801	711	773	308	362	195	467	345	433	209	461	249	252	145	126	273	248	120	108	19906
*	5p	-	42	42647	29737	28541	42853	143778	853	813	741	755	300	379	203	451	366	399	216	441	233	257	134	142	257	255	120	100	19505
*	5p	-	43	43446	28320	27766	43191	142723	823	762	706	690	285	361	185	460	311	411	204	430	243	266	143	125	247	275	99	113	19123
*	5p	-	44	42686	28961	27580	42492	141719	816	751	724	993	304	358	186	397	333	406	219	435	279	252	130	145	215	271	123	96	18760
*	5p	-	45	41883	27791	27602	43341	140617	781	789	734	748	274	374	197	449	308	416	193	482	258	248	149	123	271	235	108	99	18386
*	5p	-	46	41721	27247	28055	42394	139417	883	787	752	682	292	395	171	405	296	432	210	447	221	250	143	142	222	260	122	102	18004
*	5p	-	47	41748	26865	26796	42730	138139	803	773	650	693	298	365	219	430	311	374	177	424	251	257	146	127	257	230	111	107	17628
*	5p	-	48	40515	27163	27932	41306	136916	794	719	641	650	291	392	196	461	315	427	213	489	229	245	133	128	267	241	98	105	17297
*	5p	-	49	42410	26548	26402	40319	135679	850	748	1044	685	285	359	191	432	274	419	183	467	230	258	145	137	245	256	114	106	16946
*	5p	-	50	40409	26463	26025	41561	134458	811	739	699	725	260	347	165	435	288	399	202	444	243	254	151	141	250	238	97	129	16601
*	5p	-	51	39731	26398	26749	40415	133293	767	737	660	677	280	304	184	394	274	394	180	464	229	256	160	130	243	227	104	106	16285
*	5p	-	52	39471	26494	26344	39716	132025	797	717	671	699	278	316	192	413	265	408	343	1263	249	287	137	120	240	258	102	105	15970
*	5p	-	53	39230	25754	25464	40333	130781	767	697	666	673	265	350	187	462	275	422	178	416	237	255	138	123	246	246	98	92	15653
*	5p	-	54	39248	25092	25473	39619	129432	823	685	645	658	215	340	155	371	259	398	170	392	255	264	113	121	258	228	107	114	15336
*	5p	-	55	38852	24722	26467	38151	128192	796	649	630	686	242	333	193	391	256	372	165	417	241	273	130	117	242	269	84	96	15057
*	5p	-	56	39446	24761	24646	38028	126881	804	660	693	634	246	299	169	411	275	365	201	417	243	278	133	135	246	253	92	99	14733
*	5p	-	57	38882	24088	24305	38229	125504	787	618	630	686	254	300	169	381	244	362	182	377	228	233	117	147	251	240	101	97	14444
*	5p	-	58	38577	24174	24262	37118	124131	806	634	684	521	227	309	213	405	272	381	171	394	241	235	140	127	238	235	101	111	14149
*	5p	-	59	36987	24933	23821	37019	122760	772	635	608	632	236	351	165	431	304	365	185	372	223	259	144	132	243	221	95	85	13896
*	5p	-	60	36377	23433	24733	36766	121309	745	621	610	602	265	316	165	385	256	392	162	383	233	258	127	144	216	233	86	81	13602
*	5p	-	61	36331	23768	23099	36576	119774	719	587	607	553	213	307	141	377	251	396	144	388	234	220	142	116	215	240	77	92	13353
*	5p	-	62	36318	22635	23740	35524	118217	714	595	598	591	249	286	182	386	282	361	152	328	240	252	131	110	234	185	97	85	13075
*	5p	-	63	35800	22154	23092	35641	116687	763	597	611	525	224	323	169	378	259	378	165	350	260	235	115	122	210	217	68	104	12783
*	5p	-	64	34585	23188	22224	35127	115124	741	638	560	549	244	261	161	368	233	354	140	363	235	228	128	120	213	215	92	80	12513
*	5p	-	65	34137	21825	22201	35378	113541	738	552	535	543	230	262	158	373	269	334	174	343	232	266	118	144	222	220	92	80	12230
*	5p	-	66	33569	21490	22121	34725	111905	678	555	559	532	226	297	136	374	247	370	175	347	217	232	136	115	219	191	74	91	11962
*	5p	-	67	33286	20874	22539	33631	110330	694	526	609	530	248	271	149	337	270	322	160	381	242	214	108	121	205	194	82	83	11707
*	5p	-	68	32958	21611	21139	32947	108655	724	550	536	499	200	256	136	325	239	344	124	306	207	243	112	112	199	180	88	72	11454
*	5p	-	69	32223	21465	21105	32162	106955	725	534	548	543	221	251	157	356	237	323	113	324	218	252	119	116	174	184	86	98	11197
*	5p	-	70	32440	20294	20381	32216	105331	643	473	552	548	184	295	146	327	250	336	127	285	212	222	128	115	187	184	74	79	10943
