# table produced by mapDamage version 2.2.1
# using mapped file CviAPal010.merged.L103.realn.bam and reference.ssl.Cvi20k_rename.fasta as reference file
# Chr: reference from sam/bam header, End: from which termini of DNA sequences, Std: strand of reads
Chr	End	Std	Pos	A	C	G	T	Total	G>A	C>T	A>G	T>C	A>C	A>T	C>G	C>A	T>G	T>A	G>C	G>T	A>-	T>-	C>-	G>-	->A	->T	->C	->G	S
*	3p	+	1	74060	61271	72531	81329	289191	4277	933	1412	1210	529	553	438	615	656	491	348	554	0	0	0	0	8	6	12	8	60813
*	3p	+	2	97052	55936	49353	86914	289255	3094	839	765	976	348	433	186	598	310	604	222	387	1	4	2	3	9	15	8	5	60683
*	3p	+	3	89878	50753	61060	87573	289264	1987	794	878	802	302	415	246	550	355	459	254	396	3	0	1	3	6	5	9	8	58825
*	3p	+	4	88145	49629	58576	92871	289221	1599	873	818	719	269	401	230	567	369	408	193	494	13	16	21	25	12	13	19	26	56437
*	3p	+	5	87881	52005	54604	94712	289202	1265	883	810	787	334	446	210	475	342	407	226	477	23	15	26	32	22	24	20	25	53685
*	3p	+	6	83981	56298	51668	97244	289191	1806	1388	1194	1255	513	761	364	852	495	707	403	744	37	34	40	27	29	35	24	16	50605
*	3p	+	7	98800	51445	53735	85147	289127	1834	1185	1190	1111	482	614	318	842	554	759	386	674	50	48	31	23	61	51	28	28	49131
*	3p	+	8	94423	53122	56531	85049	289125	1766	1221	1268	1165	476	629	386	834	577	721	380	754	56	66	20	42	59	62	23	26	47472
*	3p	+	9	97803	51631	56809	82802	289045	1810	1163	1280	1163	520	603	359	838	537	701	430	791	76	63	45	60	88	68	40	53	45841
*	3p	+	10	93075	52462	51827	91611	288975	1532	1357	1138	1198	506	681	278	878	454	755	373	676	107	89	53	58	123	97	58	41	44203
*	3p	+	11	86903	56126	56459	89420	288908	1617	1303	1341	1370	573	704	397	859	595	806	482	732	148	124	59	61	141	116	63	66	42500
*	3p	+	12	86803	54290	60358	87401	288852	1691	1360	1455	1332	518	610	378	858	591	753	1229	780	137	146	80	61	157	149	50	86	41316
*	3p	+	13	90085	53282	57165	88306	288838	1646	1391	1315	1271	587	689	329	860	586	765	397	709	163	184	73	67	161	169	67	60	40067
*	3p	+	14	89173	54316	57105	88182	288776	1709	1351	1266	1252	508	713	355	882	541	779	389	748	167	210	101	98	201	175	72	67	38878
*	3p	+	15	90548	52743	54658	90757	288706	1603	1339	1385	1289	503	716	433	901	551	817	387	751	204	207	92	107	211	192	96	90	37614
*	3p	+	16	89967	52855	54812	90993	288627	1592	1365	1341	1297	532	681	318	848	611	846	848	783	248	208	107	105	229	229	94	109	36378
*	3p	+	17	89660	53512	53728	91704	288604	1567	1387	1351	1306	527	731	400	817	551	773	361	669	243	235	123	118	238	242	111	100	35378
*	3p	+	18	89732	56034	54664	88141	288571	1471	1384	1345	1320	537	675	402	858	547	806	350	718	276	266	132	113	238	294	93	99	34348
*	3p	+	19	92136	53207	54301	88919	288563	1514	1449	1293	1307	565	728	341	818	561	770	366	724	270	253	121	127	266	260	90	115	33364
*	3p	+	20	88834	55524	54133	88947	287438	1603	1499	1374	1345	562	733	439	909	653	820	384	744	267	311	136	142	291	286	109	104	32397
*	3p	+	21	90310	54304	54234	88084	286932	1637	1509	1344	1412	569	739	665	918	593	852	378	787	326	288	158	134	294	293	136	125	31463
*	3p	+	22	89435	52700	55867	88642	286644	1642	1433	1418	1322	617	720	378	900	554	813	643	830	349	309	169	157	333	328	140	136	30579
*	3p	+	23	90420	53359	54160	88492	286431	1617	1477	1383	1325	529	769	464	940	575	814	401	755	342	352	177	180	357	378	136	147	29756
*	3p	+	24	88259	55488	53940	88643	286330	1537	1488	1378	1376	601	781	366	946	598	783	363	824	356	341	159	195	370	367	136	141	28939
*	3p	+	25	88738	55302	54220	87955	286215	1700	1496	1394	1357	575	793	400	946	539	867	357	751	400	358	189	169	372	352	143	125	28142
*	3p	+	26	88496	53134	53833	90610	286073	1556	1565	1387	1324	528	758	362	889	616	778	398	810	421	381	204	195	381	362	134	139	27357
*	3p	+	27	88041	53444	53186	91286	285957	1577	1487	1339	1360	538	754	398	921	586	886	386	839	399	386	188	194	406	348	122	156	26580
*	3p	+	28	87572	53800	55718	88793	285883	1617	1457	1340	1368	577	779	356	947	553	792	463	771	415	425	189	225	391	335	167	138	25838
*	3p	+	29	88092	54611	53937	89088	285728	1585	1529	1397	1310	550	809	360	938	579	805	394	801	423	397	211	201	380	396	177	143	25108
*	3p	+	30	90796	53138	53035	88643	285612	1618	1462	1382	1373	617	746	399	879	592	795	398	816	411	407	204	215	435	381	151	160	24395
*	3p	+	31	89429	52148	55598	87616	284791	1648	1450	1529	1403	545	791	373	892	582	772	321	876	451	434	203	199	456	386	149	161	23734
*	3p	+	32	87372	52859	52989	90884	284104	1548	1421	1324	1300	519	770	407	849	597	849	380	804	437	453	214	242	440	421	155	146	23122
*	3p	+	33	87646	52158	53840	89858	283502	1605	1492	1360	1317	545	730	408	857	585	828	379	825	439	425	204	259	440	391	133	185	22517
*	3p	+	34	87481	52242	52134	90957	282814	1526	1519	1373	1360	575	733	415	906	591	777	348	897	466	463	221	230	433	418	167	154	21877
*	3p	+	35	88113	52014	52174	89919	282220	1547	1445	1341	1377	568	723	364	869	582	829	330	820	500	482	226	226	428	427	143	158	21309
*	3p	+	36	89763	51899	52464	86691	280817	1600	1497	1313	1306	595	753	400	927	566	827	379	798	502	480	231	230	462	433	159	169	20749
*	3p	+	37	87538	51161	53707	87096	279502	1558	1449	1343	1629	602	760	341	815	531	815	397	908	511	510	216	239	446	434	166	171	20259
*	3p	+	38	89268	51984	51085	85654	277991	1577	1480	1435	1375	566	743	521	876	539	782	354	769	518	515	234	240	459	394	195	156	19774
*	3p	+	39	88459	51141	51643	85432	276675	1512	1465	1352	1320	555	741	371	909	533	817	362	791	513	488	244	247	454	434	175	181	19256
*	3p	+	40	86987	50915	52093	85392	275387	1579	1456	1332	1278	533	683	352	842	564	805	379	850	521	489	258	259	431	406	198	180	18692
*	3p	+	41	84647	53350	51441	84132	273570	1574	1533	1396	1383	582	706	378	947	585	828	368	843	515	469	290	284	486	400	172	186	18219
*	3p	+	42	83858	50905	52659	84310	271732	1571	1459	1364	1282	583	703	342	753	588	850	350	807	545	454	243	279	413	422	201	179	17718
*	3p	+	43	84718	49448	50369	85408	269943	1521	1377	1349	1391	555	747	381	774	549	795	333	795	531	486	221	277	458	422	193	148	17258
*	3p	+	44	83989	49556	50851	83746	268142	1507	1422	1688	1290	609	739	344	773	517	727	366	797	520	493	229	258	463	431	201	170	16843
*	3p	+	45	85117	49092	49137	82960	266306	1500	1380	1295	1269	576	721	365	858	566	726	362	782	514	510	286	226	472	485	167	204	16409
*	3p	+	46	84216	49213	48561	82230	264220	1439	1429	1309	1289	562	752	341	839	582	818	293	755	510	516	211	262	426	433	184	198	15932
*	3p	+	47	83815	48334	47988	81921	262058	1413	1353	1169	1233	560	703	349	826	514	727	338	794	543	472	236	254	454	454	165	166	15545
*	3p	+	48	81253	50300	47869	80357	259779	1395	1392	1275	1259	600	682	365	874	579	797	329	712	534	494	258	262	483	486	162	176	15114
*	3p	+	49	79999	47572	46792	83086	257449	1352	1335	1167	1696	471	686	319	852	535	761	312	730	512	507	243	250	442	463	176	193	14745
*	3p	+	50	81046	46878	47477	79670	255071	1422	1330	1416	1209	596	688	355	802	523	755	347	705	497	484	251	254	463	460	173	203	14362
*	3p	+	51	79515	48271	46685	78385	252856	1372	1266	1207	1243	489	690	297	904	481	714	329	711	523	461	252	268	473	468	151	181	14000
*	3p	+	52	78330	48288	46232	77600	250450	1374	1255	1200	1235	502	682	642	2244	470	692	315	743	517	482	256	252	472	460	191	178	13643
*	3p	+	53	78931	45953	45925	77176	247985	1343	1300	1218	1221	491	615	300	826	522	675	336	743	533	493	245	248	461	481	179	165	13310
*	3p	+	54	78120	45957	44657	76854	245588	1333	1331	1232	1204	510	615	301	767	487	715	340	715	539	471	265	255	461	437	162	175	12930
*	3p	+	55	75015	47291	44708	76143	243157	1427	1338	1142	1199	442	668	308	794	499	686	305	680	506	489	243	239	432	451	137	181	12575
*	3p	+	56	74864	44050	44027	77469	240410	1275	1251	1206	1265	510	697	308	745	504	677	317	697	526	526	239	237	432	438	172	155	12252
*	3p	+	57	74918	44135	42967	75811	237831	1278	1241	1156	1178	471	647	306	733	470	699	299	752	494	520	253	213	428	405	181	166	11957
*	3p	+	58	73561	43464	42858	75196	235079	1338	1204	1125	1170	488	607	291	716	515	676	309	732	506	477	235	236	438	431	187	163	11659
*	3p	+	59	73224	42925	44003	72142	232294	1264	1153	1165	1151	514	606	299	667	469	619	306	692	528	514	222	259	435	451	163	157	11366
*	3p	+	60	71982	44442	42010	71032	229466	1338	1157	1061	1196	424	665	347	689	479	635	268	727	458	495	258	260	435	418	171	168	11094
*	3p	+	61	72393	42116	41603	70604	226716	1273	1200	1089	1155	453	623	268	751	455	646	274	621	501	477	242	251	428	406	159	162	10832
*	3p	+	62	70129	43299	40575	69858	223861	1201	1182	1064	1060	476	608	289	667	445	650	296	647	508	474	210	227	375	419	202	153	10546
*	3p	+	63	70460	41098	40245	69006	220809	1166	1211	1085	1068	429	618	258	694	469	643	271	641	489	491	216	234	431	422	144	171	10251
*	3p	+	64	69390	40606	40919	67095	218010	1233	1146	1052	1107	447	569	297	700	459	601	298	646	454	459	246	232	412	378	155	151	9994
*	3p	+	65	69205	39844	39561	66298	214908	1137	1123	1061	990	444	530	299	686	415	610	247	617	488	467	220	212	444	382	163	159	9766
*	3p	+	66	68282	39511	38827	65372	211992	1153	1082	977	991	413	556	263	647	419	623	254	653	466	430	243	220	398	417	144	132	9534
*	3p	+	67	65861	40417	37878	64923	209079	1035	1122	1036	1103	398	508	263	787	402	572	238	611	457	436	208	203	404	349	143	122	9296
*	3p	+	68	64519	38272	38944	64256	205991	1099	1156	998	980	419	509	269	607	412	621	249	621	451	460	193	171	384	370	139	138	9048
*	3p	+	69	62999	38350	38531	63020	202900	1089	1084	969	917	391	556	281	577	411	499	272	630	438	411	214	212	370	386	124	130	8797
*	3p	+	70	63422	36774	36807	62772	199775	1048	999	965	930	399	530	253	608	392	535	264	598	399	428	228	191	378	358	128	147	8568
*	3p	-	1	63627	50815	62009	68759	245210	4234	768	1147	1099	435	456	325	486	528	462	249	459	0	0	0	0	24	14	12	10	48753
*	3p	-	2	82966	45052	42655	74589	245262	2897	671	684	897	298	385	148	517	288	476	191	360	18	25	4	3	6	2	2	3	48667
*	3p	-	3	77208	42516	50376	75166	245266	1942	702	767	689	268	339	218	490	293	388	178	399	14	18	2	3	2	3	0	5	46908
*	3p	-	4	75362	41025	48171	80539	245097	1456	738	715	656	228	344	198	411	313	375	183	443	64	91	16	23	60	81	18	23	44651
*	3p	-	5	73606	43825	46394	81211	245036	1228	767	664	663	287	309	212	455	292	345	165	438	87	80	32	24	98	84	22	38	42295
*	3p	-	6	72448	45032	44085	83463	245028	1639	1165	994	998	415	589	302	672	445	640	267	618	98	99	41	38	109	85	29	28	39664
*	3p	-	7	82270	43030	46011	73699	245010	1665	1021	1052	970	384	556	287	734	455	708	260	647	105	82	43	30	121	99	27	23	38442
*	3p	-	8	79316	44185	47814	73664	244979	1529	1011	1113	1033	402	530	356	743	488	634	261	569	115	121	49	42	107	117	45	33	36971
*	3p	-	9	82043	43537	48430	70855	244865	1608	1042	1061	1085	447	528	314	720	490	668	265	613	140	150	64	61	162	147	53	53	35506
*	3p	-	10	77740	43765	44580	78773	244858	1447	1050	958	986	465	575	293	643	454	629	295	659	157	204	72	68	165	165	47	46	34063
*	3p	-	11	72081	47829	48934	75970	244814	1454	1167	1116	1106	478	596	332	759	483	641	325	637	187	194	73	67	170	165	61	71	32591
*	3p	-	12	74348	45894	49654	74916	244812	1521	1165	1158	1196	409	574	415	753	517	625	343	617	186	189	88	83	187	146	70	66	31617
*	3p	-	13	76125	45464	47386	75761	244736	1461	1128	1175	1068	488	587	345	749	479	628	303	654	191	191	87	91	197	211	65	72	30619
*	3p	-	14	76657	45067	47051	75944	244719	1457	1060	1128	1164	440	579	306	734	458	698	312	687	248	205	101	107	220	196	71	73	29529
*	3p	-	15	77003	45326	47150	75216	244695	1440	1159	1194	1082	480	580	310	782	475	674	349	673	265	230	110	117	205	215	72	94	28509
*	3p	-	16	76589	45421	46405	76222	244637	1434	1151	1192	1067	504	603	277	753	469	696	331	663	244	228	93	119	252	218	80	85	27537
*	3p	-	17	76133	45613	46369	76492	244607	1354	1122	1087	1158	596	584	283	742	511	636	383	648	262	245	119	99	276	240	73	85	26723
*	3p	-	18	75913	45615	46957	76061	244546	1398	1101	1158	1135	475	598	294	666	503	644	296	659	280	272	127	114	272	265	100	98	25841
*	3p	-	19	76386	45840	46527	75789	244542	1320	1097	1152	1048	478	589	308	764	453	632	331	692	288	296	152	157	274	275	102	88	24994
*	3p	-	20	75466	45981	46439	75539	243425	1366	1241	1151	1193	466	705	297	771	490	709	319	717	339	311	127	161	295	278	117	110	24209
*	3p	-	21	75410	45121	46497	75931	242959	1367	1321	1222	1250	468	613	333	788	526	669	318	722	333	340	139	168	311	277	122	107	23420
*	3p	-	22	75619	45095	45821	76226	242761	1484	1176	1184	1257	467	588	313	762	498	692	312	673	371	336	164	169	324	280	104	113	22720
*	3p	-	23	75676	45322	46256	75373	242627	1460	1290	1257	1156	493	635	283	749	499	745	301	710	368	360	178	174	326	292	111	109	22026
*	3p	-	24	75807	45312	46049	75348	242516	1409	1278	1232	1159	501	654	298	709	514	695	351	725	390	375	186	169	345	309	118	101	21341
*	3p	-	25	75818	44802	45810	75933	242363	1456	1223	1223	1168	478	637	339	751	530	718	324	713	388	371	195	165	306	321	126	135	20684
*	3p	-	26	75438	44971	45604	76244	242257	1380	1193	1201	1157	475	588	326	807	524	742	319	753	399	363	168	196	312	320	122	139	20082
*	3p	-	27	75298	44975	45991	75841	242105	1450	1231	1205	1161	505	639	270	775	556	713	337	738	389	356	202	192	384	308	134	122	19547
*	3p	-	28	75773	44764	45665	75761	241963	1412	1276	1187	1149	442	640	331	770	510	733	326	762	410	383	184	194	359	369	144	121	18962
*	3p	-	29	75695	45082	45555	75576	241908	1319	1242	1205	1110	494	629	282	756	483	677	300	714	424	382	172	200	372	357	139	134	18360
*	3p	-	30	76157	44868	45791	74979	241795	1454	1269	1186	1122	514	617	342	767	480	705	321	744	382	370	201	178	358	345	159	165	17855
*	3p	-	31	75851	45135	45187	74975	241148	1413	1230	1178	1155	515	622	341	754	460	690	319	733	443	386	200	194	383	382	137	129	17322
*	3p	-	32	75408	45078	45492	74623	240601	1378	1233	1209	1193	457	602	311	746	473	666	295	734	392	409	202	227	362	361	139	133	16833
*	3p	-	33	74933	44574	45373	75142	240022	1319	1199	1181	1193	525	650	321	731	508	730	319	699	444	443	201	209	377	405	139	122	16365
*	3p	-	34	74519	44739	45401	74824	239483	1338	1293	1115	1181	535	591	347	735	465	643	312	686	433	441	209	206	371	362	159	122	15893
*	3p	-	35	75570	44270	44610	74453	238903	1345	1284	1160	1112	456	692	309	721	487	675	278	687	461	439	206	197	377	341	151	133	15440
*	3p	-	36	74777	44123	44905	73849	237654	1364	1218	1207	1138	469	621	340	731	464	664	314	713	459	439	220	232	386	348	144	146	14980
*	3p	-	37	74357	43797	44280	74010	236444	1370	1182	1191	1129	487	620	298	715	511	662	315	702	452	417	237	236	418	340	147	153	14521
*	3p	-	38	73863	43654	44161	73530	235208	1305	1259	1146	1145	463	571	318	701	487	734	342	731	421	466	203	226	372	408	160	149	14137
*	3p	-	39	73165	43830	43990	73017	234002	1385	1182	1184	1138	474	604	338	715	498	626	313	713	461	414	222	226	380	433	140	147	13732
*	3p	-	40	72858	43520	43076	73361	232815	1335	1277	1190	1157	465	655	316	727	460	665	335	704	420	404	257	193	391	415	143	156	13300
*	3p	-	41	72439	42835	43322	72578	231174	1366	1164	1126	1089	466	630	280	750	456	651	342	686	464	399	211	210	401	421	158	157	12948
*	3p	-	42	71938	43054	42887	71748	229627	1340	1186	1085	1141	436	576	285	725	494	663	332	702	455	459	223	200	394	390	159	144	12572
*	3p	-	43	71019	42575	42901	71487	227982	1268	1162	1075	1150	488	621	292	682	481	634	304	757	469	409	209	244	375	401	130	154	12202
*	3p	-	44	71183	42037	42080	70978	226278	1316	1190	1091	1159	440	662	297	703	462	681	292	675	452	499	220	202	346	399	142	153	11864
*	3p	-	45	70474	42105	41671	70364	224614	1224	1220	1106	1091	439	596	303	693	451	688	309	690	436	458	211	230	375	413	130	171	11538
*	3p	-	46	69838	41566	41421	69896	222721	1292	1224	1118	1088	467	600	285	672	433	662	307	595	417	443	211	226	390	377	160	131	11206
*	3p	-	47	69125	41182	41013	69317	220637	1258	1203	1014	1078	438	569	306	665	473	641	290	730	456	430	179	244	392	371	154	157	10912
*	3p	-	48	68419	40761	40982	68427	218589	1281	1099	1137	1040	443	553	312	662	441	641	263	686	400	447	229	210	386	375	150	143	10555
*	3p	-	49	67879	40794	40033	67811	216517	1213	1086	999	1035	472	565	279	660	415	641	287	672	433	399	202	231	365	379	139	150	10220
*	3p	-	50	67008	40040	40104	67183	214335	1204	1107	1094	1003	442	578	314	737	413	639	297	630	423	474	211	223	388	382	149	126	9918
*	3p	-	51	66959	39516	39627	66171	212273	1189	1084	998	982	410	589	294	606	434	554	300	630	431	451	205	230	359	378	157	159	9656
*	3p	-	52	65822	39470	39273	65596	210161	1192	1086	1032	1046	428	574	302	635	437	652	276	643	460	435	200	204	375	388	126	142	9371
*	3p	-	53	65045	38992	39020	64923	207980	1222	1144	1015	1078	382	560	287	640	457	632	280	647	428	406	230	233	378	352	150	168	9119
*	3p	-	54	64782	38199	38322	64407	205710	1095	1088	998	996	433	545	305	574	449	548	308	579	410	421	209	221	389	378	159	147	8874
*	3p	-	55	64199	38451	37334	63499	203483	1116	1019	1055	947	423	534	259	642	419	565	247	580	404	402	245	190	358	388	150	117	8602
*	3p	-	56	63018	37549	37391	63118	201076	1114	1075	1042	1037	436	529	273	640	402	586	238	591	375	425	197	217	351	334	146	140	8348
*	3p	-	57	62527	37224	36781	62189	198721	1113	1009	985	983	409	548	267	591	466	589	251	589	396	430	193	191	346	331	133	138	8107
*	3p	-	58	61882	36787	36230	61520	196419	1163	1047	906	963	358	512	281	636	382	555	282	583	372	426	210	182	340	330	122	132	7896
*	3p	-	59	61305	36526	35771	60456	194058	1085	940	941	939	401	511	306	611	386	552	250	601	372	405	182	216	310	337	124	138	7675
*	3p	-	60	60614	35609	35211	60128	191562	1031	1016	988	934	374	541	288	606	391	545	232	573	383	421	206	212	333	285	122	133	7440
*	3p	-	61	59592	34899	35148	59365	189004	1058	946	930	912	349	488	268	532	367	559	252	605	387	369	213	209	327	309	116	112	7254
*	3p	-	62	58853	34950	34799	57878	186480	1060	996	920	923	392	490	258	542	403	523	245	563	385	397	239	180	278	308	140	141	7036
*	3p	-	63	57419	34443	34397	57558	183817	1014	937	861	869	400	501	257	558	368	568	217	570	402	375	187	210	277	306	116	114	6823
*	3p	-	64	56696	33965	33794	56628	181083	944	981	860	877	374	456	267	584	375	545	251	600	380	379	166	181	269	292	112	127	6615
*	3p	-	65	56144	33340	33146	55769	178399	949	941	867	886	374	494	256	524	330	484	247	570	395	315	166	194	283	310	120	93	6448
*	3p	-	66	54741	33102	32455	55389	175687	1000	926	813	822	345	444	261	566	355	532	227	536	328	363	167	173	260	257	113	103	6270
*	3p	-	67	54237	32526	32078	54071	172912	893	904	910	838	358	437	264	533	322	495	243	513	336	356	172	186	262	266	121	87	6086
*	3p	-	68	53437	32275	31215	53182	170109	877	895	888	830	342	433	248	489	346	507	220	495	310	379	188	171	251	250	108	116	5910
*	3p	-	69	52556	31381	30883	52445	167265	923	829	790	816	313	409	230	503	365	497	240	511	334	358	166	190	246	272	85	100	5724
*	3p	-	70	51734	30997	30334	51440	164505	880	862	826	821	336	415	254	491	326	475	211	507	348	330	172	160	257	259	79	94	5541
*	5p	+	1	78517	75376	62927	72399	289219	967	1052	1245	1546	668	462	369	895	529	539	451	404	0	0	0	0	21	22	6	7	55929
*	5p	+	2	89036	48571	53475	98175	289257	885	1410	1019	782	333	479	244	505	366	483	183	524	28	41	4	6	7	10	2	1	55812
*	5p	+	3	89116	59129	49619	91415	289279	929	1049	820	938	379	445	205	598	287	470	265	640	21	16	3	4	7	4	2	1	54181
*	5p	+	4	97062	55345	48190	88488	289085	909	992	793	844	342	388	219	608	289	473	217	475	106	68	22	33	72	85	21	31	52138
*	5p	+	5	97624	53645	52110	85678	289057	964	908	795	835	332	362	206	565	290	457	256	567	95	92	36	39	101	89	31	16	49945
*	5p	+	6	100695	49980	53292	85021	288988	1413	1278	1229	1155	446	593	317	832	483	730	301	793	122	111	45	43	104	137	33	33	47350
*	5p	+	7	87204	52964	50233	98557	288958	1160	1513	1111	1220	468	647	319	727	443	679	333	794	112	147	48	41	98	170	43	26	46011
*	5p	+	8	87157	56538	52292	92930	288917	1199	1379	1215	1279	480	695	351	857	491	725	400	817	126	143	44	57	158	142	37	41	44568
*	5p	+	9	83712	56973	50350	97790	288825	1169	1474	1227	1281	537	690	318	767	515	621	356	840	178	183	78	73	155	170	74	71	43025
*	5p	+	10	94432	51375	51735	91279	288821	1298	1357	1113	1216	441	646	310	777	533	709	330	755	215	215	89	86	184	168	58	64	41610
*	5p	+	11	90043	57791	57422	83473	288729	1398	1280	1356	1410	529	655	353	858	555	755	425	770	194	217	93	90	206	207	74	79	40091
*	5p	+	12	88836	58421	54621	86809	288687	1349	1397	1414	1462	603	688	320	810	516	732	677	812	234	209	112	87	220	229	82	76	38999
*	5p	+	13	89239	55983	54516	88906	288644	1340	1421	1254	1254	509	668	372	794	554	742	376	837	286	222	100	93	222	241	101	86	37867
*	5p	+	14	90538	55094	52902	90064	288598	1383	1456	1323	1355	525	734	372	881	482	703	332	814	299	243	125	107	240	264	99	94	36745
*	5p	+	15	89585	56016	53282	89717	288600	1354	1431	1249	1323	571	671	432	845	555	710	374	883	284	288	124	111	262	238	111	84	35614
*	5p	+	16	89977	54567	53615	90379	288538	1402	1404	1328	1299	533	678	335	829	578	755	342	888	306	333	113	113	280	285	94	98	34506
*	5p	+	17	90214	54867	54001	89420	288502	1345	1411	1267	1364	544	715	624	875	770	770	370	827	299	316	162	141	292	292	108	99	33553
*	5p	+	18	90319	55808	53662	88617	288406	1399	1651	1271	1315	538	633	357	938	525	762	343	825	352	337	124	157	324	354	107	104	32627
*	5p	+	19	90344	54787	53783	89469	288383	1353	1428	1298	1357	509	725	368	898	488	776	345	796	365	322	169	151	319	365	114	113	31678
*	5p	+	20	89412	54803	53735	89317	287267	1449	1435	1368	1408	525	742	359	887	525	765	361	821	354	359	168	172	335	359	137	130	30817
*	5p	+	21	90283	54811	53497	88193	286784	1588	1524	1464	1391	563	691	369	884	571	768	379	894	397	336	170	181	387	359	130	120	29929
*	5p	+	22	90263	54589	53223	88478	286553	1498	1481	1403	1428	524	709	337	929	591	820	377	834	381	412	167	189	395	375	129	130	29140
*	5p	+	23	89566	54086	53108	89640	286400	1530	1526	1392	1522	569	771	387	911	565	768	353	854	389	400	184	215	399	385	153	116	28291
*	5p	+	24	89868	54395	53169	88840	286272	1502	1466	1402	1440	565	703	400	892	593	788	355	832	393	439	197	160	394	398	151	126	27547
*	5p	+	25	90115	54207	52510	89285	286117	1548	1482	1391	1408	557	741	506	890	587	775	386	877	424	448	185	187	430	379	151	128	26855
*	5p	+	26	90032	53618	53528	88818	285996	1419	1486	1357	1375	583	781	387	889	621	803	365	840	431	450	195	207	414	383	160	134	26147
*	5p	+	27	89831	54329	52831	88854	285845	1510	1457	1389	1431	590	752	363	999	605	796	351	872	437	425	231	190	424	433	149	135	25492
*	5p	+	28	90194	53376	52784	89376	285730	1565	1444	1440	1353	561	705	375	1081	590	821	367	921	453	454	206	208	460	403	139	179	24896
*	5p	+	29	89741	53645	53652	88620	285658	1537	1401	1374	1449	534	738	371	886	522	821	413	864	427	448	216	227	428	426	160	148	24233
*	5p	+	30	89887	53837	53614	88259	285597	1547	1503	1403	1318	571	719	374	912	611	807	395	892	485	459	221	223	426	404	154	154	23592
*	5p	+	31	89406	53677	53131	88522	284736	1509	1482	1370	1395	517	713	399	907	604	795	401	902	476	463	220	246	472	435	149	149	22990
*	5p	+	32	89180	53782	52866	88239	284067	1459	1461	1332	1423	569	741	363	914	523	777	365	834	523	442	218	255	423	436	175	163	22398
*	5p	+	33	89251	54053	52609	87538	283451	1486	1492	1382	1364	584	688	391	825	662	830	360	840	520	523	223	219	450	410	162	176	21820
*	5p	+	34	89200	52730	53137	87666	282733	1544	1458	1369	1307	551	738	319	836	561	820	358	856	513	527	212	240	484	436	153	180	21271
*	5p	+	35	88110	52824	52292	88907	282133	1567	1460	1325	1374	569	725	373	821	586	842	367	879	485	518	261	259	469	427	171	175	20734
*	5p	+	36	87116	53246	52279	88130	280771	1491	1400	1361	1321	579	752	342	862	557	801	393	821	540	468	237	262	433	452	194	188	20196
*	5p	+	37	88203	52754	51071	87462	279490	1490	1485	1434	1342	599	736	416	1013	574	877	391	765	509	520	219	285	480	436	159	154	19682
*	5p	+	38	87567	51794	51411	87168	277940	1547	1471	1450	1422	527	760	393	878	621	741	352	781	518	579	255	200	452	467	173	162	19175
*	5p	+	39	86348	52619	51610	86041	276618	1570	1499	1317	1343	533	705	389	977	534	752	353	842	518	526	232	261	472	462	193	173	18697
*	5p	+	40	86755	50952	52052	85598	275357	1464	1373	1369	1374	483	717	381	906	558	821	387	823	514	508	259	285	469	429	191	157	18223
*	5p	+	41	86307	51122	50758	85407	273594	1629	1418	1411	1313	542	737	381	942	578	816	354	836	516	538	280	249	460	437	180	142	17805
*	5p	+	42	85078	50995	50802	84881	271756	1623	1456	1349	1367	539	729	392	932	576	757	377	836	512	552	269	264	412	415	188	177	17364
*	5p	+	43	84501	51268	49814	84311	269894	1513	1448	1380	1384	574	702	368	1134	602	767	372	769	538	519	261	261	460	469	180	161	16909
*	5p	+	44	84824	50247	49518	83505	268094	1566	1344	1378	1387	529	696	335	858	588	759	379	744	489	486	248	284	467	478	171	197	16521
*	5p	+	45	83861	49536	49786	83099	266282	1534	1438	1299	1358	551	720	350	836	554	771	373	812	541	510	217	252	485	488	184	194	16108
*	5p	+	46	83711	49024	49205	82214	264154	1529	1370	1280	1392	545	722	325	880	567	765	372	759	560	509	243	235	482	456	184	184	15697
*	5p	+	47	82879	49121	48513	81490	262003	1435	1364	1249	1194	511	754	379	1015	494	750	362	728	547	484	249	232	467	469	204	153	15323
*	5p	+	48	81577	48009	48783	81463	259832	1459	1391	1254	1261	453	701	338	850	469	721	406	744	498	514	221	290	493	430	170	159	14954
*	5p	+	49	81467	47548	47980	80467	257462	1397	1464	1270	1273	494	741	337	828	514	747	395	778	505	502	249	278	477	419	178	186	14576
*	5p	+	50	80310	48030	47499	79296	255135	1477	1349	1365	1248	518	648	303	807	520	749	356	764	510	519	259	257	471	417	165	181	14217
*	5p	+	51	79999	46826	47260	78813	252898	1443	1265	1235	1277	476	638	331	807	482	678	329	700	580	548	239	255	433	422	181	190	13871
*	5p	+	52	78792	47000	46862	77891	250545	1455	1315	1244	1163	498	642	358	839	493	774	326	752	541	497	228	263	442	437	156	179	13536
*	5p	+	53	78126	45991	46857	77114	248088	1405	1413	1195	1226	507	754	305	814	477	723	328	720	516	478	245	240	401	450	151	181	13202
*	5p	+	54	77074	45631	45933	76986	245624	1436	1230	1209	1201	463	623	313	802	534	650	339	688	498	508	234	262	419	432	156	193	12888
*	5p	+	55	76001	45385	46205	75638	243229	1393	1303	1133	1163	467	660	340	754	497	715	337	689	505	465	249	243	396	397	165	172	12568
*	5p	+	56	75860	44165	44936	75464	240425	1484	1239	1172	1245	534	634	305	691	483	694	348	733	483	466	239	251	408	423	170	181	12283
*	5p	+	57	74489	44217	44955	74168	237829	1431	1257	1175	1246	448	657	327	775	529	706	342	656	478	457	246	246	422	436	160	162	12013
*	5p	+	58	73825	43030	44525	73774	235154	1457	1229	1127	1172	505	668	297	774	473	611	366	625	476	474	221	269	428	397	156	160	11724
*	5p	+	59	72919	43333	43219	72931	232402	1330	1272	1124	1118	471	633	309	768	523	712	353	653	463	457	256	250	382	385	177	153	11477
*	5p	+	60	71794	42360	42818	72567	229539	1341	1207	1046	1155	449	625	304	680	508	673	367	715	474	483	219	232	409	388	151	171	11204
*	5p	+	61	70697	42306	42406	71334	226743	1356	1197	1070	1119	397	573	320	745	466	671	329	641	445	459	229	230	390	409	151	177	10929
*	5p	+	62	70012	41726	42440	69718	223896	1406	1256	1106	1067	430	614	281	694	461	649	335	674	450	474	224	306	390	408	174	137	10654
*	5p	+	63	69693	40851	41385	68984	220913	1302	1139	1078	1003	470	618	285	667	471	612	297	629	459	515	228	232	405	391	134	132	10411
*	5p	+	64	68225	40779	40860	68169	218033	1330	1119	1026	1096	380	594	340	810	471	621	270	634	464	390	252	205	389	380	152	149	10142
*	5p	+	65	67250	40284	40095	67400	215029	1361	1089	1104	1040	404	522	340	842	441	626	306	609	457	434	191	205	368	358	158	142	9915
*	5p	+	66	66684	39959	39628	65796	212067	1258	1095	969	1014	452	550	310	629	442	647	298	583	436	405	207	217	394	335	157	130	9710
*	5p	+	67	65797	38712	39243	65316	209068	1237	1029	1105	1002	407	549	339	651	419	561	298	568	419	419	238	203	339	376	163	149	9506
*	5p	+	68	64821	37958	38859	64368	206006	1235	1056	1004	1021	404	517	258	617	451	590	294	528	434	421	198	228	367	354	149	147	9277
*	5p	+	69	63715	38347	38015	62843	202920	1195	1094	1008	959	405	497	267	621	379	631	328	530	416	418	205	244	349	355	149	138	9060
*	5p	+	70	63337	36791	37365	62300	199793	1192	1049	975	958	382	565	243	614	366	577	298	558	413	412	216	205	326	366	141	161	8863
*	5p	-	1	66704	62962	54372	61164	245202	792	882	1104	1336	565	386	313	731	509	474	349	359	0	0	0	0	14	5	8	11	47863
*	5p	-	2	74553	41189	46903	82590	245235	759	1249	840	696	262	427	228	385	343	382	171	422	2	2	2	1	10	10	4	6	47759
*	5p	-	3	74012	51966	42379	76899	245256	750	918	681	848	307	359	168	434	242	370	200	555	4	0	4	6	9	10	3	2	46262
*	5p	-	4	80821	47516	41622	75255	245214	775	803	657	745	319	328	163	466	235	400	187	479	10	15	20	17	21	18	16	12	44499
*	5p	-	5	81833	45220	44843	73283	245179	823	749	630	681	240	350	189	449	259	349	200	449	24	19	23	20	22	23	31	26	42543
*	5p	-	6	84556	42465	47295	70858	245174	1233	1087	1121	936	395	498	344	657	446	660	315	698	37	22	29	21	37	23	23	24	40385
*	5p	-	7	72132	45122	43035	84836	245125	1025	1255	1000	1014	406	567	300	619	390	570	286	677	56	39	20	30	48	55	28	24	39220
*	5p	-	8	73030	47450	45034	79612	245126	1045	1138	1039	1060	444	597	283	623	432	547	303	737	58	58	32	37	48	57	23	27	37972
*	5p	-	9	70027	48039	43848	83131	245045	1038	1279	1038	1088	426	553	363	582	396	566	271	733	88	69	47	31	63	96	35	42	36712
*	5p	-	10	79084	43831	44024	78026	244965	1151	1181	1013	974	379	568	296	662	394	568	268	699	82	108	57	56	106	119	46	45	35436
*	5p	-	11	76350	48583	47854	72082	244869	1090	1070	1132	1191	467	568	395	682	484	686	293	645	123	141	75	66	140	147	62	63	34033
*	5p	-	12	74314	50903	46525	73141	244883	1153	1267	1155	1227	498	553	777	687	457	587	313	785	141	139	70	69	132	141	53	72	33070
*	5p	-	13	75605	47796	45357	76055	244813	1101	1201	1148	1140	422	599	304	675	474	647	294	642	155	156	84	82	164	182	60	62	32058
*	5p	-	14	75284	47924	45897	75719	244824	1177	1201	1087	1137	474	599	326	614	433	656	344	711	167	147	76	68	164	167	64	62	31064
*	5p	-	15	76910	46818	44851	76182	244761	1186	1214	1059	1084	462	616	304	638	450	657	343	669	175	166	78	80	170	182	94	74	30101
*	5p	-	16	77391	46477	44941	75892	244701	1122	1216	1135	1056	413	605	608	708	468	665	267	727	226	185	82	76	217	197	94	70	29131
*	5p	-	17	77564	46249	45793	75124	244730	1208	1167	1100	1093	473	605	294	708	442	606	307	672	209	208	102	99	186	205	77	83	28314
*	5p	-	18	76180	46212	47018	75299	244709	1276	1153	1157	1173	470	591	298	668	449	619	304	666	231	212	93	108	198	199	98	77	27453
*	5p	-	19	76006	46183	45614	76868	244671	1220	1159	1109	1078	430	583	277	656	451	680	300	715	211	235	120	123	235	213	80	82	26698
*	5p	-	20	76201	46274	46568	74541	243584	1250	1213	1161	1136	518	655	335	672	444	655	368	739	229	251	122	128	227	232	99	82	25930
*	5p	-	21	75718	46086	45685	75566	243055	1299	1272	1184	1132	527	605	317	716	544	715	387	735	253	265	110	133	253	268	96	105	25180
*	5p	-	22	75943	46933	44628	75298	242802	1287	1248	1174	1138	494	608	412	683	465	706	317	675	266	260	157	148	275	279	118	110	24500
*	5p	-	23	75904	45419	45313	75992	242628	1230	1245	1195	1108	462	630	308	735	488	699	357	708	293	278	156	133	279	304	132	125	23809
*	5p	-	24	75120	45925	46206	75292	242543	1322	1223	1160	1232	463	623	332	707	472	673	343	747	297	300	151	152	309	310	116	114	23123
*	5p	-	25	74881	46395	46126	75009	242411	1383	1318	1144	1160	434	621	332	746	437	701	300	752	291	297	156	156	289	294	126	133	22477
*	5p	-	26	76380	45621	45563	74717	242281	1409	1237	1172	1180	514	659	330	754	484	694	337	753	299	335	164	172	320	311	118	121	21856
*	5p	-	27	76954	45174	44930	75073	242131	1304	1258	1236	1216	447	650	317	735	476	745	317	750	363	351	172	153	337	325	133	128	21285
*	5p	-	28	75444	46564	45373	74678	242059	1301	1301	1155	1203	471	637	354	754	476	685	309	742	357	340	200	172	330	339	116	113	20743
*	5p	-	29	75553	45626	45830	74948	241957	1315	1180	1184	1173	446	659	335	688	477	671	316	749	370	390	176	180	316	350	151	137	20188
*	5p	-	30	75446	45060	45172	76184	241862	1281	1201	1142	1137	492	651	293	730	462	685	329	709	378	373	206	192	343	354	131	134	19600
*	5p	-	31	74842	46316	44461	75587	241206	1253	1225	1103	1236	455	655	313	751	490	716	289	765	379	383	215	174	340	367	135	130	19075
*	5p	-	32	76221	45067	45118	74236	240642	1281	1255	1170	1172	454	622	311	751	466	653	320	693	408	415	172	184	312	363	145	130	18545
*	5p	-	33	75820	45766	44641	73873	240100	1386	1309	1120	1197	506	620	329	732	501	692	304	715	400	410	202	185	330	342	162	129	18063
*	5p	-	34	76471	44989	44446	73622	239528	1390	1254	1132	1140	486	619	298	754	474	693	378	729	430	412	207	190	357	356	138	116	17561
*	5p	-	35	76322	44555	43839	74123	238839	1226	1289	1232	1134	480	636	325	798	465	626	313	721	414	411	193	203	406	388	129	143	17110
*	5p	-	36	74058	44672	43976	74883	237589	1313	1238	1153	1147	429	607	289	728	496	708	329	677	411	392	192	203	405	390	155	137	16643
*	5p	-	37	74118	45112	43453	73757	236440	1326	1220	1248	1141	494	633	312	796	465	734	288	695	384	383	214	217	385	367	155	154	16223
*	5p	-	38	73515	43024	44103	74632	235274	1344	1245	1140	1112	479	633	309	698	482	715	361	711	436	420	191	199	357	357	151	156	15775
*	5p	-	39	72724	43930	43340	74072	234066	1294	1275	1065	1134	488	651	336	732	449	678	289	682	435	437	213	220	371	363	153	150	15373
*	5p	-	40	72911	43771	43111	73054	232847	1319	1219	1066	1122	464	604	299	707	434	661	331	721	457	433	217	215	378	381	151	161	14980
*	5p	-	41	72297	43162	44057	71708	231224	1378	1181	1173	1141	496	629	302	723	497	687	284	736	427	469	214	210	391	383	160	151	14581
*	5p	-	42	71418	44011	42908	71254	229591	1268	1306	1052	1119	456	669	324	730	512	667	315	662	459	454	191	212	388	397	171	165	14183
*	5p	-	43	71842	42616	42603	70844	227905	1278	1252	1044	1131	419	623	267	687	471	645	291	623	400	439	218	246	415	398	152	171	13837
*	5p	-	44	71096	42688	42123	70303	226210	1341	1199	1094	1357	446	566	281	692	481	677	308	624	445	464	225	241	405	402	136	166	13488
*	5p	-	45	70664	41336	41411	71153	224564	1326	1155	1035	1125	425	621	281	677	479	676	309	678	477	453	229	219	402	435	158	144	13149
*	5p	-	46	69534	40740	41584	70853	222711	1318	1123	1154	1134	419	619	278	693	451	633	279	666	431	463	228	197	372	418	146	131	12798
*	5p	-	47	68803	40778	40860	70236	220677	1284	1148	1064	1064	454	557	271	683	443	572	298	668	442	483	214	203	375	395	133	130	12477
*	5p	-	48	68530	40803	41342	67913	218588	1285	1116	1108	993	420	575	255	682	470	657	272	692	466	443	235	224	380	392	148	132	12152
*	5p	-	49	69136	39555	40147	67676	216514	1271	1103	1252	1087	454	585	293	598	466	636	321	659	445	488	234	215	401	355	137	141	11859
*	5p	-	50	67174	39856	39645	67691	214366	1271	1169	1007	1116	399	547	277	644	440	591	306	629	434	480	204	205	367	379	117	150	11583
*	5p	-	51	66301	39388	40225	66359	212273	1248	1129	1031	1002	412	526	289	667	390	616	254	711	408	438	245	211	382	402	153	115	11283
*	5p	-	52	65447	39296	40097	65323	210163	1276	1083	1044	962	420	564	289	610	400	582	435	1298	433	433	226	237	391	375	127	132	11024
*	5p	-	53	64980	38666	38533	65794	207973	1245	1088	1061	1005	421	538	311	666	408	551	267	636	404	442	223	211	389	399	128	137	10752
*	5p	-	54	64887	37477	38534	64856	205754	1245	1103	1009	981	387	534	275	674	450	534	258	574	442	430	188	227	368	380	141	138	10478
*	5p	-	55	64494	37133	38663	63201	203491	1259	1030	1010	968	417	546	264	664	447	643	247	627	405	425	205	224	356	375	141	135	10204
*	5p	-	56	64182	37038	37241	62556	201017	1199	988	1005	977	434	561	264	616	442	613	268	545	420	444	211	195	347	366	151	164	9950
*	5p	-	57	63297	36419	36772	62149	198637	1277	1026	1018	942	364	549	285	609	414	579	242	599	419	439	169	213	317	391	153	171	9685
*	5p	-	58	62799	36038	36075	61450	196362	1200	1032	918	912	408	532	244	593	440	584	278	537	418	429	187	228	350	357	125	148	9456
*	5p	-	59	60536	36476	36015	60915	193942	1184	1015	871	945	369	467	239	622	364	592	267	590	433	414	193	212	359	371	140	155	9200
*	5p	-	60	59416	35435	36519	60037	191407	1154	969	976	935	369	483	230	634	405	548	230	599	413	392	209	214	373	388	144	124	8971
*	5p	-	61	59347	34865	35169	59509	188890	1199	934	944	882	370	530	236	619	395	571	241	549	400	422	208	183	358	358	148	116	8748
*	5p	-	62	58793	34204	35480	57919	186396	1155	918	937	942	351	450	255	621	380	552	260	563	385	405	207	200	357	338	133	121	8540
*	5p	-	63	58006	33423	34350	57950	183729	1144	924	923	902	331	465	239	564	387	541	236	532	426	409	194	185	338	321	119	126	8328
*	5p	-	64	56440	33966	33808	56718	180932	1103	1011	876	903	363	464	230	594	391	550	233	538	380	387	236	190	334	359	148	111	8118
*	5p	-	65	55738	32617	33201	56686	178242	1095	912	848	904	320	416	215	571	376	502	251	492	392	377	205	191	327	350	138	150	7934
*	5p	-	66	54537	32285	32931	55768	175521	1153	882	862	801	359	461	251	570	395	555	228	499	392	364	208	195	342	329	139	91	7735
*	5p	-	67	53748	31473	33360	54150	172731	1152	862	829	803	340	452	208	565	357	517	209	601	389	358	175	207	336	330	119	132	7546
*	5p	-	68	53282	31563	31895	53203	169943	1168	856	803	785	333	413	192	555	373	505	230	457	338	387	172	196	300	344	143	104	7356
*	5p	-	69	52080	31116	31560	52366	167122	1112	869	827	825	338	463	230	543	331	492	206	461	362	346	179	191	289	342	114	100	7146
*	5p	-	70	51815	30013	30983	51512	164323	1051	804	774	790	344	442	204	506	376	445	207	462	344	352	168	197	290	338	146	97	6958
