# table produced by mapDamage version 2.2.1
# using mapped file CviAPal013.merged.L103.realn.bam and reference.ssl.Cvi20k_rename.fasta as reference file
# Chr: reference from sam/bam header, End: from which termini of DNA sequences, Std: strand of reads
Chr	End	Std	Pos	A	C	G	T	Total	G>A	C>T	A>G	T>C	A>C	A>T	C>G	C>A	T>G	T>A	G>C	G>T	A>-	T>-	C>-	G>-	->A	->T	->C	->G	S
*	3p	+	1	218197	187548	220080	245308	871133	15089	2838	4189	3762	1638	1623	1187	1773	1868	1642	1086	1610	0	0	0	0	38	51	66	80	164605
*	3p	+	2	287342	169139	153434	261270	871185	11592	2612	2477	3081	1047	1203	595	1940	977	1655	754	1257	13	17	11	13	57	68	35	36	164323
*	3p	+	3	264920	156070	186538	263694	871222	7354	2771	2691	2564	897	1200	788	1822	1111	1346	683	1252	26	28	17	17	53	65	24	26	158184
*	3p	+	4	263254	151904	177621	278251	871030	5965	2669	2606	2293	832	1181	683	1677	1107	1331	648	1358	77	69	86	69	96	107	69	87	150272
*	3p	+	5	261343	159561	168217	281873	870994	4935	2702	2524	2328	905	1233	661	1595	915	1258	605	1422	100	112	84	84	116	115	81	84	141573
*	3p	+	6	252507	170215	159826	288416	870964	6240	4221	3560	3818	1511	2045	1023	2536	1415	1995	1114	2200	131	135	100	107	126	146	67	87	131675
*	3p	+	7	292814	157468	167590	252976	870848	6797	3565	3727	3353	1370	1814	1009	2654	1420	2169	1054	1847	161	177	109	125	175	174	100	96	126860
*	3p	+	8	279827	162318	175313	253338	870796	6181	3605	3857	3628	1456	1798	997	2536	1532	2215	1092	1990	232	216	118	118	211	192	90	101	121621
*	3p	+	9	288616	160899	173690	247469	870674	6189	3607	3740	3625	1398	1691	1032	2665	1489	2239	1184	2076	299	299	229	179	267	206	114	130	116098
*	3p	+	10	273092	161791	161199	274397	870479	5518	3903	3560	3415	1441	1937	1020	2422	1379	2041	1087	2045	376	298	178	201	338	293	140	142	110873
*	3p	+	11	255236	173506	176322	265201	870265	5507	4121	4247	4027	1544	1918	1058	2550	1606	2094	1222	2069	447	393	202	206	375	362	214	177	105453
*	3p	+	12	260277	166780	182348	260757	870162	5716	3946	4212	4030	1458	1822	1067	2523	1749	2213	2775	2098	473	489	238	252	412	421	187	211	101643
*	3p	+	13	267382	164994	173942	263684	870002	5454	3901	3908	3832	1580	1936	1027	2495	1535	2199	1146	2215	534	535	229	293	487	498	196	210	97630
*	3p	+	14	266138	166836	174524	262292	869790	5233	3968	3838	3887	1526	2010	1091	2519	1535	2204	1141	2222	543	626	261	330	599	579	188	236	93734
*	3p	+	15	269294	163614	170004	266785	869697	5181	3985	3951	3819	1492	1921	1111	2482	1583	2343	1048	2209	632	629	294	347	616	569	252	261	90081
*	3p	+	16	266971	164992	169169	268354	869486	5260	4190	3879	3993	1588	1944	1040	2447	1645	2231	2287	2211	703	635	351	329	697	679	243	261	86322
*	3p	+	17	266046	165747	168721	268842	869356	5000	4057	4000	3858	1446	2152	1061	2515	1522	2175	1090	2126	699	764	357	373	772	721	269	277	83153
*	3p	+	18	264953	170990	170179	263231	869353	4881	4117	3868	3850	1547	1914	1045	2607	1524	2183	1041	2160	719	783	386	358	707	727	298	307	79987
*	3p	+	19	270463	165642	169180	263911	869196	4815	4052	3742	3684	1551	2066	1004	2407	1514	2139	1044	2134	810	808	367	394	815	791	306	287	76985
*	3p	+	20	261912	169551	167501	264478	863442	4894	4265	4014	3914	1617	2118	1179	2645	1796	2270	1054	2299	866	877	435	409	854	780	313	303	74090
*	3p	+	21	263258	166555	168486	262637	860936	5137	4308	4157	4306	1668	2282	1515	2641	1604	2218	1088	2331	939	892	405	484	861	829	378	347	71182
*	3p	+	22	262798	163833	170434	262841	859906	5079	4255	4017	3982	1717	2130	1078	2570	1624	2255	1310	2400	995	972	431	419	924	865	359	359	68552
*	3p	+	23	264607	165193	167449	261935	859184	5052	4215	4140	4034	1553	2107	1173	2681	1656	2281	1114	2342	1020	980	445	516	906	968	345	437	66013
*	3p	+	24	260830	167539	168229	262210	858808	5042	4328	4132	4128	1588	2119	1107	2633	1620	2199	1151	2423	1045	1039	516	523	953	1016	364	345	63617
*	3p	+	25	261729	167632	168501	260333	858195	5136	4355	4145	4139	1593	2114	1141	2712	1587	2246	1071	2556	1073	1075	502	561	1011	1019	354	348	61239
*	3p	+	26	260889	165271	167240	264309	857709	4778	4461	4100	4062	1577	2181	1138	2661	1692	2308	1080	2384	1173	1101	539	581	1063	1026	392	389	58896
*	3p	+	27	261834	166230	164612	264810	857486	4894	4435	4065	4151	1583	2033	1154	2746	1718	2226	1100	2319	1160	1241	547	608	1015	1012	387	419	56831
*	3p	+	28	260330	166420	170392	259931	857073	4924	4214	4200	4050	1666	2166	1122	2638	1573	2306	1259	2481	1195	1220	558	627	1163	1041	384	426	54722
*	3p	+	29	260253	168141	165704	262629	856727	4760	4353	4087	4081	1596	2143	1088	2649	1541	2269	1112	2408	1272	1219	583	593	1164	1092	491	427	52649
*	3p	+	30	265059	166271	164534	260721	856585	4701	4250	4089	4068	1581	2078	1109	2504	1582	2324	1101	2290	1247	1233	626	582	1170	1079	396	472	50669
*	3p	+	31	262463	162772	169480	259566	854281	4826	4157	4245	4147	1572	2135	1079	2527	1638	2281	1086	2413	1362	1246	595	648	1186	1065	432	417	48780
*	3p	+	32	257849	165447	165402	263400	852098	4735	4302	4071	4169	1639	2093	1115	2560	1647	2215	1005	2472	1299	1319	676	684	1162	1167	392	429	47021
*	3p	+	33	256974	162943	167288	262900	850105	4910	4366	4118	4085	1651	2152	1107	2473	1708	2302	1093	2481	1335	1314	658	690	1211	1174	410	447	45335
*	3p	+	34	257117	163561	162823	264133	847634	4676	4362	4065	4063	1508	2083	1176	2506	1713	2288	1017	2506	1329	1405	670	623	1183	1185	453	426	43613
*	3p	+	35	258332	162329	162344	262114	845119	4740	4346	4149	4067	1677	2096	1104	2491	1653	2296	993	2520	1352	1389	654	656	1189	1218	403	501	42083
*	3p	+	36	260255	161873	162902	254748	839778	4812	4542	4177	4192	1587	2178	1075	2515	1609	2248	1162	2340	1365	1355	683	719	1276	1236	452	423	40536
*	3p	+	37	255489	159349	163178	256328	834344	4725	4378	4155	4772	1646	2068	1030	2540	1649	2244	1094	2650	1377	1370	661	722	1249	1221	473	467	39086
*	3p	+	38	257893	161340	158428	250966	828627	4579	4363	4126	3937	1614	2027	1216	2603	1582	2153	1037	2473	1470	1382	699	649	1248	1201	476	490	37670
*	3p	+	39	256989	157316	158692	249839	822836	4591	4288	4114	3909	1599	2137	1041	2510	1598	2262	1019	2477	1420	1447	642	718	1194	1255	504	444	36257
*	3p	+	40	252094	156669	158394	250162	817319	4623	4230	3994	3882	1565	2032	1053	2469	1652	2219	1041	2449	1421	1448	687	699	1207	1183	479	480	34962
*	3p	+	41	247369	159622	156243	246564	809798	4506	4310	4123	3982	1586	2105	1029	2513	1622	2158	1081	2467	1509	1390	707	779	1282	1247	446	467	33695
*	3p	+	42	244632	155571	156704	245220	802127	4523	4208	3949	3860	1597	2012	1046	2443	1606	2321	1046	2471	1435	1455	694	742	1238	1190	474	465	32497
*	3p	+	43	244214	152583	151766	245617	794180	4399	4126	4034	3893	1563	1970	996	2367	1514	2175	938	2390	1451	1416	694	724	1218	1231	438	452	31321
*	3p	+	44	241463	151138	152568	240798	785967	4359	4200	4614	3901	1555	2017	889	2263	1558	2083	968	2312	1461	1443	665	669	1277	1244	492	416	30225
*	3p	+	45	241386	148674	148728	238563	777351	4293	3998	3896	3695	1480	2095	1008	2243	1520	2049	980	2323	1453	1483	691	688	1273	1202	442	500	29056
*	3p	+	46	238084	149181	145033	235595	767893	4206	4127	3683	3914	1591	1928	952	2401	1493	2085	1011	2324	1435	1444	671	697	1166	1205	435	465	28004
*	3p	+	47	236922	144579	142838	233397	757736	4105	3993	3589	3667	1445	1886	932	2355	1426	2064	981	2300	1459	1446	673	681	1194	1239	454	427	26971
*	3p	+	48	229961	146556	142408	228496	747421	4053	3799	3587	3655	1478	1941	938	2357	1515	2045	906	2262	1434	1374	646	673	1237	1255	426	434	25946
*	3p	+	49	225987	140821	138931	231160	736899	4064	3848	3639	4544	1377	1841	964	2276	1458	2074	889	2180	1364	1451	622	647	1191	1258	425	407	24977
*	3p	+	50	226213	138534	137642	223512	725901	3995	3842	3543	3719	1420	1800	953	2303	1380	1899	916	2141	1432	1402	662	690	1199	1204	403	465	24058
*	3p	+	51	220560	139255	135807	219754	715376	3927	3896	3495	3520	1314	1861	973	2204	1396	1851	902	2108	1396	1354	648	677	1172	1257	409	448	23172
*	3p	+	52	216521	137700	134830	215758	704809	3844	3741	3505	3455	1341	1722	1258	4340	1337	1983	869	2250	1340	1332	631	674	1163	1202	412	434	22332
*	3p	+	53	215639	132744	132198	213187	693768	3784	3662	3291	3412	1347	1764	913	2138	1406	1792	909	2212	1348	1334	608	698	1154	1168	476	412	21533
*	3p	+	54	212509	131600	128075	210432	682616	3652	3705	3415	3440	1336	1755	816	2054	1336	1839	914	2151	1321	1362	632	644	1190	1147	391	406	20736
*	3p	+	55	205252	132588	125999	207553	671392	3672	3549	3387	3490	1337	1721	819	1963	1345	1852	898	2061	1349	1264	625	660	1120	1104	382	396	19964
*	3p	+	56	203183	126154	124278	206010	659625	3521	3599	3145	3223	1236	1724	892	1987	1306	1801	821	1989	1281	1270	619	633	1092	1090	357	422	19219
*	3p	+	57	200926	123733	120677	202699	648035	3495	3449	3191	3303	1243	1712	771	1979	1238	1760	852	2005	1315	1298	614	591	1064	1039	378	415	18470
*	3p	+	58	197166	121675	118292	198890	636023	3391	3415	2979	3207	1245	1544	803	1922	1264	1669	820	2018	1316	1305	575	586	1021	1079	370	411	17740
*	3p	+	59	193394	119444	119181	191670	623689	3502	3391	2874	3078	1196	1623	794	1801	1232	1719	774	1967	1199	1317	584	535	1123	982	364	358	17061
*	3p	+	60	189465	120299	113769	187887	611420	3326	3411	3073	2976	1224	1575	822	1867	1100	1625	802	1907	1130	1266	576	565	1039	963	347	360	16493
*	3p	+	61	187525	113867	112737	185040	599169	3118	3163	2878	2917	1190	1603	741	1797	1159	1579	797	1824	1158	1165	518	602	1017	975	347	351	15877
*	3p	+	62	181314	114464	109106	181928	586812	3130	3134	2785	2887	1144	1527	709	1775	1147	1554	786	1861	1172	1165	582	554	1004	958	345	367	15293
*	3p	+	63	179338	109831	106357	178456	573982	2951	2988	2712	2823	1143	1472	686	1731	1052	1643	757	1822	1170	1113	523	547	1004	1034	341	337	14738
*	3p	+	64	174943	106371	106549	173451	561314	3027	3083	2662	2758	1129	1457	701	1646	1080	1494	738	1779	1111	1128	564	536	981	967	318	339	14188
*	3p	+	65	173079	104557	101908	168832	548376	2910	3009	2687	2750	1119	1384	715	1709	1097	1470	660	1770	1068	1169	496	516	948	915	325	331	13689
*	3p	+	66	168033	102523	99879	165025	535460	2803	2884	2479	2699	1036	1337	661	1685	1005	1519	627	1701	1045	1102	502	500	929	894	324	318	13203
*	3p	+	67	162950	101735	96590	161251	522526	2772	2864	2483	2541	1034	1352	643	1697	995	1360	592	1574	1039	1092	501	489	873	879	334	334	12719
*	3p	+	68	158472	96970	96302	157927	509671	2683	2775	2476	2449	1024	1289	611	1481	937	1379	612	1581	1022	1011	489	480	907	867	307	275	12232
*	3p	+	69	154026	94826	94213	153656	496721	2618	2758	2336	2471	913	1215	671	1517	970	1391	592	1595	1017	942	499	492	823	840	306	292	11746
*	3p	+	70	151107	91836	90081	150871	483895	2510	2628	2331	2338	960	1292	621	1396	940	1319	598	1492	1023	992	462	451	796	772	310	292	11294
*	3p	-	1	177516	148959	176781	197698	700954	14419	2300	3474	3019	1231	1269	947	1477	1567	1224	816	1246	0	0	0	0	69	102	66	67	128327
*	3p	-	2	232747	131581	125950	210891	701169	10451	2088	2004	2494	801	977	462	1400	819	1319	596	954	112	89	30	18	30	41	17	21	128132
*	3p	-	3	214783	125787	147212	213430	701212	6728	2097	2215	2024	726	960	574	1447	959	1016	516	1038	52	70	25	22	20	29	3	11	122982
*	3p	-	4	212957	120675	141522	225599	700753	5217	2100	2196	1914	667	946	591	1265	854	1041	430	1161	219	229	92	56	179	206	54	88	116245
*	3p	-	5	210147	127811	134927	227779	700664	4218	2115	1979	1956	679	971	495	1248	817	1011	505	1114	238	216	86	93	254	210	78	74	108706
*	3p	-	6	205845	132379	129683	232604	700511	5606	3187	2835	3030	1167	1636	807	1965	1150	1507	816	1754	299	269	98	105	310	289	90	83	100599
*	3p	-	7	232177	126648	135952	205709	700486	5800	2822	2905	2793	1036	1371	745	2087	1149	1721	825	1509	351	294	124	114	344	285	79	89	96761
*	3p	-	8	223774	129096	140165	207343	700378	5275	2902	2961	2931	1067	1458	896	2012	1265	1647	729	1550	298	350	132	141	369	308	107	117	92523
*	3p	-	9	229812	128850	141257	200235	700154	5223	2675	3088	2875	1176	1355	857	2162	1218	1745	777	1558	422	433	187	207	463	407	119	137	88126
*	3p	-	10	218267	129844	130832	221175	700118	4811	3124	2806	2781	1173	1488	779	1979	1125	1622	720	1640	450	517	204	177	444	445	142	129	83814
*	3p	-	11	203667	140216	143248	212845	699976	4761	3162	3314	3292	1211	1545	961	2059	1291	1585	872	1765	504	498	224	222	528	457	170	149	79347
*	3p	-	12	210225	135188	144666	209825	699904	4768	3117	3310	3218	1225	1506	910	2095	1350	1655	833	1730	537	566	209	234	539	508	168	160	76283
*	3p	-	13	215348	133796	139266	211380	699790	4655	3056	3130	3017	1156	1455	828	2067	1256	1667	843	1730	547	571	243	248	583	546	180	182	73085
*	3p	-	14	215962	132591	138207	212934	699694	4489	3131	3241	3094	1234	1580	784	2101	1218	1765	828	1683	614	609	278	296	618	537	206	222	70046
*	3p	-	15	214994	133560	139059	211966	699579	4526	3084	3103	3098	1269	1426	845	2020	1245	1641	802	1802	650	623	286	305	642	640	196	222	66963
*	3p	-	16	215301	133227	137787	213125	699440	4296	3129	3145	3187	1215	1605	813	2070	1275	1754	846	1790	703	644	305	316	676	687	226	235	64025
*	3p	-	17	213762	135052	137672	212945	699431	4234	3140	3117	3111	1305	1564	873	2046	1290	1690	895	1779	700	680	361	347	695	677	220	257	61549
*	3p	-	18	212262	134572	138717	213852	699403	4133	3040	3088	2980	1210	1528	779	2076	1216	1667	777	1789	718	780	356	340	705	668	263	242	59105
*	3p	-	19	214378	134362	137256	213296	699292	3869	3119	3120	2931	1174	1510	853	2046	1217	1675	842	1755	752	803	367	351	719	740	245	283	56755
*	3p	-	20	210834	134274	137607	210814	693529	4215	3322	3236	3385	1275	1646	921	2182	1341	1773	839	1878	810	819	378	414	746	755	272	276	54451
*	3p	-	21	209633	133501	136968	211004	691106	4110	3455	3330	3447	1274	1718	897	2064	1389	1861	902	1893	893	881	427	394	803	779	266	274	52275
*	3p	-	22	210762	132681	135474	211179	690096	4020	3283	3402	3240	1228	1668	919	2177	1346	1807	868	1895	885	844	412	447	828	814	272	286	50307
*	3p	-	23	211190	133050	135411	209814	689465	4115	3446	3377	3259	1237	1637	900	2031	1367	1785	928	1927	960	903	431	456	870	833	281	304	48448
*	3p	-	24	210316	133047	134920	210740	689023	4121	3411	3284	3330	1220	1705	855	2070	1314	1869	844	1907	944	967	435	421	868	844	292	317	46606
*	3p	-	25	211116	132214	135114	209958	688402	4125	3525	3335	3235	1289	1748	953	2128	1304	1785	880	1924	980	964	485	466	938	841	318	327	44844
*	3p	-	26	210521	132107	135047	210303	687978	4143	3404	3408	3265	1259	1694	894	2071	1384	1764	917	1989	1027	1052	454	469	915	898	306	357	43155
*	3p	-	27	210229	133016	134944	209491	687680	3976	3432	3422	3389	1321	1733	864	2179	1414	1838	844	2048	970	1026	503	504	962	895	288	340	41586
*	3p	-	28	210342	133006	134036	210045	687429	3807	3503	3262	3245	1319	1638	896	2150	1370	1733	899	1992	976	1082	483	536	919	910	342	338	40030
*	3p	-	29	209661	133311	134333	209935	687240	3966	3429	3290	3264	1262	1733	810	2006	1311	1765	876	1972	1045	1064	521	501	898	929	342	369	38575
*	3p	-	30	210314	133507	134577	208578	686976	4017	3287	3241	3224	1294	1749	903	2116	1297	1861	875	1957	1048	1082	535	585	918	981	360	322	37123
*	3p	-	31	209329	132958	134476	208361	685124	3949	3315	3435	3228	1237	1636	853	2029	1307	1738	907	1982	1095	1087	536	541	943	899	338	370	35689
*	3p	-	32	209383	132161	133996	207768	683308	3930	3328	3273	3406	1304	1646	815	2160	1232	1727	828	1944	1133	1094	537	538	983	953	331	336	34383
*	3p	-	33	207661	132988	133716	207370	681735	3939	3366	3248	3299	1327	1635	886	2054	1325	1786	840	2002	1051	1125	600	542	943	1006	333	358	33060
*	3p	-	34	207131	131763	132743	207961	679598	3843	3380	3271	3306	1258	1643	856	1981	1248	1810	900	1915	1136	1084	541	549	917	994	360	317	31816
*	3p	-	35	207024	131055	132520	206734	677333	3829	3469	3200	3205	1296	1651	800	2004	1357	1853	784	1926	1156	1067	554	491	942	957	382	368	30651
*	3p	-	36	205920	130404	131389	205104	672817	3736	3432	3250	3202	1341	1696	883	2003	1295	1773	860	2061	1096	1102	572	494	946	950	364	358	29534
*	3p	-	37	204849	129569	129628	204147	668193	3785	3304	3227	3282	1253	1609	892	1904	1240	1776	880	2037	1170	1027	535	556	954	994	337	346	28439
*	3p	-	38	202807	129174	128892	202589	663462	3914	3381	3137	3213	1305	1665	836	1947	1229	1772	861	2044	1153	1068	556	511	938	954	340	380	27426
*	3p	-	39	201813	127934	127208	201803	658758	3699	3378	3333	3088	1210	1656	846	1916	1254	1773	905	1900	1097	1112	506	528	950	964	364	333	26425
*	3p	-	40	200306	127654	126252	199585	653797	3693	3230	3258	3227	1228	1706	838	2010	1292	1707	878	2098	1107	1054	535	538	971	939	348	366	25437
*	3p	-	41	197820	125904	125478	198201	647403	3698	3246	3152	3222	1271	1725	852	1892	1291	1752	816	1914	1135	1047	527	530	972	942	344	331	24527
*	3p	-	42	195976	124855	124002	196012	640845	3665	3337	3139	3202	1270	1578	815	1873	1268	1766	776	1924	1144	1062	521	476	918	945	342	365	23664
*	3p	-	43	194180	122696	122908	194240	634024	3546	3201	3072	3117	1259	1583	811	1884	1231	1701	835	1973	1081	1083	501	522	937	947	374	362	22776
*	3p	-	44	192394	121604	121075	191936	627009	3460	3292	3082	3027	1204	1676	784	1930	1231	1677	760	1868	1100	1067	513	520	949	905	337	368	21986
*	3p	-	45	190692	119888	119267	190120	619967	3440	3228	3070	3117	1201	1594	767	1763	1196	1713	766	1902	1072	1076	528	538	962	869	324	353	21200
*	3p	-	46	188126	119116	117181	187258	611681	3400	3120	3078	3077	1217	1642	790	1850	1198	1689	799	1864	1103	1074	514	513	891	932	329	368	20393
*	3p	-	47	186321	116652	115580	184431	602984	3356	3095	2888	2934	1146	1476	775	1743	1221	1642	801	1821	1071	1073	496	524	864	950	317	329	19633
*	3p	-	48	182956	115707	114048	181457	594168	3244	3143	2981	2851	1137	1531	785	1794	1177	1615	735	1831	1087	1032	478	537	934	891	335	326	18894
*	3p	-	49	180361	113132	112191	179407	585091	3228	3109	2903	2863	1125	1464	734	1718	1118	1606	688	1768	1029	1020	498	505	929	943	313	285	18178
*	3p	-	50	178055	111250	109517	177111	575933	3146	2977	2743	2774	1085	1442	812	1661	1085	1551	736	1851	1002	992	512	469	875	887	345	321	17476
*	3p	-	51	174479	110469	108557	173485	566990	3003	2934	2669	2804	1090	1467	712	1755	1124	1517	775	1829	1024	996	497	530	816	913	323	324	16844
*	3p	-	52	172108	107974	106903	170841	557826	3097	2865	2686	2699	1077	1436	727	1730	1086	1427	712	1697	1016	999	504	457	882	836	307	304	16207
*	3p	-	53	168740	106945	104346	168548	548579	2989	2849	2637	2591	1088	1434	749	1670	1085	1538	666	1711	972	1017	482	498	829	805	323	287	15599
*	3p	-	54	166648	104373	102891	165189	539101	2914	2922	2666	2579	1081	1393	674	1618	1057	1427	652	1655	992	1020	450	478	799	855	319	323	15007
*	3p	-	55	163645	102142	101199	162464	529450	2883	2731	2597	2563	996	1396	674	1576	1053	1370	665	1633	1003	993	476	468	863	835	294	288	14493
*	3p	-	56	160385	100991	98517	159712	519605	2762	2799	2498	2620	964	1353	709	1631	973	1375	640	1602	971	956	444	473	800	739	336	301	13966
*	3p	-	57	156814	98554	96750	157514	509632	2801	2735	2528	2461	1009	1368	659	1556	1000	1430	627	1601	910	957	483	456	751	773	283	290	13449
*	3p	-	58	154600	96685	94579	153683	499547	2692	2596	2422	2416	956	1246	643	1563	936	1299	636	1618	888	906	432	480	775	761	253	280	12925
*	3p	-	59	151463	94420	92718	150931	489532	2632	2593	2385	2382	973	1310	610	1497	845	1299	648	1469	894	888	429	439	745	690	278	316	12429
*	3p	-	60	148246	92548	90475	147943	479212	2524	2502	2380	2315	882	1186	613	1376	928	1251	623	1498	891	889	418	425	729	735	276	229	11990
*	3p	-	61	144832	90601	89193	144147	468773	2506	2382	2321	2224	881	1213	656	1412	890	1200	617	1560	838	924	412	411	701	733	279	256	11504
*	3p	-	62	142033	88866	86606	140992	458497	2453	2403	2252	2254	871	1130	573	1384	833	1265	539	1393	778	864	460	439	696	670	250	252	11121
*	3p	-	63	138719	86738	84524	137871	447852	2374	2368	2176	2247	899	1207	557	1324	868	1195	584	1436	881	804	366	411	670	638	246	259	10691
*	3p	-	64	134605	84797	82897	134866	437165	2471	2322	2132	2174	856	1173	560	1348	855	1203	512	1370	764	756	391	422	675	689	228	222	10321
*	3p	-	65	131562	81895	81139	132122	426718	2353	2234	2067	2031	792	1100	586	1255	835	1203	517	1409	758	753	391	404	663	655	241	240	9896
*	3p	-	66	128882	79915	78700	128798	416295	2279	2258	1972	2026	771	1056	533	1267	790	1172	513	1296	804	754	351	365	631	619	222	248	9532
*	3p	-	67	125389	78627	76275	125373	405664	2104	2136	2005	2042	826	1066	549	1280	827	1079	461	1240	696	674	386	389	668	623	186	235	9169
*	3p	-	68	121776	76552	73783	123001	395112	2087	2116	1944	2007	784	981	509	1189	769	1113	501	1284	711	723	381	337	614	624	210	202	8797
*	3p	-	69	119070	74200	71993	119098	384361	1987	2110	1796	1923	797	991	534	1152	714	1066	486	1145	683	718	323	349	588	648	217	190	8491
*	3p	-	70	116108	71646	69985	116031	373770	2036	1994	1874	1916	734	892	486	1134	707	1026	487	1146	678	689	322	289	570	618	249	189	8163
*	5p	+	1	237225	222976	195287	215491	870979	3008	3387	4076	4818	2016	1282	1081	2588	1781	1746	1307	1233	0	0	0	0	156	86	76	72	147586
*	5p	+	2	263163	149562	167965	290501	871191	2863	5007	3340	2561	1027	1467	795	1560	1155	1459	613	1693	162	174	32	35	73	45	23	22	147369
*	5p	+	3	263863	182131	154315	270989	871298	2844	3637	2585	2978	1169	1279	672	1809	908	1308	788	2221	92	91	26	35	36	38	12	10	142222
*	5p	+	4	286572	169221	148795	266057	870645	2854	3315	2528	2803	1077	1267	611	1842	921	1432	625	1904	365	304	116	133	288	291	84	87	135618
*	5p	+	5	288452	162980	160513	258629	870574	2911	3037	2552	2670	1070	1212	668	1719	973	1452	699	2001	316	352	115	142	301	330	90	100	128360
*	5p	+	6	298288	153585	165641	252884	870398	4319	4028	3822	3477	1305	1839	1061	2368	1399	2285	918	2596	320	366	114	148	402	400	94	101	119998
*	5p	+	7	255736	165424	153465	295670	870295	3618	4637	3372	3642	1413	2066	950	2192	1277	1907	980	2699	331	438	122	120	361	482	117	139	115833
*	5p	+	8	258213	171682	162663	277616	870174	3789	4166	3710	3808	1470	1939	936	2068	1465	1953	1024	2693	394	354	154	175	443	490	126	160	111204
*	5p	+	9	247240	175206	155984	291481	869911	3463	4386	3575	3726	1502	2018	940	2104	1402	1786	1037	2699	519	522	193	232	547	575	186	175	106697
*	5p	+	10	280292	158977	159550	270973	869792	4055	4198	3438	3562	1385	1789	927	2377	1433	1933	940	2706	634	599	252	254	641	595	182	184	102169
*	5p	+	11	266043	178331	175882	249443	869699	4122	4038	4020	4254	1621	1846	1126	2591	1586	2096	1164	2697	648	648	284	307	627	613	239	215	97418
*	5p	+	12	260765	181412	167475	259931	869583	4037	4232	4022	4298	1695	1924	1143	2438	1593	1964	1278	2744	720	704	332	300	666	690	256	199	93954
*	5p	+	13	264670	172286	165928	266566	869450	3973	4314	3898	4058	1531	1977	1023	2404	1585	2025	1070	2632	749	745	317	337	694	767	255	228	90362
*	5p	+	14	265472	170635	164841	268317	869265	4103	4300	3945	3967	1500	2016	1145	2420	1524	2032	948	2638	784	797	347	341	777	815	287	249	86875
*	5p	+	15	264774	171974	164988	267455	869191	3993	4252	3735	4060	1554	1871	1057	2368	1534	2166	1092	2686	846	836	358	339	874	767	278	284	83486
*	5p	+	16	265854	170273	165070	267932	869129	4057	4282	3943	3978	1502	1935	1080	2436	1542	2127	1003	2658	879	884	359	387	788	875	300	297	79991
*	5p	+	17	265870	171091	165813	266291	869065	3968	4199	3844	4061	1511	1894	1379	2417	1664	2043	1057	2436	992	963	427	425	880	817	332	298	77295
*	5p	+	18	266520	171057	166875	264449	868901	4005	4252	3784	4038	1504	1913	1063	2424	1427	2051	1059	2549	965	954	455	429	929	916	306	341	74483
*	5p	+	19	265679	170994	166712	265384	868769	4002	4148	3705	3905	1470	1935	977	2395	1511	2068	993	2471	990	990	454	437	943	1028	325	328	71740
*	5p	+	20	263459	170670	165632	263226	862987	4351	4292	4147	4223	1704	2086	1069	2507	1575	2180	1070	2660	1027	1048	524	533	1034	983	360	327	69080
*	5p	+	21	263716	169801	165845	261115	860477	4495	4371	4150	4229	1567	2126	1127	2504	1544	2226	1158	2623	1072	1133	528	573	1019	1090	365	397	66489
*	5p	+	22	264354	168977	164266	261911	859508	4352	4440	4309	4209	1678	2082	1072	2531	1563	2287	1160	2563	1156	1175	540	586	1082	1092	356	373	64240
*	5p	+	23	262377	167999	164677	263935	858988	4518	4365	4225	4221	1674	2087	1129	2638	1551	2182	1062	2642	1191	1221	571	566	1042	1071	370	378	61886
*	5p	+	24	263650	167703	164735	262444	858532	4522	4466	4138	4286	1556	2107	1102	2518	1636	2285	1043	2653	1194	1250	569	584	1097	1111	389	357	59707
*	5p	+	25	263070	168079	163856	262934	857939	4478	4439	4157	4345	1544	2084	1191	2622	1538	2254	1212	2655	1239	1261	608	611	1084	1145	396	363	57616
*	5p	+	26	263833	167050	164313	262305	857501	4505	4433	4091	4201	1651	2096	1061	2539	1640	2244	1138	2566	1227	1298	591	602	1093	1164	424	399	55536
*	5p	+	27	262935	167245	164717	262286	857183	4531	4464	4113	4354	1681	2124	1046	2569	1628	2255	1125	2713	1209	1252	596	598	1106	1161	448	419	53659
*	5p	+	28	263960	166320	164363	262245	856888	4522	4399	3984	4087	1682	2122	1099	2719	1609	2283	1143	2702	1298	1222	598	644	1184	1208	417	388	51741
*	5p	+	29	263069	166937	165547	261171	856724	4470	4311	4007	4109	1589	2105	1078	2593	1569	2255	1061	2561	1327	1235	591	611	1127	1198	452	398	50026
*	5p	+	30	261299	167980	164991	262162	856432	4388	4374	4040	4055	1584	2047	1045	2631	1594	2255	1081	2698	1394	1302	613	638	1185	1229	376	479	48375
*	5p	+	31	261934	167245	164587	260331	854097	4347	4434	4149	4207	1600	2051	1063	2576	1610	2211	1162	2563	1343	1335	707	689	1176	1206	456	444	46688
*	5p	+	32	260723	167027	163910	260258	851918	4501	4346	4213	4216	1602	2101	1068	2577	1673	2189	1112	2637	1362	1401	674	661	1240	1231	453	406	45140
*	5p	+	33	260289	166133	164277	259292	849991	4610	4422	4235	4141	1565	2125	1110	2529	1739	2204	1177	2535	1407	1386	625	721	1195	1275	449	437	43681
*	5p	+	34	260598	164552	164624	257806	847580	4570	4419	4165	4065	1689	2019	1084	2524	1609	2275	1095	2400	1405	1421	669	667	1270	1157	415	459	42245
*	5p	+	35	257799	164774	161927	260525	845025	4635	4333	3972	4176	1565	1993	1047	2543	1611	2278	1138	2554	1445	1441	656	679	1207	1242	508	449	40841
*	5p	+	36	256877	163326	161239	258365	839807	4591	4320	4044	4136	1588	2015	1043	2652	1574	2322	1120	2488	1460	1420	664	732	1230	1228	443	458	39568
*	5p	+	37	255871	161467	160523	256479	834340	4795	4255	4118	3935	1507	2030	1026	2551	1579	2219	1157	2350	1418	1467	708	693	1239	1254	441	482	38269
*	5p	+	38	253541	160720	159823	254551	828635	4705	4394	3973	4148	1605	2077	1025	2560	1677	2255	1184	2381	1463	1411	739	652	1247	1227	443	495	36979
*	5p	+	39	252095	158958	158761	253044	822858	4734	4097	3924	4124	1549	2136	1078	2581	1615	2173	1111	2348	1414	1443	681	719	1212	1183	504	482	35759
*	5p	+	40	251254	157440	158442	250244	817380	4675	4252	3970	4160	1515	2044	1076	2547	1695	2240	1122	2399	1404	1469	660	692	1249	1162	436	447	34598
*	5p	+	41	249065	156905	156237	247773	809980	4763	4106	4046	4032	1543	2065	1089	2504	1565	2174	1053	2328	1433	1440	658	699	1156	1225	450	434	33469
*	5p	+	42	246907	155900	154654	244780	802241	4764	4311	3873	4010	1564	2007	1038	2576	1582	2126	990	2334	1396	1402	692	691	1178	1245	387	449	32430
*	5p	+	43	243728	154059	152191	244288	794266	4664	4170	3831	4021	1496	1948	997	2554	1591	2192	1045	2225	1321	1442	685	669	1185	1155	473	445	31389
*	5p	+	44	241989	150842	151538	241738	786107	4639	4061	3899	3947	1469	1989	1006	2406	1581	2082	1090	2314	1384	1345	679	687	1192	1233	430	437	30415
*	5p	+	45	238942	149451	150479	238676	777548	4615	3965	3808	3726	1562	1978	922	2354	1404	2102	1086	2273	1437	1360	661	701	1170	1189	431	427	29409
*	5p	+	46	237768	146354	147367	236455	767944	4639	3946	3758	3986	1504	1934	1002	2474	1573	2067	964	2200	1383	1270	651	672	1187	1150	411	475	28426
*	5p	+	47	232374	145061	146755	233680	757870	4640	4014	3728	3751	1383	1989	979	2451	1506	2025	1024	2234	1441	1364	589	636	1210	1120	434	418	27512
*	5p	+	48	230614	143015	143559	230427	747615	4578	3866	3666	3725	1473	1926	945	2362	1520	2080	1027	2080	1333	1295	623	688	1177	1134	417	429	26606
*	5p	+	49	227785	140424	142447	226434	737090	4639	3862	3543	3538	1362	1872	946	2232	1405	2036	1002	2095	1370	1222	626	670	1159	1128	410	391	25773
*	5p	+	50	223583	139079	139911	223480	726053	4497	3923	3617	3523	1331	1847	915	2214	1499	1904	995	2139	1388	1254	594	635	1177	1107	383	450	24905
*	5p	+	51	221098	135944	138635	219899	715576	4568	3660	3565	3478	1336	1723	892	2196	1335	1966	1046	1968	1275	1287	631	657	1141	1093	432	418	24167
*	5p	+	52	217960	134186	135587	217231	704964	4346	3709	3475	3340	1411	1830	872	2183	1328	1915	992	1967	1273	1303	671	605	1114	1075	448	418	23414
*	5p	+	53	214704	131721	134317	213302	694044	4349	3547	3397	3353	1385	1717	882	2126	1363	1879	1006	1944	1255	1271	612	626	1080	1033	388	428	22714
*	5p	+	54	211029	129970	131864	209946	682809	4444	3384	3383	3258	1309	1788	886	2062	1410	1866	967	1891	1249	1282	672	619	1105	1036	403	393	21974
*	5p	+	55	207079	127163	130043	207224	671509	4302	3428	3400	3419	1297	1657	819	2033	1271	1879	957	1924	1209	1243	585	637	1110	1010	378	387	21287
*	5p	+	56	204666	124812	127488	202799	659765	4394	3355	3331	3231	1282	1680	880	1977	1280	1778	937	1848	1241	1215	594	599	1012	998	387	422	20607
*	5p	+	57	200853	122291	125610	199453	648207	4225	3399	3212	3336	1244	1658	790	2058	1345	1871	845	1825	1204	1205	564	597	966	987	398	373	19949
*	5p	+	58	196596	120288	123361	195940	636185	4297	3317	3095	3029	1256	1602	813	2070	1148	1725	896	1775	1200	1237	608	529	952	997	378	390	19299
*	5p	+	59	193598	118185	119513	192542	623838	4225	3272	2996	2975	1135	1633	801	1899	1244	1722	918	1744	1170	1182	562	584	962	964	354	398	18679
*	5p	+	60	189670	114594	118383	188897	611544	4188	3138	2917	2936	1179	1631	789	1826	1185	1693	844	1777	1173	1162	556	553	962	929	335	358	18115
*	5p	+	61	185392	113277	115815	184836	599320	4060	3067	2987	2935	1157	1488	796	1916	1170	1640	836	1647	1145	1134	554	553	921	925	349	340	17535
*	5p	+	62	181410	110625	113473	181444	586952	4062	2903	2829	2836	1097	1532	707	1753	1159	1648	814	1598	1153	1096	524	556	966	868	344	338	16994
*	5p	+	63	178230	107753	110579	177732	574294	3917	3024	2733	2700	1065	1526	704	1789	1091	1589	785	1497	1066	1149	532	537	870	849	338	349	16464
*	5p	+	64	173959	106211	108545	172824	561539	3992	2957	2649	2750	1084	1448	712	1885	1117	1510	739	1584	1081	1036	506	531	839	864	315	362	15964
*	5p	+	65	170907	103130	105078	169486	548601	3822	2790	2721	2594	1057	1346	774	1904	1075	1468	762	1413	1042	989	494	545	858	833	307	295	15473
*	5p	+	66	167070	100550	103107	164928	535655	3832	2777	2556	2567	996	1416	745	1635	1098	1398	732	1393	1043	948	462	492	839	791	296	347	15032
*	5p	+	67	163020	97780	100731	161297	522828	3720	2673	2618	2570	965	1402	631	1635	988	1446	697	1396	940	952	486	535	796	781	270	269	14585
*	5p	+	68	158456	94494	99096	157906	509952	3744	2579	2487	2402	945	1317	639	1609	1014	1404	711	1426	921	1011	447	482	764	747	286	276	14161
*	5p	+	69	154166	92731	95549	154516	496962	3565	2632	2472	2363	1003	1266	665	1530	948	1420	697	1265	903	902	441	457	733	734	276	276	13735
*	5p	+	70	151242	90034	93243	149556	484075	3580	2480	2371	2362	935	1262	656	1578	1004	1337	675	1331	893	914	455	426	756	689	275	267	13339
*	5p	-	1	190880	178833	159603	171792	701108	2435	2656	3292	3794	1603	1056	907	2057	1446	1393	1118	1049	0	0	0	0	43	33	38	37	122262
*	5p	-	2	210580	121427	137849	231259	701115	2273	3908	2617	2025	819	1267	631	1153	952	1128	554	1345	8	14	7	14	46	45	25	25	122032
*	5p	-	3	210339	149346	125710	215747	701142	2336	2821	2033	2322	943	1028	503	1358	752	1047	643	1755	11	27	11	12	56	47	17	16	117844
*	5p	-	4	228866	138396	121856	211879	700997	2332	2699	1975	2197	837	948	491	1417	668	1175	553	1443	46	54	45	52	92	83	55	53	112686
*	5p	-	5	230629	132817	130870	206622	700938	2391	2460	1996	2084	755	940	524	1353	738	1098	523	1598	72	71	62	74	123	79	68	72	106835
*	5p	-	6	238042	124624	136020	202219	700905	3482	3308	3075	2722	1065	1365	840	1825	1233	1725	787	2199	101	86	81	83	153	90	65	68	100042
*	5p	-	7	203614	132854	125448	238910	700826	2996	3612	2625	3005	1177	1591	712	1659	1095	1509	814	2182	117	117	81	106	153	167	77	57	96557
*	5p	-	8	206449	139407	131879	223023	700758	2903	3435	2898	3145	1235	1644	794	1849	1148	1548	841	2095	200	177	87	110	192	189	67	76	92761
*	5p	-	9	197971	140389	128580	233694	700634	2885	3595	2957	3106	1191	1643	819	1796	1216	1491	833	2143	231	229	143	130	196	273	90	88	88992
*	5p	-	10	224452	128125	129724	218106	700407	3215	3214	2665	2863	1046	1541	762	1865	1091	1693	736	2065	281	328	177	133	265	353	132	125	85255
*	5p	-	11	212909	144563	141571	201279	700322	3300	3153	3160	3315	1310	1538	906	1982	1265	1727	889	2097	332	420	184	159	310	356	154	140	81281
*	5p	-	12	209261	147100	135453	208423	700237	3218	3343	3152	3351	1356	1581	1383	1805	1211	1627	857	2232	359	417	186	164	355	360	184	147	78436
*	5p	-	13	212515	139260	133729	214560	700064	3350	3483	3168	3200	1181	1549	868	1875	1288	1648	796	2104	393	437	215	180	432	436	171	179	75474
*	5p	-	14	212107	138841	134912	214089	699949	3231	3392	3028	3020	1230	1615	845	1973	1206	1597	849	2185	475	483	208	212	476	475	200	183	72565
*	5p	-	15	213549	138563	133082	214648	699842	3169	3373	2997	3108	1220	1580	840	1877	1247	1563	950	2056	482	498	250	257	506	525	203	206	69835
*	5p	-	16	215853	137391	132978	213461	699683	3240	3313	3123	3068	1224	1534	1467	1908	1207	1616	830	2063	546	527	264	276	554	589	233	221	67019
*	5p	-	17	215005	137716	134050	212793	699564	3308	3353	3030	3018	1165	1636	865	1826	1245	1719	837	2009	574	548	289	267	617	641	213	248	64746
*	5p	-	18	213164	137503	136411	212472	699550	3343	3210	3008	3110	1177	1563	768	1882	1176	1707	818	2092	628	601	288	288	634	624	244	231	62414
*	5p	-	19	212104	138113	134229	215124	699570	3251	3220	3013	3128	1169	1592	768	1849	1215	1735	817	2022	672	610	317	301	664	591	253	205	60225
*	5p	-	20	212055	136285	135535	209846	693721	3499	3551	3391	3357	1312	1651	841	1971	1300	1877	890	2130	720	695	314	346	700	641	250	273	58055
*	5p	-	21	210955	136112	134667	209506	691240	3637	3599	3491	3340	1322	1675	848	1962	1413	1897	976	2054	755	729	358	347	728	700	273	289	55932
*	5p	-	22	210809	136809	133174	209455	690247	3623	3448	3306	3393	1222	1741	895	2018	1310	1772	872	2090	774	763	368	386	747	745	260	300	53965
*	5p	-	23	209838	136199	133115	210548	689700	3476	3586	3220	3289	1198	1650	909	1954	1275	1785	865	2131	801	790	398	367	707	767	310	280	52020
*	5p	-	24	210340	135621	134290	208948	689199	3633	3437	3297	3324	1225	1732	842	2025	1315	1750	908	2014	820	811	430	368	812	772	273	294	50168
*	5p	-	25	209279	136414	134472	208529	688694	3525	3571	3253	3330	1257	1664	870	2064	1223	1819	884	2013	852	831	416	406	755	805	300	272	48395
*	5p	-	26	211082	135372	132906	208869	688229	3671	3401	3243	3391	1301	1777	875	2003	1334	1795	889	2170	907	883	447	406	819	777	312	318	46644
*	5p	-	27	210988	134138	133658	209093	687877	3783	3525	3363	3362	1358	1684	818	2059	1266	1738	849	2052	939	866	465	441	826	859	307	294	45053
*	5p	-	28	209650	136112	132826	208941	687529	3658	3462	3267	3420	1280	1714	950	2005	1363	1788	768	2077	910	980	476	449	873	890	323	321	43549
*	5p	-	29	210214	134899	133820	208369	687302	3616	3513	3287	3211	1243	1626	889	2026	1327	1659	860	2048	1027	999	480	443	908	903	323	341	42059
*	5p	-	30	209244	133574	133908	210381	687107	3542	3413	3224	3155	1238	1685	818	2048	1262	1910	893	2000	1003	982	465	523	862	893	376	318	40621
*	5p	-	31	207356	135916	132132	209733	685137	3591	3469	3242	3468	1285	1685	879	1971	1292	1807	842	1949	1036	1024	512	483	930	927	350	330	39214
*	5p	-	32	209952	133620	133127	206657	683356	3548	3507	3411	3165	1274	1697	834	1927	1268	1757	862	2064	1050	1005	560	542	931	919	362	338	37832
*	5p	-	33	209214	134842	131777	206005	681838	3678	3527	3253	3242	1258	1677	837	1998	1329	1794	870	2026	1037	1087	558	508	895	936	348	356	36632
*	5p	-	34	209863	131722	132373	205653	679611	3763	3312	3333	3219	1286	1703	824	1984	1239	1817	911	2029	1078	1067	541	529	944	914	356	359	35398
*	5p	-	35	208297	131926	130973	206238	677434	3622	3421	3308	3250	1245	1741	850	1998	1201	1830	882	1929	1169	1102	509	552	913	937	357	338	34224
*	5p	-	36	205350	131435	129655	206371	672811	3800	3481	3381	3286	1332	1654	887	1977	1291	1856	847	1987	1151	1137	542	529	988	940	339	356	33121
*	5p	-	37	204655	130576	128990	203937	668158	3773	3355	3592	3181	1268	1650	821	2100	1338	1735	840	2001	1122	1075	574	539	992	968	382	324	32041
*	5p	-	38	202016	127998	129479	203930	663423	4059	3279	3181	3133	1266	1699	825	1956	1225	1743	953	1910	1079	1197	583	542	964	948	338	402	31020
*	5p	-	39	200989	127475	126965	203250	658679	3967	3477	3189	3356	1258	1683	859	2043	1276	1691	860	1853	1149	1129	585	502	962	1006	374	349	30045
*	5p	-	40	200002	126487	126831	200436	653756	3833	3306	3119	3316	1202	1612	830	1892	1273	1794	798	1918	1095	1113	519	523	940	1024	336	368	29085
*	5p	-	41	197433	125460	127798	196626	647317	3975	3363	3203	3232	1261	1629	823	1952	1403	1746	838	1942	1086	1101	530	556	927	1028	348	374	28143
*	5p	-	42	196458	125079	124500	194716	640753	3846	3285	3094	3130	1234	1693	807	2023	1270	1588	857	1882	1115	1079	581	579	943	1006	339	370	27230
*	5p	-	43	193532	122690	123406	194390	634018	3863	3250	2929	2999	1128	1594	790	1968	1205	1686	816	1875	1116	1126	521	508	924	989	343	370	26346
*	5p	-	44	192786	120984	121431	191720	626921	3903	3306	2995	3516	1180	1518	772	1920	1278	1692	775	1806	1110	1101	562	518	938	975	360	373	25540
*	5p	-	45	190483	119361	119143	190799	619786	3739	3194	2888	3148	1174	1537	754	1925	1233	1675	750	1783	1104	1050	539	532	980	957	371	374	24715
*	5p	-	46	187209	116370	119527	188468	611574	3803	3117	2871	2951	1156	1558	747	1823	1156	1584	784	1729	1067	1071	500	549	968	959	356	345	23900
*	5p	-	47	185704	114134	116182	186834	602854	3703	3045	2898	2768	1146	1488	785	1846	1204	1645	737	1676	1098	1122	519	518	924	968	354	346	23205
*	5p	-	48	181961	113341	116335	182368	594005	3725	3173	2851	2820	1125	1440	765	1798	1192	1587	743	1758	1055	1128	516	506	948	1004	347	349	22455
*	5p	-	49	181717	111294	112721	179353	585085	3767	2835	3121	2780	1148	1499	723	1768	1138	1595	754	1632	1090	1058	509	560	879	910	338	351	21751
*	5p	-	50	176581	109800	111690	177780	575851	3816	2918	2801	2784	1084	1459	686	1701	1151	1475	698	1723	1109	1106	510	522	930	870	350	359	21072
*	5p	-	51	173837	108267	109948	174879	566931	3698	2910	2784	2673	1102	1370	720	1715	1183	1463	659	1619	1058	1088	509	531	902	884	332	316	20432
*	5p	-	52	170791	106692	108583	171632	557698	3738	2817	2671	2785	1078	1335	707	1702	1065	1496	760	2257	1027	1048	511	558	951	890	320	298	19800
*	5p	-	53	168782	104980	106077	168604	548443	3570	2753	2705	2600	1043	1433	678	1615	1062	1462	712	1500	1020	1057	505	540	895	870	300	315	19145
*	5p	-	54	166322	101935	104396	166419	539072	3774	2703	2717	2624	1004	1362	719	1663	1032	1413	657	1562	1046	1043	485	537	855	878	280	311	18537
*	5p	-	55	163217	100313	104125	161873	529528	3703	2674	2696	2505	1017	1306	707	1654	1047	1392	651	1444	1066	965	510	511	834	777	293	303	17974
*	5p	-	56	160918	98214	99922	160555	519609	3611	2615	2557	2545	1032	1331	672	1637	1046	1515	667	1395	1010	1029	519	487	830	796	274	271	17437
*	5p	-	57	158565	95450	98565	157007	509587	3531	2565	2540	2396	986	1293	618	1584	962	1391	628	1415	985	957	490	517	772	764	320	286	16884
*	5p	-	58	155404	93662	96193	154240	499499	3495	2499	2555	2398	874	1273	646	1570	958	1401	617	1354	964	987	490	439	779	777	281	279	16372
*	5p	-	59	151266	92463	94927	150791	489447	3430	2431	2410	2361	917	1150	605	1529	933	1315	620	1353	1017	989	465	440	750	787	282	293	15897
*	5p	-	60	147409	89762	93498	148454	479123	3433	2570	2319	2264	927	1286	607	1530	943	1305	615	1338	936	975	482	437	749	771	255	282	15457
*	5p	-	61	145450	88244	90243	144802	468739	3295	2215	2331	2215	863	1190	582	1499	907	1405	570	1282	936	948	459	436	727	756	245	272	15011
*	5p	-	62	142627	85892	89258	140546	458323	3325	2259	2310	2176	869	1138	616	1454	899	1225	560	1211	941	898	460	417	768	744	263	252	14557
*	5p	-	63	139144	83520	86989	138067	447720	3328	2237	2116	2115	838	1158	552	1428	909	1232	527	1269	911	908	412	453	710	718	250	262	14118
*	5p	-	64	134837	82666	84456	135059	437018	3278	2166	2094	2054	816	1151	584	1396	870	1203	509	1178	877	883	487	431	730	721	247	262	13716
*	5p	-	65	131650	79589	83057	132356	426652	3100	2170	2071	2080	793	1044	505	1354	850	1119	513	1247	839	857	422	438	673	722	240	229	13278
*	5p	-	66	128157	77977	80791	129270	416195	3141	2101	2047	2045	757	1048	539	1378	902	1162	546	1069	836	897	384	387	713	648	231	227	12871
*	5p	-	67	125611	75437	79426	125109	405583	3222	2160	2045	1878	770	991	507	1224	832	1098	522	1166	758	808	399	396	640	662	244	246	12510
*	5p	-	68	123026	73705	76273	121964	394968	3134	1950	1865	1845	765	1013	511	1216	752	1052	455	1056	791	809	386	360	657	672	224	241	12138
*	5p	-	69	119208	71943	74610	118481	384242	2991	1920	1896	1880	687	924	507	1231	761	1054	505	1031	756	765	369	361	646	672	223	221	11777
*	5p	-	70	117134	69288	72239	115027	373688	2947	1843	1793	1750	705	962	494	1191	758	982	472	988	775	745	318	358	630	633	217	229	11417
