# table produced by mapDamage version 2.2.1
# using mapped file CviAPal014.merged.L103.realn.bam and reference.ssl.Cvi20k_rename.fasta as reference file
# Chr: reference from sam/bam header, End: from which termini of DNA sequences, Std: strand of reads
Chr	End	Std	Pos	A	C	G	T	Total	G>A	C>T	A>G	T>C	A>C	A>T	C>G	C>A	T>G	T>A	G>C	G>T	A>-	T>-	C>-	G>-	->A	->T	->C	->G	S
*	3p	+	1	953249	752168	939227	1018841	3663485	60355	11936	17166	14287	6003	6353	5037	7137	7604	6718	3976	6282	0	0	0	0	288	319	317	374	695207
*	3p	+	2	1152826	746652	655405	1108747	3663630	41716	11570	10210	13548	4715	5316	2463	6971	4181	6540	3295	5043	61	84	68	65	395	405	198	200	694043
*	3p	+	3	1096345	670307	788360	1108784	3663796	27336	11544	11409	10126	3751	4874	3147	7100	4491	5517	2630	5285	162	130	114	81	322	352	158	204	669967
*	3p	+	4	1097785	652342	756344	1156684	3663155	22138	11412	11037	9710	3607	4925	2881	6810	4298	5156	2527	5538	355	340	320	269	457	489	361	374	639007
*	3p	+	5	1080127	701787	714221	1167016	3663151	18797	11461	10468	10220	3758	5237	2652	6574	4059	5044	2696	5671	478	464	373	359	486	533	361	315	605115
*	3p	+	6	1051563	730122	694991	1186206	3662882	25253	17476	15081	16513	6181	8261	4220	10144	5986	8104	4669	8671	607	651	441	469	533	679	404	350	566296
*	3p	+	7	1186740	685870	720139	1069822	3662571	26460	15552	15548	14671	6007	7453	4407	10241	6034	8602	4235	7909	797	842	472	544	729	764	367	415	547685
*	3p	+	8	1149445	696325	747287	1069257	3662314	25457	15575	15957	15232	5850	7255	4283	10125	6321	8903	4337	8095	991	1035	524	511	808	889	385	451	526859
*	3p	+	9	1188734	693438	746988	1032605	3661765	25457	15130	16012	15343	5796	7101	4232	10453	6265	8599	4447	8065	1221	1200	708	784	1129	899	484	573	505884
*	3p	+	10	1134804	701032	700079	1125111	3661026	23688	16255	15336	14758	5909	7858	4001	9959	5893	8528	4305	8258	1452	1338	778	878	1428	1218	573	607	485269
*	3p	+	11	1072869	734772	757651	1095094	3660386	23986	16837	17494	17049	6647	8243	4626	10312	6836	8532	4858	8806	1744	1544	911	961	1551	1417	756	742	463754
*	3p	+	12	1088304	719832	770279	1081345	3659760	24026	16907	17814	16933	6310	7887	4587	10346	7111	8755	8876	8839	1910	1875	1044	996	1790	1723	748	832	448845
*	3p	+	13	1106966	711732	744803	1095820	3659321	23778	16808	16925	16511	6423	7913	4444	10170	6571	8897	4711	8794	2206	2088	1016	1152	2024	1902	802	804	433303
*	3p	+	14	1106051	718570	747486	1086591	3658698	23560	17181	16783	16368	6340	8022	4429	10508	6587	8779	4558	8802	2301	2303	1180	1229	2196	2133	826	996	417948
*	3p	+	15	1112160	707435	737687	1100822	3658104	22638	16791	16662	16203	6364	7830	4884	10318	6528	8907	4598	8916	2542	2517	1273	1353	2451	2375	976	947	403052
*	3p	+	16	1106541	708939	733810	1108112	3657402	22788	16971	16868	16627	6521	8097	4414	10404	6831	9061	8103	8891	2680	2759	1377	1354	2681	2568	1016	1121	387956
*	3p	+	17	1100176	715146	732486	1108966	3656774	22077	17150	16739	16580	6353	8371	4679	10195	6550	8967	4486	8721	2855	2890	1386	1515	3034	2796	1088	1157	375460
*	3p	+	18	1098438	729912	735927	1092297	3656574	21978	17034	16679	16588	6285	8030	4481	10399	6617	9039	4256	8661	3113	3054	1541	1591	2983	2854	1120	1317	362982
*	3p	+	19	1114837	713151	735491	1092579	3656058	20904	17343	16521	16225	6570	8477	4351	10028	6417	8658	4242	8614	3202	3345	1604	1649	3276	2993	1226	1296	350868
*	3p	+	20	1088584	725667	732042	1096031	3642324	22139	17794	17784	17321	6702	8587	4735	10821	7544	9380	4533	9272	3484	3535	1674	1762	3339	3205	1302	1337	339193
*	3p	+	21	1093104	720466	732281	1090340	3636191	22746	18305	18023	18148	7173	9304	5648	10711	6859	9309	4716	9275	3711	3698	1823	1890	3475	3338	1423	1438	327610
*	3p	+	22	1098901	711223	734115	1089146	3633385	21947	18350	17665	17577	6828	8787	4741	10866	6812	9333	5253	9497	3851	3868	1959	1976	3553	3518	1409	1553	317454
*	3p	+	23	1099021	716096	726980	1089145	3631242	22260	18053	17600	17774	6734	8887	4897	10628	6881	9068	4828	9346	4030	3995	2016	2222	3793	3544	1526	1802	307284
*	3p	+	24	1088119	724823	729380	1087679	3630001	22276	18287	17846	17852	6804	8603	4745	10850	6852	9189	4680	9633	4134	4251	2138	2153	3751	4034	1569	1609	297509
*	3p	+	25	1091129	721731	732828	1082994	3628682	22846	18629	18021	17712	6773	8484	4720	10654	6784	9268	4619	10001	4308	4233	2236	2247	3816	3775	1619	1638	288136
*	3p	+	26	1086094	718806	729210	1093286	3627396	21648	19355	18050	17622	6516	8642	4885	10791	7139	9626	4727	9953	4447	4421	2315	2408	4037	3856	1560	1625	278893
*	3p	+	27	1089634	721467	718882	1096206	3626189	21842	18925	18012	17354	6679	8573	4732	10760	6974	9370	4510	9810	4647	4668	2287	2435	4245	3905	1623	1639	270315
*	3p	+	28	1083535	721080	735011	1085539	3625165	21553	18561	17833	17745	6852	8818	4740	10809	6825	9247	5132	9827	4774	4795	2387	2607	4140	4171	1629	1790	262091
*	3p	+	29	1090710	720199	723021	1090306	3624236	21304	18678	17482	17495	6557	8418	4390	10745	6930	9267	4691	9369	4896	4714	2419	2524	4329	4121	1801	1795	253918
*	3p	+	30	1096288	721191	718348	1087346	3623173	20890	18108	17347	17528	6646	8374	4608	10486	6812	9384	4664	9603	4909	4925	2505	2546	4508	4273	1797	1791	246147
*	3p	+	31	1096593	708444	728110	1080708	3613855	21125	17984	18873	18033	6834	8811	4614	10419	6835	9334	4541	9827	5336	4998	2440	2578	4555	4255	1754	1807	238717
*	3p	+	32	1078513	717919	718649	1090223	3605304	21026	18488	17878	17696	6842	8465	4582	10585	6869	9298	4493	9535	5136	5060	2755	2656	4458	4240	1764	1866	231574
*	3p	+	33	1074013	710665	725622	1087146	3597446	21387	18336	17797	17569	6851	8856	4759	10517	6954	9302	4460	9915	5283	5057	2642	2867	4463	4295	1787	1883	224891
*	3p	+	34	1073504	709754	709946	1092760	3585964	21046	18538	17460	17753	6600	8739	4791	10426	7034	9206	4335	9730	5172	5479	2611	2784	4534	4378	1892	1836	218287
*	3p	+	35	1075067	704373	709946	1084801	3574187	21040	18337	17414	17490	6624	8870	4602	10227	6922	9317	4496	9848	5404	5420	2706	2737	4616	4597	1834	1985	212035
*	3p	+	36	1078056	701496	708361	1062855	3550768	20857	18805	17763	17837	6797	8611	4620	10398	6766	9313	4528	9786	5368	5508	2844	2831	4614	4627	1901	1883	205822
*	3p	+	37	1063842	689652	706200	1066467	3526161	20717	18165	17453	19643	6983	8387	4553	10028	6789	9114	4516	10274	5407	5669	2713	2959	4678	4682	1856	1992	199934
*	3p	+	38	1067575	695754	691721	1045606	3500656	20425	18706	17327	17024	6821	8655	4878	10312	6801	9067	4616	9807	5617	5615	2919	2939	4691	4658	2037	1923	194277
*	3p	+	39	1062051	682951	687680	1042368	3475050	20560	17873	17759	17168	6600	8502	4382	10141	6700	9201	4381	9601	5684	5570	2763	2920	4707	4599	2011	1922	188616
*	3p	+	40	1044720	680809	685149	1039019	3449697	20510	18038	17234	17226	6621	8300	4384	10127	6500	8998	4436	9566	5828	5594	2878	2923	4822	4527	1911	1956	183198
*	3p	+	41	1026069	688174	678199	1023703	3416145	20403	18481	17648	16985	6805	8247	4483	10436	6683	9087	4367	9714	5768	5538	2943	2861	4882	4596	1821	1938	177838
*	3p	+	42	1015993	671371	677874	1016474	3381712	20009	17952	17179	16799	6633	8353	4471	10223	6539	9516	4359	9735	5750	5759	2982	3006	4665	4627	1950	2033	172907
*	3p	+	43	1012672	661488	658974	1014300	3347434	19314	17804	16776	16623	6473	8387	4389	9690	6332	8735	4290	9379	5755	5780	2959	2969	4833	4739	1943	1888	167964
*	3p	+	44	1002986	653098	655774	999505	3311363	19303	17607	19700	16393	6611	8166	4279	9532	6199	8538	4255	9275	5759	5741	2785	2929	4915	4659	1997	1927	163088
*	3p	+	45	997218	643795	643379	990611	3275003	19138	17112	16702	16270	6359	8099	4142	9527	6402	8466	4212	9202	5759	5730	2835	2973	4895	4664	1897	2058	158351
*	3p	+	46	985028	640161	631209	977807	3234205	18722	17583	16193	16360	6306	7971	4277	9467	6252	8425	4156	9147	5656	5656	2951	3022	4788	4561	1995	1986	153744
*	3p	+	47	975321	626076	622393	968253	3192043	18067	16994	15670	16146	6219	7824	4168	9508	6048	8340	4086	9194	5826	5698	2900	2939	4954	4589	1857	1994	149384
*	3p	+	48	954679	627596	618857	947814	3148946	18190	16713	15689	15805	6135	7720	4069	9436	6207	8492	4025	8848	5726	5564	2949	2964	4813	4806	1892	1949	145022
*	3p	+	49	938303	608189	604470	954592	3105554	18107	16572	15337	17597	6026	7686	3871	9363	6256	8302	4055	8859	5746	5599	2871	2901	4673	4481	2012	1921	140729
*	3p	+	50	934296	597616	602533	926894	3061339	17477	16089	15348	15378	5993	7507	3805	9087	5812	7892	4024	8765	5846	5768	2811	3020	4621	4669	1928	1889	136650
*	3p	+	51	918366	598720	591325	910833	3019244	17472	16026	14974	15198	5968	7381	3693	9150	5779	7739	4034	8588	5603	5523	2821	3016	4555	4601	1910	1986	132680
*	3p	+	52	903429	590377	584460	898155	2976421	17141	16144	14963	15126	5632	7321	4325	14296	5750	7694	3927	8634	5628	5585	2952	2853	4601	4651	1827	1856	128865
*	3p	+	53	895399	575802	575623	886664	2933488	16629	15795	14655	15008	5511	7008	3817	8853	5803	7709	3900	8768	5687	5454	2742	2918	4504	4546	1792	1856	125150
*	3p	+	54	882575	571210	559614	876135	2889534	16346	15833	14229	14618	5382	7079	3627	8304	5490	7551	3839	7999	5542	5434	2843	2800	4505	4404	1732	1889	121546
*	3p	+	55	860184	569461	552094	863480	2845219	16721	15398	14298	14784	5383	7105	3621	8372	5400	7342	3729	8073	5403	5386	2848	2839	4392	4326	1766	1832	118055
*	3p	+	56	851838	547579	544027	856467	2799911	15897	15173	13969	14771	5511	7352	3618	8140	5339	7354	3570	8066	5474	5321	2719	2780	4363	4293	1767	1806	114566
*	3p	+	57	843630	540762	530862	838958	2754212	15660	14980	14022	14130	5394	6803	3502	7975	5502	7122	3525	7636	5399	5266	2820	2653	4321	4291	1748	1789	111338
*	3p	+	58	826051	530296	522844	829577	2708768	15249	14467	13271	13910	5339	6679	3442	7860	5203	7092	3588	7838	5237	5194	2722	2715	4233	4114	1771	1639	108134
*	3p	+	59	813858	521780	521304	805648	2662590	14996	14444	12950	13274	5264	6628	3166	7618	5092	7049	3491	7582	5224	5150	2561	2633	4351	4028	1642	1590	104997
*	3p	+	60	797394	522312	504148	792727	2616581	14954	14338	12879	13438	5166	6571	3249	7582	4855	6693	3429	7510	5160	5146	2526	2667	4191	3960	1632	1715	102068
*	3p	+	61	787573	501838	500189	780567	2570167	14456	13666	12780	12957	5102	6895	3193	7511	4789	6672	3405	7535	4945	5169	2555	2721	4012	4060	1573	1635	99047
*	3p	+	62	766744	500862	486673	769128	2523407	14115	13771	12316	13047	4861	6522	3271	7459	4877	6515	3526	7164	5006	4974	2561	2541	3974	3890	1644	1649	96217
*	3p	+	63	758029	486911	475435	755970	2476345	13811	13483	12455	12501	4903	6370	3079	7246	4661	6779	3130	7094	5032	5108	2608	2462	3924	3804	1573	1591	93453
*	3p	+	64	743491	475164	474214	736142	2429011	13749	13242	11995	12181	4905	6017	3080	7033	4674	6270	3183	7008	4855	4914	2521	2505	3811	3851	1526	1569	90727
*	3p	+	65	733812	467987	458661	721313	2381773	13124	13049	11631	12104	4863	5750	3198	7029	4529	6134	3048	6864	4717	4784	2424	2385	3835	3723	1594	1535	88012
*	3p	+	66	719154	458410	449188	707649	2334401	12700	12619	11551	11602	4683	5934	2903	6776	4477	6000	2947	7098	4758	4621	2349	2383	3791	3623	1454	1573	85407
*	3p	+	67	701887	453580	438011	693344	2286822	12536	12534	11496	11880	4465	5678	2928	6980	4315	5943	2850	6541	4610	4545	2340	2219	3686	3577	1569	1461	82829
*	3p	+	68	683260	437820	432771	685846	2239697	12033	12293	11328	11303	4329	5582	2787	6457	4304	5971	2923	6371	4560	4436	2208	2271	3535	3582	1389	1442	80357
*	3p	+	69	667544	430227	426280	668453	2192504	12102	12234	11062	11143	4194	5487	2900	6335	4347	5614	2885	6533	4375	4259	2205	2226	3494	3434	1491	1409	77952
*	3p	+	70	655643	418678	411015	660267	2145603	11511	11808	10594	10693	4119	5376	2708	6206	4141	5500	2698	6156	4231	4368	2143	2127	3380	3366	1425	1406	75655
*	3p	-	1	853552	668652	847851	911958	3282013	58921	10902	16076	13070	5407	5860	4442	6466	6935	6120	3488	5747	0	0	0	0	535	675	327	453	564721
*	3p	-	2	1037090	658920	593310	993964	3283284	40178	10372	9505	12390	4276	4930	2255	6383	3819	5864	3000	4807	710	712	190	175	268	284	124	99	564089
*	3p	-	3	989629	598374	696622	998981	3283606	26002	10557	10350	9444	3292	4550	2812	6576	4163	4832	2347	4995	383	459	181	208	150	155	73	88	542772
*	3p	-	4	982273	578615	673207	1047433	3281528	20887	9940	10306	9076	3281	4710	2518	6159	4066	4717	2385	5183	1043	1119	455	448	853	972	352	365	515471
*	3p	-	5	966527	624140	638097	1052516	3281280	17793	10349	9768	9532	3301	4608	2444	5988	3687	4531	2317	5062	1165	1200	486	507	1137	1007	319	329	485078
*	3p	-	6	950896	636980	621594	1071108	3280578	23314	15442	13630	14495	5335	7368	3630	8918	5443	7095	3841	7616	1370	1341	560	562	1414	1306	391	391	450750
*	3p	-	7	1055723	606414	649216	969041	3280394	24458	13426	14383	13313	4909	6598	3597	9006	5596	7850	3549	7100	1596	1284	556	629	1585	1273	397	434	435097
*	3p	-	8	1028837	617237	667879	966058	3280011	23083	13856	14332	13509	4927	6559	3870	9217	5718	7730	3503	7092	1563	1437	647	667	1609	1454	482	518	417389
*	3p	-	9	1061598	614320	672410	930633	3278961	23033	13295	14673	13904	5084	6301	3866	9252	5745	7916	3621	6890	2017	1880	771	935	2045	1797	623	656	399527
*	3p	-	10	1008346	622065	632793	1015442	3278646	21901	14526	13844	13489	5174	6955	3639	8965	5289	7528	3544	7422	2042	2221	893	926	2114	1998	638	688	381925
*	3p	-	11	955709	659876	680450	982097	3278132	22051	14913	15751	14976	5780	7283	4138	9285	6019	7526	4036	7754	2270	2269	1040	1109	2141	2197	777	835	363560
*	3p	-	12	976823	642501	685155	973519	3277998	21937	14593	15811	15278	5520	7003	4152	9309	6410	7860	4043	7740	2460	2532	1078	1163	2278	2162	766	877	351024
*	3p	-	13	992774	639195	666761	978446	3277176	21851	14903	15030	15130	5482	7044	3910	9425	5956	7814	3999	7853	2672	2587	1251	1290	2553	2506	933	910	338127
*	3p	-	14	995965	638071	663695	979166	3276897	21297	14951	15297	15233	5485	7093	3857	9266	5935	7928	3911	7758	2862	2867	1294	1325	2652	2606	949	976	325595
*	3p	-	15	993688	637488	665346	979992	3276514	20820	14877	15301	14465	5397	7161	3972	9073	5981	7628	3821	7678	2970	2881	1361	1528	2797	2711	964	1093	313112
*	3p	-	16	991879	640758	661638	981836	3276111	20684	15134	15441	15122	5715	7402	3979	9360	6018	8044	3790	7663	3070	3127	1461	1521	2868	2811	1106	1120	300685
*	3p	-	17	988778	641757	662517	982853	3275905	20391	14731	15493	14838	5810	7243	3929	9263	6253	7839	4308	7787	3310	3401	1622	1564	2933	2926	1098	1220	290709
*	3p	-	18	983296	646037	660860	985133	3275326	19639	14775	15012	14726	5611	6999	3942	9063	5916	8042	3814	7724	3495	3399	1660	1710	3182	3207	1174	1195	280518
*	3p	-	19	984638	644590	662780	983019	3275027	19380	14676	15043	14445	5545	7323	3834	9242	5768	7732	3936	7971	3644	3611	1739	1847	3312	3172	1306	1263	270700
*	3p	-	20	979215	643336	660880	977951	3261382	20043	15784	15954	15315	5879	7688	4122	9440	6332	8189	3997	8241	3740	3658	1842	2007	3455	3315	1313	1270	261125
*	3p	-	21	976418	643449	658204	977291	3255362	20279	16182	16372	15702	5997	7730	4219	9678	6399	8316	4121	8408	3947	3987	1930	1788	3620	3459	1326	1366	251698
*	3p	-	22	978814	640774	656397	976594	3252579	19897	16048	16204	15790	5982	7669	4148	9674	6339	8500	3940	8475	4020	4182	2025	2058	3737	3521	1318	1508	243593
*	3p	-	23	983568	639694	655513	972272	3251047	19851	16166	16066	15811	5945	7825	4055	9458	6145	8489	3943	8542	4425	4036	2043	2064	3562	3728	1369	1453	235496
*	3p	-	24	979029	642143	652684	975890	3249746	20267	16317	16098	15666	5872	7736	4173	9717	6284	8421	4020	8738	4306	4205	2221	2110	3719	3712	1488	1496	227796
*	3p	-	25	979092	639536	652910	976527	3248065	19764	15995	16223	15934	5863	7911	4197	9612	6264	8345	4180	8716	4393	4372	2199	2205	3859	3793	1462	1537	220407
*	3p	-	26	978336	640658	652375	975357	3246726	19982	16296	16053	15774	5937	7665	4162	9840	6287	8418	4073	8656	4441	4420	2229	2236	3939	3806	1501	1635	213111
*	3p	-	27	976912	641554	649860	977406	3245732	19586	16394	16275	16056	6035	7765	4201	9761	6438	8475	4081	8861	4534	4418	2262	2253	3985	3860	1548	1619	206437
*	3p	-	28	977142	642014	648770	977011	3244937	19505	16432	16038	15904	6242	7676	4150	9622	6357	8415	4212	8758	4539	4589	2264	2374	4079	3909	1564	1571	199974
*	3p	-	29	975559	642300	650499	975854	3244212	18949	15848	15856	15609	5898	7711	4005	9636	6139	8403	3912	8696	4559	4600	2358	2312	4040	3949	1628	1651	193780
*	3p	-	30	975619	645199	651637	970787	3243242	18963	16184	15820	15566	6004	7412	4139	9495	6144	8181	4035	8623	4660	4662	2307	2415	4090	4062	1674	1649	187736
*	3p	-	31	974153	640602	649772	970395	3234922	19085	16162	15998	15842	5953	7635	4184	9522	6095	8298	4114	8893	4804	4750	2342	2429	4085	4055	1668	1688	181780
*	3p	-	32	971603	640266	647615	967709	3227193	19044	16181	15949	15865	5964	7634	4074	9450	6234	8079	3882	8502	4885	4700	2376	2434	4170	4002	1692	1700	176233
*	3p	-	33	967109	638777	647554	966878	3220318	19054	16025	16062	15625	5882	7775	4086	9411	6046	8150	4055	8805	4833	4918	2460	2418	4116	4114	1676	1643	170864
*	3p	-	34	965315	637651	641112	965988	3210066	18786	16263	15555	15684	5823	7514	4093	9368	5986	8228	3992	8456	4935	4868	2469	2495	4051	4138	1666	1771	165864
*	3p	-	35	965680	632792	640946	960000	3199418	18679	16194	15518	15278	6173	7581	3969	9161	5999	8026	3921	8688	4909	4904	2564	2517	4178	4109	1696	1782	160970
*	3p	-	36	958615	630214	635215	954103	3178147	18835	16393	15765	15660	6021	7602	4134	9224	6133	8052	4097	8819	4867	5018	2493	2563	4231	4257	1649	1674	156185
*	3p	-	37	953909	625609	626832	949751	3156101	18204	16172	15824	15486	6057	7535	4046	8935	5975	8093	4045	8687	4865	5135	2495	2462	4284	4123	1628	1689	151552
*	3p	-	38	947708	620633	621749	942777	3132867	18433	16081	15926	15380	6064	7531	4017	8974	5994	8208	3945	8756	4961	4992	2445	2490	4267	4118	1587	1737	147068
*	3p	-	39	940213	615790	616924	936313	3109240	18130	16039	15564	15577	5745	7480	4037	9036	6092	7819	3968	8768	5043	5206	2549	2493	4218	4313	1742	1725	142769
*	3p	-	40	932082	612530	609452	931521	3085585	17661	15763	15302	15447	5771	7607	4052	8935	5936	8020	3966	8571	4996	5159	2624	2441	4194	4220	1718	1788	138508
*	3p	-	41	922306	604942	605114	922563	3054925	17849	15797	15550	15332	5863	7465	3954	8861	5959	8049	3974	8591	5002	5171	2514	2520	4201	4198	1666	1701	134313
*	3p	-	42	912281	600762	598769	912237	3024049	17988	15771	15080	15081	5812	7406	3865	8692	6006	8012	3920	8355	5060	5056	2600	2515	4145	4075	1743	1692	130502
*	3p	-	43	904411	592727	593328	901962	2992428	17536	15546	14940	15128	5833	7257	3673	8786	5880	7662	3830	9071	5084	5106	2651	2580	4180	4106	1703	1709	126675
*	3p	-	44	896178	585713	585510	892563	2959964	17135	15711	14945	14685	5689	7335	3831	8718	5740	7597	3702	8235	5016	5112	2629	2622	4134	4059	1702	1693	122883
*	3p	-	45	886302	580652	576729	882938	2926621	16796	15718	14448	14568	5541	7193	3807	8614	5749	7709	3699	8135	5008	5072	2638	2618	4233	4113	1655	1708	119337
*	3p	-	46	877530	572187	568218	871444	2889379	16614	15196	14969	14518	5599	7354	3636	8370	5713	7603	3676	8121	4966	4991	2582	2637	4008	3967	1751	1677	115873
*	3p	-	47	867527	563829	559348	860328	2851032	16217	14933	14263	14365	5453	6985	3638	8405	5572	7480	3645	8227	4953	4978	2530	2533	4003	3989	1615	1679	112569
*	3p	-	48	854291	556728	551644	849296	2811959	16270	14794	14020	13956	5323	6904	3704	8198	5428	7445	3474	7927	4963	4998	2480	2530	4007	3971	1580	1674	109272
*	3p	-	49	843075	548313	542846	837472	2771706	15871	14782	13695	13811	5377	6786	3549	7984	5386	7356	3643	8008	4957	4906	2601	2472	3974	3910	1595	1631	106090
*	3p	-	50	829458	539118	536763	825820	2731159	15778	14113	13776	13744	5288	6576	3527	8022	5421	7246	3457	7784	4823	4867	2508	2592	3840	3934	1591	1549	103001
*	3p	-	51	817777	533726	526627	813952	2692082	15584	14197	13588	13522	5114	6674	3551	7804	5161	7024	3516	7661	4851	4877	2539	2432	3805	3943	1554	1566	99954
*	3p	-	52	805416	524410	519998	802864	2652688	15075	14075	13191	13221	5054	6448	3378	7531	5274	7016	3273	7451	4605	4788	2453	2527	3769	3754	1645	1548	96880
*	3p	-	53	794081	518400	511788	788160	2612429	14813	13918	13023	13110	5098	6518	3358	7600	5073	6848	3310	7214	4752	4675	2404	2433	3702	3728	1550	1520	93987
*	3p	-	54	781115	508601	503216	778709	2571641	14773	13770	12924	12822	4796	6332	3285	7580	5114	6567	3250	7365	4634	4632	2351	2441	3608	3742	1564	1517	91084
*	3p	-	55	769921	500293	493367	767336	2530917	14407	13374	12621	12695	4912	6297	3323	7272	4858	6695	3228	7215	4515	4638	2360	2384	3684	3669	1595	1484	88382
*	3p	-	56	756511	492658	485074	754789	2489032	14154	13419	12596	12692	4778	6175	3242	7118	4855	6371	3131	7088	4422	4627	2309	2398	3691	3503	1496	1519	85718
*	3p	-	57	742585	483420	477849	743184	2447038	14021	13053	12486	12198	4630	6037	3111	7131	4876	6458	3111	6996	4322	4366	2337	2379	3497	3545	1485	1437	83179
*	3p	-	58	732141	474871	468013	729747	2404772	13645	12792	11915	11921	4496	6148	3160	6864	4614	6334	3037	7013	4318	4472	2176	2302	3497	3468	1428	1383	80723
*	3p	-	59	718578	466839	459411	717593	2362421	13232	12646	11829	11885	4481	5947	2987	6873	4557	6145	2929	6676	4316	4328	2317	2151	3418	3459	1448	1363	78222
*	3p	-	60	707359	458907	449695	704141	2320102	12910	12367	11645	11661	4502	5618	3046	6706	4459	6094	3065	6620	4235	4369	2232	2204	3262	3433	1402	1406	75884
*	3p	-	61	694699	449321	440716	692404	2277140	12699	12217	11420	11400	4341	5719	2930	6633	4430	6089	2995	6405	4062	4278	2223	2205	3302	3342	1341	1349	73669
*	3p	-	62	680502	441434	433602	678284	2233822	12705	12005	11292	11355	4346	5490	2935	6295	4359	6029	2821	6347	4091	4203	2164	2066	3256	3186	1351	1338	71502
*	3p	-	63	665941	432874	424264	667279	2190358	12158	11688	10753	11080	4183	5444	2849	6309	4322	5747	2695	6224	4063	4187	2033	2086	3125	3298	1300	1337	69376
*	3p	-	64	653666	424120	416626	652566	2146978	12043	11487	10673	10759	4156	5333	2740	6335	4164	5779	2676	6115	3947	4080	2055	2097	3144	3182	1391	1282	67295
*	3p	-	65	640933	413535	407076	641912	2103456	11558	11237	10587	10662	3957	5174	2734	5995	3961	5439	2660	6121	3952	4012	2053	1986	3113	3093	1305	1282	65284
*	3p	-	66	627945	406748	398460	626536	2059689	11433	11310	10446	10273	3965	5003	2621	6114	4059	5391	2807	5911	3782	3855	2043	1886	2980	3057	1302	1263	63309
*	3p	-	67	615448	397888	387926	614798	2016060	11072	10758	9895	10116	3857	4995	2543	5750	3838	5240	2592	5840	3782	3794	1922	1912	2923	3086	1249	1188	61405
*	3p	-	68	600933	391143	379305	601418	1972799	10871	10651	9867	10118	3928	4875	2607	5674	3852	4888	2489	5623	3658	3732	1920	1874	2843	2878	1209	1222	59512
*	3p	-	69	589028	379921	371405	588953	1929307	10824	10375	9485	9789	3722	4818	2508	5427	3757	5028	2468	5490	3555	3513	1874	1830	2764	2831	1227	1120	57670
*	3p	-	70	575318	372054	363935	574787	1886094	10464	10025	9416	9409	3473	4675	2367	5463	3616	4844	2368	5392	3458	3575	1724	1794	2690	2788	1184	1168	55854
*	5p	+	1	990543	949067	776599	946188	3662397	12526	15078	15075	19880	8038	5813	4020	10141	6380	6676	5489	5345	0	0	0	0	831	656	508	364	622932
*	5p	+	2	1118966	649522	755967	1139300	3663755	12704	19156	14573	11111	4152	6041	3550	6232	5134	6186	2624	5941	956	905	201	241	375	332	120	123	622146
*	5p	+	3	1111843	780415	655457	1116560	3664275	12233	14478	10719	12805	4805	5209	2644	6844	3822	5444	3286	7521	570	546	226	194	222	168	103	80	601757
*	5p	+	4	1183160	733679	645708	1099281	3661828	12229	13613	10542	12233	4494	4822	2527	7013	3660	5707	2925	6848	1478	1204	486	559	1257	1043	365	361	576207
*	5p	+	5	1189604	699143	703714	1069089	3661550	12227	12512	10973	11101	4136	4756	2744	6732	3981	5790	2885	7630	1407	1336	494	583	1258	1299	370	378	547466
*	5p	+	6	1218529	676728	714659	1050972	3660888	18117	16832	16653	15198	5753	7215	4311	9465	6054	8874	3988	10287	1505	1491	553	664	1456	1575	435	502	514259
*	5p	+	7	1085524	715100	671328	1188759	3660711	16059	18506	15139	16109	6018	8028	3990	8985	5545	7886	4178	10371	1511	1761	668	615	1442	1763	497	442	497940
*	5p	+	8	1083254	739860	695251	1141952	3660317	16120	17389	15428	16518	6172	7690	3993	9076	5833	7877	4356	10515	1734	1686	727	692	1679	1751	595	513	479365
*	5p	+	9	1034417	748159	680123	1196305	3659004	15286	18499	15350	16527	6233	8431	4005	8855	5836	7657	4243	10626	2121	2236	1005	894	2106	2307	771	669	461036
*	5p	+	10	1145671	697128	691629	1124079	3658507	16950	17792	15124	15603	5974	7820	3796	9528	5891	8290	4034	10145	2427	2325	1011	1021	2515	2309	790	734	442642
*	5p	+	11	1098691	763385	742085	1053779	3657940	17511	17424	17279	17896	6837	7720	4518	9980	6771	8389	4789	10144	2513	2575	1233	1236	2538	2451	1004	924	423822
*	5p	+	12	1085446	770001	718705	1083452	3657604	17019	18230	17312	18128	7010	7953	4582	9774	6333	8217	4964	10397	2859	2688	1278	1258	2629	2658	1051	914	410133
*	5p	+	13	1096053	743460	714534	1103064	3657111	17118	17965	16850	17221	6579	8094	4424	9830	6165	8373	4399	10296	2927	2853	1444	1337	2821	2838	1069	1015	395868
*	5p	+	14	1095513	740282	713149	1107527	3656471	17450	18211	16721	17388	6381	8219	4570	9844	6298	8536	4318	10239	3108	3164	1462	1484	3105	3039	1135	1103	382010
*	5p	+	15	1093452	743357	714217	1105246	3656272	17351	18093	16200	17240	6299	7964	4330	9712	6406	8522	4503	10163	3394	3284	1575	1625	3083	3190	1237	1073	368491
*	5p	+	16	1102113	736213	714865	1102709	3655900	17571	18007	17004	17182	6467	7992	4405	9842	6420	8649	4322	10660	3556	3411	1638	1665	3249	3169	1280	1245	354810
*	5p	+	17	1101414	738273	715614	1100376	3655677	17395	17588	16599	17264	6779	7965	5100	9597	6646	8419	4283	10009	3865	3650	1771	1755	3343	3280	1299	1252	343465
*	5p	+	18	1104025	739809	717752	1093829	3655415	17229	17979	16606	16827	6324	7829	4402	9763	6168	8384	4426	9925	3794	3805	1806	1824	3423	3418	1302	1295	332381
*	5p	+	19	1099807	739265	718382	1097513	3654967	17324	17509	16254	16595	6147	7815	4112	9818	6197	8476	4321	9900	4081	3932	1961	1976	3588	3488	1358	1454	321562
*	5p	+	20	1093361	737651	719386	1090820	3641218	18636	18952	17534	17694	6818	8353	4595	10284	6794	8831	4430	10653	4257	4289	2134	2083	3734	3652	1465	1441	311035
*	5p	+	21	1093829	736157	715501	1089603	3635090	19208	18916	17898	18471	6844	8571	4653	10206	6764	9182	4695	10567	4409	4188	2137	2188	3931	3808	1630	1408	300629
*	5p	+	22	1092087	733701	715000	1091643	3632431	18761	18858	17837	18109	6873	8696	4391	10163	6900	9142	4637	10380	4494	4470	2267	2248	3898	3998	1606	1482	291265
*	5p	+	23	1090119	731024	714533	1095062	3630738	19125	18743	18033	18061	6752	8697	4671	10611	6687	9199	4627	10588	4544	4717	2306	2241	4077	3964	1610	1542	281984
*	5p	+	24	1093595	729197	714348	1092319	3629459	19179	19018	17776	17942	6783	8715	4702	10409	6856	9061	4579	10262	4653	4778	2276	2355	4098	4083	1686	1651	272981
*	5p	+	25	1093469	729166	712295	1092833	3627763	19248	19160	17981	18480	6918	8744	4664	10426	6659	9174	4720	10353	4900	4861	2390	2328	4325	4178	1694	1578	264552
*	5p	+	26	1091852	730413	713106	1091154	3626525	19372	19223	17831	18121	6830	8686	4503	10672	6871	9132	4718	10719	4922	4972	2564	2402	4342	4198	1753	1662	256245
*	5p	+	27	1092754	729049	714019	1089428	3625250	19325	19185	18136	18223	7165	8657	4662	10559	6772	9063	4756	10479	4925	5012	2494	2597	4398	4401	1858	1694	248617
*	5p	+	28	1094801	723578	715206	1090762	3624347	19917	18745	17989	18206	6769	8541	4643	10705	6872	9104	4880	10493	5176	4942	2643	2705	4593	4421	1809	1723	241259
*	5p	+	29	1090920	724687	718930	1089271	3623808	19535	18267	17518	18080	6665	8426	4489	10387	6762	9076	4693	10279	5165	5173	2631	2692	4424	4370	1893	1782	233964
*	5p	+	30	1087255	726999	718401	1090141	3622796	19216	18792	17612	17629	6695	8489	4466	10454	6770	9247	4711	10674	5273	5110	2768	2743	4439	4477	1908	1924	227102
*	5p	+	31	1086246	725248	715112	1086675	3613281	19590	19151	18031	17982	6598	8603	4625	10550	6750	9076	4815	10186	5298	5339	2751	2777	4580	4548	1965	1854	220418
*	5p	+	32	1082747	723846	714379	1083796	3604768	19771	18534	17790	17813	6732	8569	4526	10430	6803	9096	4725	10220	5353	5447	2720	2819	4544	4532	1847	1936	214214
*	5p	+	33	1082655	721935	715297	1076969	3596856	19640	18662	17824	17711	6653	8643	4673	10368	7068	9341	4740	10163	5576	5328	2655	2879	4698	4546	1830	1944	208166
*	5p	+	34	1082783	716686	710556	1075428	3585453	20169	18711	17450	17527	6743	8400	4539	10310	6849	9246	4569	9919	5514	5679	2743	2714	4770	4527	1973	1877	202192
*	5p	+	35	1074427	716224	705709	1077614	3573974	20031	18614	17542	17535	6516	8337	4396	10333	6895	9213	4588	10038	5557	5635	2851	2935	4739	4691	1956	1855	196544
*	5p	+	36	1066390	710712	701818	1071668	3550588	19913	18564	17664	17572	6700	8583	4628	10591	6879	8992	4856	9925	5574	5818	2822	2957	4646	4744	1851	1954	191020
*	5p	+	37	1062069	702499	694363	1067176	3526107	20043	18437	17488	17857	6531	8359	4534	10468	6818	8965	4745	9493	5695	5675	2874	2900	4733	4663	1869	1994	185794
*	5p	+	38	1055809	694439	692272	1058190	3500710	20386	18474	17422	17819	6645	8511	4535	10420	6962	8959	4661	9597	5714	5621	2881	2849	4718	4556	2066	1911	180637
*	5p	+	39	1049436	688994	687388	1049015	3474833	20383	18052	17458	17401	6533	8475	4539	10264	6553	9094	4730	9658	5561	5666	2911	2958	4905	4583	1998	1968	175821
*	5p	+	40	1041993	682798	684760	1039874	3449425	20395	17774	17299	17338	6543	8375	4506	10347	6699	9147	4655	9438	5714	5580	2887	2933	4768	4701	2090	1922	171102
*	5p	+	41	1033107	677151	676571	1029207	3416036	20507	18220	17356	17365	6551	8345	4796	10511	6800	8929	4650	9399	5851	5730	2830	2839	4732	4625	2056	1933	166411
*	5p	+	42	1021458	670688	668907	1020574	3381627	20213	18033	17269	17003	6685	8255	4446	9968	6658	9013	4374	9094	5517	5688	2922	2953	4767	4699	1936	1952	161926
*	5p	+	43	1010406	662932	660556	1013741	3347635	20190	17679	16676	16895	6474	7966	4305	10420	6640	8703	4494	9190	5728	5442	2931	2841	4700	4583	2019	1899	157431
*	5p	+	44	1000136	653120	655869	1002742	3311867	19981	17430	16437	16795	6364	8101	4212	9559	6465	8786	4500	9130	5492	5602	2962	2909	4585	4582	1901	1919	153164
*	5p	+	45	988341	644505	650504	992124	3275474	19927	17194	16489	16578	6304	8034	4171	9632	6223	8848	4311	9171	5712	5650	2774	2922	4609	4669	1883	1869	149069
*	5p	+	46	979235	636619	639519	979331	3234704	20084	17054	15960	16852	6214	8116	4158	9474	6353	8647	4243	9032	5615	5531	2876	2887	4525	4489	1946	1877	144928
*	5p	+	47	963768	627434	631977	969499	3192678	19931	16617	16127	16160	6118	7838	4139	9611	6207	8183	4273	8662	5614	5577	2812	2827	4564	4509	1837	1864	140966
*	5p	+	48	952446	619091	621937	956150	3149624	19618	16676	15617	15938	6154	7862	4040	9459	5962	8375	4290	8617	5532	5489	2843	2821	4527	4420	1907	1923	137057
*	5p	+	49	942364	607857	614812	940932	3105965	19629	16378	15413	15647	5953	7676	4040	9230	5836	8488	4116	8177	5736	5448	2816	2898	4563	4409	1851	1863	133442
*	5p	+	50	925716	601899	603905	930377	3061897	19387	16433	15371	15592	5922	7612	4049	9175	5961	8111	4197	8521	5541	5567	2797	2793	4570	4337	1784	1861	129719
*	5p	+	51	916811	588947	598887	915389	3020034	19212	15882	15353	15304	5800	7482	4090	9237	5988	8051	4026	8201	5381	5466	2763	2884	4376	4193	1855	1831	126273
*	5p	+	52	901944	583823	587744	903618	2977129	19104	15795	14883	15092	5833	7349	3987	8988	5828	7875	3908	8138	5324	5443	2772	2726	4300	4282	1829	1820	122866
*	5p	+	53	890417	573081	581281	889354	2934133	18965	15422	14562	14877	5582	7400	3788	8727	5749	7903	3892	8314	5254	5442	2781	2730	4204	4207	1783	1862	119548
*	5p	+	54	878367	564253	570213	877371	2890204	18964	15420	14714	14742	5564	7156	3816	8689	5647	7572	3806	7721	5202	5279	2718	2742	4182	4160	1713	1807	116334
*	5p	+	55	864001	554289	565207	862369	2845866	18953	14818	14240	14294	5444	6996	3646	8391	5589	7631	3902	7832	5248	5147	2629	2724	4293	4037	1634	1702	113197
*	5p	+	56	850888	544716	554506	850559	2800669	18498	14771	14360	14131	5515	6952	3602	8381	5470	7476	3903	7734	5038	5124	2638	2571	4072	4032	1718	1650	110187
*	5p	+	57	838396	535669	545490	835515	2755070	18233	14806	13640	14135	5405	6964	3637	8273	5389	7258	3733	7508	5041	5001	2633	2589	4104	3909	1636	1635	107139
*	5p	+	58	825637	525170	536770	821894	2709471	18204	14247	13516	13347	5338	6724	3502	8286	5372	7253	3766	7156	5016	4981	2551	2576	3926	3890	1619	1613	104252
*	5p	+	59	812653	516071	525077	809473	2663274	17661	13892	13131	13487	5114	6598	3479	7926	5366	7161	3631	7238	4880	4922	2432	2559	3869	3899	1555	1613	101502
*	5p	+	60	797143	505161	516880	798181	2617365	17524	13692	13192	12971	4851	6573	3468	8001	5047	6986	3653	7117	4897	4632	2505	2579	3901	3724	1463	1622	98874
*	5p	+	61	783301	498680	507865	780991	2570837	17465	13478	12909	12701	4792	6397	3307	7891	5186	6931	3542	6698	4850	4668	2456	2373	3736	3729	1570	1574	96161
*	5p	+	62	769444	487581	499007	768050	2524082	17212	13429	12597	12469	5005	6327	3191	7513	5104	6636	3402	6622	4769	4696	2344	2584	3824	3612	1483	1496	93544
*	5p	+	63	753807	479483	491169	752709	2477168	16817	13107	12305	12308	4688	6227	3272	7573	4811	6458	3364	6785	4644	4751	2361	2471	3564	3488	1498	1522	90976
*	5p	+	64	742163	471820	478216	737612	2429811	16543	12693	12416	12024	4683	6119	3167	7515	4795	6473	3117	6444	4541	4476	2441	2438	3582	3429	1403	1540	88519
*	5p	+	65	729149	460647	468968	723760	2382524	16691	12338	12127	11729	4547	5970	3166	7427	4610	6270	3076	6275	4497	4416	2390	2346	3531	3437	1462	1499	86147
*	5p	+	66	713331	451375	460034	710398	2335138	16130	12426	12217	11560	4404	5858	3150	6960	4828	6280	3269	6214	4485	4283	2368	2318	3462	3376	1405	1453	83827
*	5p	+	67	700405	440435	450272	696344	2287456	15852	12148	11663	11508	4408	5614	2994	6898	4443	6255	3139	6107	4375	4266	2228	2306	3436	3351	1399	1464	81529
*	5p	+	68	686149	428997	443373	681655	2240174	15900	11738	11359	11169	4313	5572	2914	6771	4465	6077	3177	5925	4236	4188	2167	2253	3430	3366	1288	1386	79285
*	5p	+	69	671479	421343	433616	666735	2193173	15439	11558	11379	10831	4220	5463	3041	6626	4401	6051	2894	5668	4088	4020	2201	2108	3300	3222	1321	1314	77077
*	5p	+	70	657988	410641	423293	654276	2146198	15460	11243	10921	10745	4233	5292	2765	6381	4275	5636	3009	5651	3979	4014	2051	2124	3228	3043	1352	1357	74955
*	5p	-	1	882477	850445	704227	845709	3282858	11142	13058	13466	17309	7113	5182	3625	8890	5804	5806	4749	4659	0	0	0	0	293	270	356	267	559012
*	5p	-	2	998880	582898	683033	1018058	3282869	11197	16791	12955	9768	3699	5381	3078	5350	4607	5480	2457	5266	77	74	68	56	351	357	194	212	558130
*	5p	-	3	987575	707885	592765	994882	3283107	10734	12990	9484	10979	4225	4530	2303	5839	3396	4978	3003	6692	140	142	121	94	325	329	173	149	540069
*	5p	-	4	1054951	659402	585543	982684	3282580	10990	11754	9207	10406	3839	4282	2367	6076	3299	5030	2664	6048	332	345	273	325	462	389	322	335	516940
*	5p	-	5	1059302	628800	637706	956647	3282455	11075	10961	9776	9821	3626	4223	2391	5962	3556	4945	2449	6618	437	516	357	352	517	467	327	322	491408
*	5p	-	6	1084851	609448	651521	936425	3282245	16237	15383	14710	13421	5152	6409	4069	8408	5753	7766	3627	9087	577	602	420	451	695	489	306	353	461430
*	5p	-	7	963667	641956	607233	1068955	3281811	14229	16641	12942	14096	5128	7146	3459	7661	5176	7170	3532	9086	797	740	448	442	759	723	443	351	446373
*	5p	-	8	963707	666718	627242	1023892	3281559	14284	15891	14066	14605	5480	7191	3617	7983	5465	6830	3822	9146	909	903	442	502	907	788	455	380	429736
*	5p	-	9	921600	671898	615711	1071700	3280909	13659	16662	13846	14478	5451	7187	3589	7767	5100	6698	3710	9245	1171	1161	684	643	1001	1182	564	431	413170
*	5p	-	10	1019233	627413	624742	1008850	3280238	15256	15265	13432	13802	4973	6846	3577	8249	5210	7253	3475	9160	1313	1433	780	709	1272	1401	627	551	396863
*	5p	-	11	980116	685044	669090	945600	3279850	15563	15357	15274	15997	6053	7123	4122	8464	5976	7833	4056	9173	1600	1796	808	771	1437	1460	702	638	379763
*	5p	-	12	968518	693380	647441	970013	3279352	15204	16241	15375	16049	6165	7074	5344	8417	5800	7407	4025	9493	1775	1875	896	902	1645	1605	776	709	367301
*	5p	-	13	981298	667706	641502	988374	3278880	15452	15915	14833	15185	5669	7336	4029	8625	5863	7497	3730	9099	1937	2051	960	853	1781	1899	796	732	354555
*	5p	-	14	976952	665222	646458	989571	3278203	15815	16152	14761	15096	5789	7246	3888	8684	5605	7552	3812	9126	2103	2118	1052	1040	2070	2135	839	838	342048
*	5p	-	15	984416	663478	639459	990513	3277866	15246	15859	14685	15369	5629	7264	3839	8485	5619	7497	4294	8966	2314	2260	1200	1194	2190	2209	921	900	330092
*	5p	-	16	992412	658440	638164	988336	3277352	15652	15869	15090	14970	5965	7343	5268	8549	5747	7561	3890	8963	2418	2499	1289	1178	2340	2394	1019	967	317619
*	5p	-	17	988911	662227	644272	981481	3276891	15528	15637	14534	15156	5494	7103	3955	8468	5592	7689	3921	8917	2629	2667	1293	1293	2475	2743	996	981	307347
*	5p	-	18	984102	663720	648815	980005	3276642	15780	15734	14749	14871	5584	7118	3780	8589	5649	7512	3720	9064	2818	2781	1398	1415	2642	2627	1105	1067	297311
*	5p	-	19	982414	661511	643002	989331	3276258	15784	15287	14494	14995	5650	7084	3656	8270	5704	7889	3895	8659	3021	2924	1400	1496	2723	2857	1115	1131	287417
*	5p	-	20	980142	659551	647997	974805	3262495	16882	16267	15654	15909	6329	7736	4077	9131	6065	7978	4201	9315	3186	3322	1590	1461	2856	3003	1190	1194	277869
*	5p	-	21	976098	662142	645648	972548	3256436	17075	17005	16320	15938	6176	7774	4232	9127	6143	8624	4534	9072	3354	3370	1658	1630	3067	3050	1328	1260	268530
*	5p	-	22	978218	657594	641379	976497	3253688	16732	16795	15717	15786	5980	7653	4190	9090	6182	8276	4095	9076	3412	3663	1799	1695	3163	3125	1353	1337	259997
*	5p	-	23	975792	656014	642422	977665	3251893	16818	16560	15972	15768	6016	7492	4120	8962	6039	8307	4221	9256	3578	3661	1915	1858	3194	3278	1466	1349	251710
*	5p	-	24	978147	654541	642348	975568	3250604	16992	16651	16301	15844	5930	7727	4104	9158	6167	8016	4086	9208	3717	3862	1939	1800	3420	3390	1433	1322	243640
*	5p	-	25	974313	656134	642955	975620	3249022	17198	16604	15752	16206	5911	7768	3946	9422	6017	8172	4079	9258	3851	3933	2056	1979	3461	3349	1409	1478	235832
*	5p	-	26	977926	655690	641871	972158	3247645	17742	16705	15662	15847	6058	7982	4086	9093	6085	8214	4120	9230	4029	4084	2027	2067	3599	3502	1457	1406	228227
*	5p	-	27	979809	648467	642442	975849	3246567	17477	16579	15756	16031	6058	7822	3951	9222	6070	8272	4111	9181	4236	4205	2121	2055	3614	3647	1478	1437	221275
*	5p	-	28	976099	652699	644367	972488	3245653	17391	16360	15744	15879	6026	7767	4208	9183	6091	8215	4214	9209	4217	4283	2236	2130	3687	3672	1545	1506	214419
*	5p	-	29	974829	651756	644201	973964	3244750	17110	16497	15889	15710	5989	7558	4117	9190	5904	8023	3974	9216	4345	4263	2248	2181	3840	3772	1508	1612	207852
*	5p	-	30	973866	648658	645252	976145	3243921	17199	16274	15515	15557	5972	7596	4086	9173	6009	8121	4043	9004	4372	4380	2348	2257	3792	3875	1577	1551	201543
*	5p	-	31	969277	650852	638464	976844	3235437	17175	16322	16003	16516	5881	7900	3912	8993	6148	8402	4137	9028	4518	4778	2297	2193	3764	4036	1651	1531	195371
*	5p	-	32	970192	645646	643900	967845	3227583	17764	16269	15832	15928	5981	7686	4002	9107	6113	8110	4093	8846	4773	4587	2346	2411	3964	4017	1623	1569	189557
*	5p	-	33	968277	648675	640162	963507	3220621	17881	16606	15781	15597	5834	7814	4067	9147	6099	8300	4050	8904	4732	4564	2509	2470	3988	3933	1765	1562	183963
*	5p	-	34	970881	640492	637432	961482	3210287	18230	16325	15640	15426	6098	7865	3894	9038	6071	8216	4097	8987	4897	4847	2425	2366	4042	4119	1650	1585	178457
*	5p	-	35	964723	639325	634195	961426	3199669	18104	16275	15646	15443	6048	7668	3932	9244	5993	8181	4040	8800	4916	4944	2522	2441	4037	4088	1792	1595	173215
*	5p	-	36	956357	634375	629532	958192	3178456	18265	16408	16032	15671	6102	7501	3967	9080	6076	8177	4040	8736	5055	4859	2537	2564	4079	4062	1704	1654	168262
*	5p	-	37	951550	628874	622480	953243	3156147	18261	16158	16516	15728	5925	7536	3944	9310	6149	8023	4043	8730	5088	4937	2622	2559	4109	4203	1711	1651	163428
*	5p	-	38	941376	620267	623372	947846	3132861	18435	16058	15334	15334	5784	7468	3987	9201	6084	8165	4165	8675	4999	5070	2705	2501	4082	4211	1688	1730	158803
*	5p	-	39	934867	616618	614380	943603	3109468	18065	16108	15240	15493	5746	7651	4006	9112	5912	8100	3926	8493	4930	5108	2574	2558	4071	4282	1788	1625	154238
*	5p	-	40	931047	611842	611715	931000	3085604	18252	16098	15291	15387	5740	7489	3800	8876	5951	8013	3907	8610	5049	5047	2597	2473	4180	4238	1793	1679	149876
*	5p	-	41	918577	605856	610579	919739	3054751	18710	15892	15518	15298	5871	7481	3941	9058	6267	7903	3972	8586	5033	5113	2518	2565	4187	4250	1770	1722	145743
*	5p	-	42	911536	598748	603093	910598	3023975	18532	16063	14836	14976	5772	7616	3898	8828	6050	7927	3811	8352	5087	5159	2441	2652	4148	4123	1771	1670	141681
*	5p	-	43	901076	592302	594076	904765	2992219	18330	15404	14694	15026	5517	7285	3701	8731	5779	7744	3708	8272	5073	5073	2474	2543	4186	4332	1682	1702	137693
*	5p	-	44	892959	584789	587004	894707	2959459	18282	15593	14669	16108	5383	7100	3683	8542	5865	7615	3838	8023	4926	4980	2615	2550	4223	4354	1771	1726	133752
*	5p	-	45	884929	575848	579873	885697	2926347	17861	14947	14713	14490	5401	6999	3788	8546	5804	7726	3818	7895	5058	5062	2678	2425	4207	4154	1768	1813	129880
*	5p	-	46	872212	566010	574076	876664	2888962	18526	15006	14352	14247	5343	6967	3520	8699	5649	7749	3709	7790	4973	5005	2602	2670	4133	4172	1727	1775	126131
*	5p	-	47	863378	557254	563864	866002	2850498	17990	14694	14148	13907	5272	6981	3595	8614	5613	7561	3671	7857	4951	5258	2625	2471	4190	4164	1721	1728	122581
*	5p	-	48	849855	552064	557495	851945	2811359	17954	14610	14076	13608	5444	6948	3678	7966	5547	7341	3456	7699	4969	5178	2634	2605	4284	4139	1694	1695	119170
*	5p	-	49	842109	541335	546853	840888	2771185	17634	14451	14588	13487	5388	7007	3587	8160	5515	7605	3545	7456	4980	5330	2575	2538	4013	4185	1733	1695	115881
*	5p	-	50	826937	536003	539435	828000	2730375	17207	14248	13702	13485	5063	6590	3485	8093	5365	7165	3421	7203	4976	5133	2660	2602	4190	4102	1709	1691	112644
*	5p	-	51	814382	525275	534085	817524	2691266	17252	14255	13637	13594	5114	6371	3529	7996	5169	6949	3459	7270	4855	5137	2564	2461	4225	4109	1659	1680	109437
*	5p	-	52	803115	519123	525575	804059	2651872	17170	13724	13386	13249	5106	6507	3380	7914	5227	6896	3587	8535	4890	5068	2524	2467	4175	4001	1656	1698	106329
*	5p	-	53	790578	510328	517952	792818	2611676	17396	13537	13046	12860	4984	6394	3338	7871	5032	6845	3372	7031	4823	4961	2465	2446	4106	3944	1644	1554	103261
*	5p	-	54	779865	499854	509330	781773	2570822	17192	13366	12948	12675	4833	6277	3292	7689	4803	6634	3143	6874	4808	4760	2424	2495	3991	3966	1661	1638	100249
*	5p	-	55	767231	490950	504451	767464	2530096	16840	13401	12611	12572	4674	6247	3397	7491	4898	6741	3297	6677	4630	4810	2344	2491	3991	3996	1635	1633	97447
*	5p	-	56	758296	483275	492422	754215	2488208	16667	13094	13043	12358	4687	6193	3243	7479	4936	6774	3195	6517	4613	4848	2351	2403	3934	3930	1598	1582	94650
*	5p	-	57	744736	472066	484187	745221	2446210	16533	12713	12560	12368	4683	6168	3130	7163	4661	6499	3141	6516	4489	4676	2285	2417	3799	3873	1556	1569	92028
*	5p	-	58	733854	464175	474333	731631	2403993	16029	12595	11918	11790	4441	5766	3025	7200	4711	6316	2933	6307	4443	4673	2399	2295	3694	3805	1499	1566	89477
*	5p	-	59	715688	460168	466457	719370	2361683	15769	12464	11871	11707	4446	5649	3050	7077	4613	6297	2910	6266	4520	4504	2260	2342	3758	3726	1413	1531	86968
*	5p	-	60	705754	447589	460143	705768	2319254	15849	12261	11937	11299	4285	5779	3021	6979	4568	6152	2896	6087	4479	4372	2202	2213	3696	3639	1507	1521	84486
*	5p	-	61	694558	439104	449513	693270	2276445	15557	11734	11498	11238	4317	5563	2997	6819	4640	6370	2714	5963	4382	4299	2275	2235	3620	3553	1411	1442	82110
*	5p	-	62	682148	429184	443563	678230	2233125	15531	11456	11269	11066	4157	5590	3064	6838	4426	5903	2836	5829	4432	4311	2101	2200	3519	3427	1422	1389	79796
*	5p	-	63	668767	420384	433514	667359	2190024	15493	11089	10995	10999	4084	5561	2811	6556	4317	5800	2719	5866	4368	4239	2123	2143	3385	3373	1324	1309	77626
*	5p	-	64	653459	415166	424020	654020	2146665	15260	11098	10660	10513	3930	5347	2773	6361	4444	5703	2684	5671	4135	4254	2124	2141	3305	3286	1361	1358	75351
*	5p	-	65	639985	405592	415575	641885	2103037	14972	10629	10515	10215	3884	5088	2745	6313	4320	5585	2776	5586	4134	4132	2062	2098	3269	3251	1312	1384	73165
*	5p	-	66	628716	395257	406893	628436	2059302	14285	10528	10568	10079	3749	5091	2736	6474	4377	5639	2625	5319	4051	4083	2000	2032	3223	3141	1294	1328	71027
*	5p	-	67	616263	385846	398731	614921	2015761	14558	10340	10378	9898	3767	4980	2567	6072	3989	5367	2555	5247	3878	3932	2005	2021	3099	2997	1308	1339	68982
*	5p	-	68	604340	378348	388350	601429	1972467	14015	9862	9997	9529	3851	4915	2592	5993	4065	5367	2351	5065	3840	4009	1977	2000	3071	2973	1231	1211	66949
*	5p	-	69	589499	369588	381162	588532	1928781	13994	9849	9746	9607	3724	4733	2410	5977	3824	5357	2507	5012	3855	3850	1923	2011	3050	2993	1182	1240	64966
*	5p	-	70	579702	359894	371361	574796	1885753	13729	9522	9353	9277	3608	4680	2390	5716	3808	5050	2330	4880	3787	3807	1950	1956	2905	2889	1177	1197	63042
