# table produced by mapDamage version 2.2.1
# using mapped file CviAPal012.merged.L103.realn.bam and reference.ssl.Cvi20k_rename.fasta as reference file
# Chr: reference from sam/bam header, End: from which termini of DNA sequences, Std: strand of reads
Chr	End	Std	Pos	A	C	G	T	Total	G>A	C>T	A>G	T>C	A>C	A>T	C>G	C>A	T>G	T>A	G>C	G>T	A>-	T>-	C>-	G>-	->A	->T	->C	->G	S
*	3p	+	1	105421	80987	94523	110594	391525	7367	1223	1805	1704	760	768	556	831	822	736	512	703	0	0	0	0	16	21	18	21	85605
*	3p	+	2	131234	74682	67688	117942	391546	4952	1166	1121	1344	479	562	300	785	454	811	378	538	3	4	2	3	26	31	8	7	85474
*	3p	+	3	121133	69173	81427	119821	391554	3034	1177	1185	1062	411	587	329	821	505	642	288	635	6	4	4	4	17	19	15	11	82636
*	3p	+	4	120346	66588	78018	126521	391473	2403	1160	1157	1031	412	545	292	727	466	588	277	637	25	18	25	33	36	46	20	42	78892
*	3p	+	5	120540	69199	73218	128529	391486	1993	1263	1163	1073	440	579	317	711	440	566	269	679	34	36	23	39	33	44	32	23	74769
*	3p	+	6	115751	74369	69867	131431	391418	2665	1912	1563	1852	666	991	454	1201	651	958	535	1028	64	56	40	42	57	70	38	37	70290
*	3p	+	7	133831	69198	72282	116079	391390	2777	1771	1732	1604	655	888	488	1250	702	961	476	925	83	78	45	52	63	79	47	42	67988
*	3p	+	8	127984	71160	75099	117117	391360	2538	1708	1758	1635	644	849	468	1154	733	1055	486	966	106	107	50	52	82	98	32	49	65417
*	3p	+	9	131499	70219	74874	114669	391261	2532	1637	1705	1601	671	832	473	1230	709	974	554	929	125	125	68	85	133	104	54	69	62967
*	3p	+	10	125826	70441	69483	125425	391175	2265	1822	1567	1543	691	900	462	1125	651	1022	590	975	143	157	84	88	167	145	70	64	60476
*	3p	+	11	118625	74400	75655	122414	391094	2269	1824	1898	1829	784	998	491	1190	832	961	596	1037	198	184	86	101	168	188	88	83	57910
*	3p	+	12	119544	71826	78951	120710	391031	2360	1839	1887	1751	703	909	499	1146	814	1026	1588	978	225	211	137	106	207	198	82	103	56045
*	3p	+	13	123286	71329	75225	121159	390999	2285	1900	1777	1762	716	959	484	1195	764	1039	553	1039	256	264	104	109	224	222	91	84	54196
*	3p	+	14	121981	72144	75046	121711	390882	2303	1930	1736	1773	733	940	497	1186	721	1092	478	1083	294	279	125	130	260	255	102	121	52358
*	3p	+	15	124044	70386	72446	123923	390799	2186	1857	1852	1744	711	983	565	1177	741	1070	524	1058	289	301	131	180	300	286	113	121	50600
*	3p	+	16	122746	71069	72329	124558	390702	2246	1920	1799	1774	739	976	455	1171	782	1073	1093	1049	360	332	170	144	323	345	93	150	48803
*	3p	+	17	122158	71157	72537	124757	390609	2119	1853	1819	1762	724	990	482	1145	776	1076	551	1025	329	394	176	182	364	374	143	131	47210
*	3p	+	18	121807	74474	72815	121502	390598	2162	1961	1725	1835	709	911	504	1227	669	1037	485	1053	399	400	188	179	375	374	124	149	45658
*	3p	+	19	125039	71293	72138	122058	390528	2173	1900	1771	1724	734	1008	498	1186	723	1071	484	973	393	408	183	221	403	375	160	154	44236
*	3p	+	20	119642	73634	71240	121098	385614	2111	2018	1844	1987	741	1014	585	1254	872	1121	512	1039	426	429	190	197	408	402	162	163	42839
*	3p	+	21	120754	71383	71350	120183	383670	2250	2034	1894	1898	794	1145	812	1226	790	1135	565	1083	423	427	215	225	435	407	165	187	41440
*	3p	+	22	120255	69196	72929	120470	382850	2140	1980	1833	1853	739	1035	494	1189	746	1114	689	1149	456	483	230	220	454	508	165	172	40223
*	3p	+	23	121736	70246	70833	119558	382373	2287	1989	1855	1873	787	1082	588	1321	778	1079	521	1108	499	490	239	261	500	463	182	218	39040
*	3p	+	24	119299	72194	70876	119718	382087	2081	2063	1974	1922	814	1027	525	1370	815	1105	475	1166	529	537	243	238	533	520	178	184	37825
*	3p	+	25	119077	71868	71738	119114	381797	2312	2112	1891	1851	727	1068	530	1205	760	1182	519	1137	522	525	283	238	531	488	202	162	36613
*	3p	+	26	118833	70784	70858	121019	381494	2226	2198	1836	1866	699	1040	602	1265	794	1057	473	1158	561	534	294	274	543	532	189	194	35396
*	3p	+	27	119490	70374	69401	122001	381266	2107	2097	1876	1934	760	1075	540	1234	804	1130	508	1118	541	620	255	308	541	566	212	191	34314
*	3p	+	28	118024	70429	73025	119604	381082	2264	2007	1928	1861	706	1017	485	1175	768	1120	595	1147	597	590	279	316	609	551	183	208	33245
*	3p	+	29	118934	71433	70646	119911	380924	2128	2016	1880	1878	786	1039	478	1285	773	1126	472	1080	657	609	282	300	591	596	206	211	32182
*	3p	+	30	120865	70506	69906	119506	380783	2203	2119	1771	1924	724	1010	492	1169	768	1088	476	1093	650	602	317	292	613	592	181	221	31141
*	3p	+	31	119806	68509	72587	118847	379749	2249	1943	1961	1893	770	1103	486	1179	788	1166	462	1134	657	640	320	293	580	562	232	212	30091
*	3p	+	32	117027	70173	70348	121201	378749	2163	2010	1908	1822	732	1078	515	1219	736	1161	532	1127	645	686	315	321	610	610	201	218	29135
*	3p	+	33	117440	68206	71285	120942	377873	2269	1965	1861	1906	735	1026	475	1168	800	1183	505	1086	648	658	312	329	628	630	206	211	28201
*	3p	+	34	117522	68925	68756	121674	376877	2241	2053	1893	1826	821	1038	555	1270	804	1162	502	1163	667	694	340	323	656	620	197	209	27292
*	3p	+	35	118205	68323	68749	120737	376014	2126	1961	1878	1853	731	1047	479	1136	810	1111	506	1164	716	689	325	334	621	580	223	240	26465
*	3p	+	36	120114	68191	68867	116835	374007	2217	2049	2022	1863	757	994	539	1208	774	1092	471	1106	656	712	355	352	627	631	219	201	25635
*	3p	+	37	117258	66876	70006	117893	372033	2165	2028	1886	2246	762	1006	469	1144	814	1164	507	1264	739	748	297	337	620	601	240	228	24885
*	3p	+	38	119284	68147	67014	115419	369864	2136	1944	1814	1897	768	995	599	1174	711	1068	464	1122	745	698	321	361	617	625	246	227	24138
*	3p	+	39	117995	67340	67604	114835	367774	2130	2088	1948	1768	791	1005	517	1243	771	1053	466	1107	745	727	329	321	650	651	229	211	23343
*	3p	+	40	115973	66559	67519	115821	365872	2191	2012	1867	1874	761	999	477	1207	800	1099	455	1087	707	711	358	362	654	615	229	261	22588
*	3p	+	41	114142	68991	66838	113253	363224	2139	2015	1817	1846	782	1011	525	1216	783	1104	478	1082	701	702	315	366	685	627	215	238	21837
*	3p	+	42	112516	66553	68522	112847	360438	2153	2025	1799	1794	772	1031	451	1181	759	1121	480	1065	753	733	322	335	697	613	273	229	21212
*	3p	+	43	113004	64856	65662	114157	357679	2029	1898	1798	1765	741	1001	464	1125	731	1103	495	1098	745	735	336	309	699	641	240	238	20526
*	3p	+	44	112061	64879	66161	111743	354844	2110	2066	2107	1840	741	1008	405	1101	742	1065	477	1041	768	747	298	329	697	623	219	218	19867
*	3p	+	45	113148	63622	64204	110802	351776	2059	1988	1846	1769	790	1079	471	1142	668	1052	464	1035	727	751	332	346	652	677	238	257	19220
*	3p	+	46	111661	63875	62982	110035	348553	2037	1928	1755	1838	721	1001	482	1164	712	1092	453	1093	759	711	354	364	667	656	222	232	18557
*	3p	+	47	111222	62566	62188	109126	345102	1976	1813	1662	1714	705	993	424	1122	659	1042	447	1048	754	751	375	326	638	656	230	257	18020
*	3p	+	48	107573	64589	61860	107453	341475	1980	1877	1694	1688	699	969	439	1191	693	1027	431	1068	733	710	375	325	676	684	188	229	17437
*	3p	+	49	106394	61384	60758	109321	337857	1958	1828	1653	2248	688	973	445	1175	731	1041	473	1023	764	709	327	310	668	636	190	232	16857
*	3p	+	50	107184	60073	61046	105855	334158	1986	1814	1659	1694	697	945	425	1105	695	997	419	1005	756	724	343	342	655	679	209	212	16326
*	3p	+	51	105013	61959	59993	103630	330595	1923	1810	1640	1644	682	912	440	1107	640	936	470	1039	780	661	333	346	665	652	234	227	15757
*	3p	+	52	103105	61334	60027	102454	326920	1942	1833	1621	1702	632	892	570	2593	616	974	449	1039	744	696	307	329	641	688	212	253	15235
*	3p	+	53	103888	58508	58939	101847	323182	1802	1791	1618	1648	639	911	413	1016	655	914	443	1109	725	683	298	359	646	641	224	217	14699
*	3p	+	54	102489	58478	57448	101012	319427	1767	1762	1548	1578	663	912	421	958	681	967	404	975	726	694	310	316	688	629	201	206	14188
*	3p	+	55	99607	59325	56521	100129	315582	1829	1743	1562	1591	655	879	410	1034	686	957	413	946	751	634	330	306	672	637	195	200	13719
*	3p	+	56	98426	56533	56329	100264	311552	1817	1733	1478	1597	612	931	412	956	607	973	404	942	730	644	311	344	635	624	203	201	13229
*	3p	+	57	98533	55591	54360	98958	307442	1700	1683	1499	1615	646	875	398	996	654	950	396	929	649	700	342	324	630	633	191	202	12756
*	3p	+	58	96432	54591	54304	97945	303272	1768	1678	1499	1551	585	862	412	948	619	911	397	962	677	712	281	336	615	639	237	191	12287
*	3p	+	59	95107	54132	54960	94697	298896	1740	1621	1510	1488	578	794	355	952	622	886	342	910	739	683	313	270	668	586	222	202	11908
*	3p	+	60	93584	55296	53160	92618	294658	1771	1625	1487	1543	599	853	396	946	578	839	412	914	710	648	306	311	658	584	184	220	11539
*	3p	+	61	93108	52715	52498	91877	290198	1630	1611	1390	1520	610	815	358	967	561	842	384	916	680	664	269	283	608	578	217	191	11172
*	3p	+	62	90128	53510	50993	91084	285715	1623	1603	1376	1475	608	831	354	860	576	828	375	856	691	654	303	289	548	578	195	194	10809
*	3p	+	63	90048	51400	49944	89705	281097	1544	1538	1393	1465	528	779	395	923	510	833	362	913	660	642	272	296	541	582	196	162	10429
*	3p	+	64	88617	50002	50518	87290	276427	1603	1565	1413	1435	508	785	365	833	569	842	384	832	638	616	294	282	536	555	166	204	10092
*	3p	+	65	87991	49933	48434	85421	271779	1502	1547	1295	1339	591	721	386	850	539	775	318	804	632	644	270	251	605	517	161	182	9752
*	3p	+	66	86612	49015	47630	83808	267065	1507	1508	1297	1320	568	738	312	829	539	794	336	857	639	600	287	259	548	505	191	179	9461
*	3p	+	67	83513	48745	47106	82973	262337	1514	1467	1313	1309	546	689	352	915	559	829	330	783	602	633	291	286	507	515	189	196	9125
*	3p	+	68	81943	46675	46943	81919	257480	1424	1500	1266	1339	531	745	317	814	530	732	315	784	610	598	297	270	503	512	159	211	8794
*	3p	+	69	80145	46252	46711	79593	252701	1423	1469	1330	1279	433	668	332	803	560	755	326	808	636	574	236	291	472	501	171	188	8483
*	3p	+	70	79367	44762	44577	79006	247712	1343	1384	1218	1177	530	745	312	740	493	723	324	759	583	601	261	276	474	487	180	151	8207
*	3p	-	1	87514	65140	78222	89556	320432	7178	1021	1456	1431	557	590	421	728	645	678	360	630	0	0	0	0	24	29	18	22	68239
*	3p	-	2	107970	58347	56572	97596	320485	4633	967	910	1097	424	470	238	674	410	610	251	470	35	28	9	6	14	18	7	2	68151
*	3p	-	3	100798	56330	64336	99039	320503	2870	979	946	917	330	478	245	614	415	499	220	477	16	21	11	9	6	13	3	2	65626
*	3p	-	4	99474	54182	62034	104545	320235	2141	903	913	820	276	463	240	595	393	481	223	551	99	124	32	44	106	99	45	42	62410
*	3p	-	5	97496	55989	60427	106305	320217	1823	900	933	844	327	445	252	542	405	463	214	538	108	109	43	44	143	105	33	31	58958
*	3p	-	6	96179	58034	57601	108361	320175	2363	1549	1381	1375	549	767	332	895	554	757	396	834	155	128	59	69	138	126	48	41	55068
*	3p	-	7	107516	55735	59198	97695	320144	2382	1364	1424	1313	472	715	374	948	554	874	325	785	156	127	48	66	168	136	43	39	53320
*	3p	-	8	103959	57868	61268	97023	320118	2125	1361	1432	1300	509	698	378	870	571	840	386	782	144	145	72	68	149	159	50	52	51234
*	3p	-	9	106522	56788	62071	94594	319975	2108	1411	1406	1330	526	674	397	960	570	893	360	758	211	182	85	96	220	218	57	58	49159
*	3p	-	10	101234	57250	57766	103689	319939	1904	1424	1370	1278	502	710	343	892	550	802	346	781	183	232	107	89	227	230	62	71	47107
*	3p	-	11	95509	61632	62679	100059	319879	1976	1499	1498	1394	659	729	424	908	646	798	433	789	225	280	100	86	241	257	75	77	44946
*	3p	-	12	98231	59049	63239	99270	319789	1888	1452	1544	1473	578	738	478	974	662	824	375	833	235	273	119	112	273	281	91	96	43510
*	3p	-	13	100349	58954	60686	99747	319736	1904	1483	1486	1456	605	746	410	891	593	844	373	872	278	261	127	104	312	275	106	101	42007
*	3p	-	14	100831	58297	59975	100611	319714	1890	1566	1519	1452	586	813	392	924	583	884	425	826	317	316	142	131	303	305	101	105	40525
*	3p	-	15	100867	58424	60487	99929	319707	1894	1496	1473	1460	596	821	402	917	597	812	395	805	332	338	155	158	310	321	103	89	39081
*	3p	-	16	101250	58471	60143	99792	319656	1839	1610	1471	1506	592	815	415	974	611	879	411	827	333	358	169	146	310	322	129	107	37542
*	3p	-	17	101159	58819	59845	99810	319633	1806	1432	1533	1449	628	756	400	967	635	783	471	866	333	399	146	172	339	324	110	124	36336
*	3p	-	18	100129	58993	60262	100177	319561	1839	1441	1420	1354	580	786	383	921	621	862	440	832	369	377	165	184	353	353	117	145	35091
*	3p	-	19	99911	59176	59938	100445	319470	1746	1499	1405	1382	535	755	372	936	632	836	364	916	441	404	196	170	404	396	114	145	33919
*	3p	-	20	98429	58368	59271	98467	314535	1793	1538	1574	1526	632	834	380	938	609	887	412	919	393	442	206	215	426	416	124	132	32861
*	3p	-	21	97534	58104	58688	98246	312572	1881	1700	1602	1525	572	848	443	1039	627	933	428	904	464	454	220	202	446	424	158	144	31725
*	3p	-	22	97612	57080	59035	98091	311818	1833	1617	1551	1605	652	840	393	995	628	925	407	947	486	472	212	214	455	443	156	167	30752
*	3p	-	23	98407	57705	58009	97307	311428	1891	1703	1624	1560	622	831	421	1009	669	861	398	939	504	435	231	228	436	467	158	151	29717
*	3p	-	24	97246	58027	58175	97737	311185	1819	1677	1524	1512	587	797	415	1016	629	932	404	970	497	498	222	225	459	451	167	148	28705
*	3p	-	25	98220	56743	58194	97686	310843	1861	1622	1606	1590	608	862	410	1003	634	846	416	956	507	509	212	209	490	440	156	165	27731
*	3p	-	26	97846	57091	57904	97778	310619	1829	1663	1639	1524	608	834	425	971	678	975	369	935	508	524	231	250	458	465	158	152	26830
*	3p	-	27	96891	57472	57945	98047	310355	1851	1629	1539	1566	613	802	389	962	668	905	423	919	534	536	219	218	509	508	155	152	25960
*	3p	-	28	97227	57288	57699	98015	310229	1832	1626	1563	1451	648	825	445	983	605	924	415	1004	518	535	248	232	472	493	180	172	25091
*	3p	-	29	96897	57805	57725	97665	310092	1764	1686	1511	1466	599	857	418	1000	659	915	397	910	526	511	223	243	489	464	207	181	24283
*	3p	-	30	97093	57581	57932	97386	309992	1891	1676	1523	1542	645	802	419	981	633	967	397	984	514	541	262	279	489	493	178	151	23517
*	3p	-	31	96604	57252	58028	97204	309088	1816	1584	1555	1571	595	832	416	981	603	882	412	898	581	554	250	264	508	529	185	144	22829
*	3p	-	32	96625	57062	57627	96935	308249	1856	1680	1494	1563	651	805	409	1033	633	907	405	966	562	554	252	282	512	540	188	184	22132
*	3p	-	33	96252	57237	57419	96635	307543	1847	1575	1482	1507	691	884	460	1001	617	934	431	882	547	562	287	259	496	594	184	178	21408
*	3p	-	34	96544	56980	56858	96399	306781	1763	1610	1495	1454	586	845	401	942	546	900	387	872	609	551	255	257	537	532	185	169	20811
*	3p	-	35	96970	56518	56918	95523	305929	1764	1595	1519	1544	656	858	412	975	616	876	404	899	613	571	256	293	529	561	180	168	20138
*	3p	-	36	95982	56211	56721	95365	304279	1827	1642	1549	1430	659	867	441	923	637	873	398	956	586	537	276	248	508	535	192	184	19536
*	3p	-	37	95452	55593	56364	95285	302694	1816	1600	1460	1521	608	871	399	977	601	887	389	965	563	569	284	272	533	509	180	197	18896
*	3p	-	38	95022	55273	55926	94671	300892	1824	1622	1543	1494	573	797	389	972	638	906	424	1019	577	537	284	260	532	550	179	205	18319
*	3p	-	39	94480	55575	55253	93917	299225	1763	1648	1526	1502	616	807	425	961	601	939	395	885	597	603	272	252	494	571	202	183	17745
*	3p	-	40	93614	55092	55241	93656	297603	1719	1598	1529	1449	595	841	404	957	582	853	439	909	592	595	283	261	521	531	205	211	17175
*	3p	-	41	93023	54694	54694	92883	295294	1733	1617	1515	1488	607	851	374	990	615	914	380	965	568	558	290	268	542	512	182	198	16659
*	3p	-	42	91843	54250	54164	92658	292915	1762	1651	1592	1463	577	789	368	899	609	883	404	917	561	555	267	264	538	514	197	182	16198
*	3p	-	43	91407	53748	54302	91131	290588	1781	1562	1424	1461	611	818	411	950	621	836	359	919	567	592	259	276	529	551	177	183	15705
*	3p	-	44	91202	52722	53353	90868	288145	1757	1580	1444	1492	554	802	364	941	584	871	368	862	582	600	251	275	541	527	201	193	15183
*	3p	-	45	89691	52894	52769	90310	285664	1669	1561	1450	1464	605	802	359	936	602	899	379	910	540	609	279	283	533	547	206	186	14671
*	3p	-	46	89196	51985	52076	89563	282820	1701	1616	1515	1410	573	765	363	928	588	864	368	861	588	527	255	284	528	535	175	179	14212
*	3p	-	47	88585	51390	51624	88152	279751	1640	1493	1465	1378	554	775	374	934	577	814	369	909	594	533	257	309	530	497	210	191	13745
*	3p	-	48	87417	50864	50982	87544	276807	1621	1485	1413	1404	590	770	396	830	577	822	345	926	575	566	269	283	521	508	172	178	13306
*	3p	-	49	87202	50035	49817	86634	273688	1623	1426	1320	1359	560	866	383	930	585	825	341	881	586	561	230	234	543	498	178	161	12878
*	3p	-	50	85545	49760	49760	85417	270482	1613	1476	1422	1394	541	826	363	857	592	797	364	868	558	538	297	279	505	511	199	160	12473
*	3p	-	51	84517	49467	48931	84407	267322	1543	1400	1431	1332	568	784	392	884	532	832	365	874	584	585	274	243	493	507	171	198	12043
*	3p	-	52	83304	48763	48816	83369	264252	1572	1500	1308	1316	532	740	336	894	517	795	349	816	515	543	273	265	521	467	158	161	11676
*	3p	-	53	83021	48311	47794	81853	260979	1513	1345	1391	1260	532	740	346	849	469	765	330	817	533	519	262	238	468	482	177	163	11330
*	3p	-	54	81744	47417	47001	81410	257572	1476	1404	1326	1291	536	710	378	831	542	734	337	781	573	515	239	265	494	473	175	176	10922
*	3p	-	55	80187	46932	46770	80408	254297	1511	1393	1329	1286	514	717	346	783	524	808	335	785	535	535	233	235	453	451	163	159	10600
*	3p	-	56	79274	46221	45801	79436	250732	1445	1406	1232	1222	502	696	349	874	520	716	353	784	537	494	240	252	422	445	189	142	10228
*	3p	-	57	77891	45863	45060	78478	247292	1376	1402	1254	1272	546	722	319	738	513	751	304	756	533	488	232	226	433	403	149	150	9906
*	3p	-	58	77110	45061	44641	76919	243731	1339	1313	1225	1244	470	666	344	735	505	759	334	727	490	489	221	253	423	429	139	142	9567
*	3p	-	59	76207	44112	43713	75955	239987	1365	1317	1212	1224	502	671	336	747	465	764	296	743	472	465	233	215	437	422	146	151	9290
*	3p	-	60	75071	43578	43049	74527	236225	1364	1299	1180	1180	456	644	328	781	469	662	324	775	495	499	208	191	415	420	155	162	8987
*	3p	-	61	73435	42964	42498	73561	232458	1286	1277	1104	1157	476	677	368	721	479	685	301	758	457	475	237	208	411	392	180	158	8692
*	3p	-	62	72217	42083	41873	72491	228664	1408	1239	1109	1163	543	644	345	690	493	741	300	726	416	500	228	231	409	396	140	148	8389
*	3p	-	63	71466	41589	40926	70839	224820	1284	1230	1120	1128	450	650	341	662	467	692	264	705	480	511	218	216	418	385	145	138	8117
*	3p	-	64	69918	40730	40429	69783	220860	1289	1185	1053	1117	482	616	305	704	412	618	273	715	441	463	218	230	426	390	142	149	7840
*	3p	-	65	69036	39338	39686	68831	216891	1176	1195	1125	1120	425	589	322	652	470	643	298	755	448	470	221	212	433	394	127	121	7532
*	3p	-	66	67143	39147	38710	67882	212882	1192	1210	1059	1090	444	568	287	681	428	627	307	662	435	427	201	195	391	389	158	130	7277
*	3p	-	67	66365	38543	38054	65968	208930	1223	1153	1015	1113	446	613	289	627	405	594	283	636	414	415	209	189	398	357	138	134	7050
*	3p	-	68	64710	37918	37250	65009	204887	1117	1132	1008	985	417	573	286	645	444	586	305	640	394	419	189	200	393	341	136	141	6785
*	3p	-	69	63354	37212	36619	63752	200937	1146	1120	985	1036	432	595	258	569	449	562	290	635	393	411	176	185	333	338	146	136	6532
*	3p	-	70	62355	36402	35867	62133	196757	1111	1100	966	1001	370	540	265	589	413	600	269	636	399	425	173	187	341	356	122	133	6292
*	5p	+	1	107551	95785	84592	103570	391498	1336	1582	1712	2072	875	679	461	1187	798	833	550	630	0	0	0	0	39	34	11	23	78023
*	5p	+	2	119982	65557	73496	132516	391551	1310	2275	1468	1115	474	722	359	678	529	711	286	704	61	44	8	9	16	20	1	5	77887
*	5p	+	3	119691	78567	67845	125491	391594	1262	1588	1087	1317	518	595	284	844	460	606	346	890	25	24	11	9	6	13	3	2	75578
*	5p	+	4	130319	73320	65677	121985	391301	1257	1491	1133	1252	462	546	263	836	391	650	340	780	152	94	44	47	137	118	27	36	72618
*	5p	+	5	132570	71320	69361	117988	391239	1298	1358	1119	1168	446	545	265	792	389	636	325	773	144	140	39	49	145	163	40	32	69312
*	5p	+	6	137120	66276	71514	116232	391142	1980	1812	1767	1625	649	877	459	1084	691	1060	451	1122	172	166	49	56	173	194	53	58	65533
*	5p	+	7	119139	70841	66905	134260	391145	1650	2039	1521	1726	645	893	426	1026	614	917	468	1143	156	180	76	52	149	217	55	54	63633
*	5p	+	8	119824	74343	70295	126642	391104	1732	1875	1623	1854	662	926	436	1011	653	929	514	1130	212	179	87	80	207	197	51	62	61445
*	5p	+	9	115191	74808	68332	132594	390925	1593	1975	1631	1801	741	906	477	995	655	939	477	1180	261	226	100	96	261	283	72	79	59349
*	5p	+	10	128814	68813	68960	124307	390894	1841	1878	1569	1680	635	860	406	1127	686	974	447	1120	307	257	109	141	317	247	83	80	57255
*	5p	+	11	124046	76227	75877	114646	390796	1936	1894	1879	1946	707	895	449	1176	776	1041	575	1180	324	308	125	143	308	307	104	106	55018
*	5p	+	12	121602	77622	72261	119264	390749	1947	1971	1908	2053	827	913	563	1150	743	968	687	1113	351	296	124	151	346	295	109	120	53453
*	5p	+	13	122479	73868	72085	122281	390713	1946	1896	1813	1874	687	908	491	1181	728	1050	491	1130	360	327	134	158	310	354	134	109	51722
*	5p	+	14	123231	73140	70841	123404	390616	1948	1993	1853	1852	712	962	522	1192	729	1038	470	1152	407	403	165	186	389	382	118	116	50026
*	5p	+	15	122304	73676	71129	123455	390564	1845	1943	1733	1860	701	916	493	1178	729	1044	465	1112	422	444	184	170	373	428	133	122	48428
*	5p	+	16	122782	72933	71493	123342	390550	1953	2030	1864	1854	714	946	471	1223	736	1090	448	1162	424	464	191	193	382	421	126	139	46792
*	5p	+	17	123714	72811	71292	122673	390490	1946	1890	1809	1790	739	979	704	1107	822	1006	423	1088	506	427	202	200	454	433	121	122	45496
*	5p	+	18	123350	73830	71518	121743	390441	2006	2030	1752	1834	669	904	464	1135	731	992	432	1090	439	444	217	228	446	433	148	152	44138
*	5p	+	19	123714	72451	71862	122294	390321	1916	1932	1690	1819	713	946	506	1190	643	1010	493	1085	490	536	205	250	504	487	155	151	42782
*	5p	+	20	121029	72393	71231	120807	385460	2015	2045	1787	1878	766	1050	486	1189	718	1081	520	1152	565	523	247	235	491	472	167	159	41507
*	5p	+	21	121486	72108	70251	119617	383462	2148	2048	1974	1988	798	1070	495	1169	725	1092	555	1206	597	541	232	262	543	511	165	184	40277
*	5p	+	22	121204	71547	69860	120143	382754	2105	2084	1933	1899	751	1004	528	1196	793	1101	489	1170	549	553	276	256	529	518	169	180	39202
*	5p	+	23	120682	70827	70020	120737	382266	2112	2016	1893	2043	781	987	462	1238	771	1125	483	1217	618	576	285	231	561	554	181	182	38086
*	5p	+	24	120605	70634	70663	120070	381972	2134	1997	1861	1871	727	1025	493	1207	720	1099	520	1212	642	603	243	276	583	566	199	184	36946
*	5p	+	25	121099	71307	69150	120072	381628	2072	2047	1802	2017	766	1018	624	1273	785	1127	524	1187	609	647	259	273	529	606	220	199	35903
*	5p	+	26	120798	71166	69983	119414	381361	1983	2091	1922	1955	791	1046	484	1177	762	1089	529	1163	616	606	280	277	589	585	225	193	34856
*	5p	+	27	121152	70819	69651	119534	381156	2013	2040	1950	1923	841	1047	487	1257	741	1100	463	1156	657	607	262	284	559	627	226	209	33882
*	5p	+	28	121407	70085	69852	119652	380996	2225	1970	1853	1876	790	1036	502	1306	748	1136	524	1201	632	615	312	327	570	625	213	230	32936
*	5p	+	29	121198	70418	69976	119306	380898	2043	2006	2014	1897	762	1093	465	1229	717	1062	516	1222	632	633	321	319	604	580	233	213	32057
*	5p	+	30	119880	70684	70098	120054	380716	2093	2075	1912	1835	713	1025	495	1269	809	1131	552	1267	702	664	335	297	654	604	204	211	31154
*	5p	+	31	119912	70753	70263	118687	379615	2035	2026	1851	1880	757	986	535	1188	795	1115	481	1237	668	698	306	324	656	637	199	227	30315
*	5p	+	32	119043	70525	69433	119606	378607	2049	2033	1877	1968	742	998	534	1260	750	1111	502	1145	678	699	348	313	686	654	217	222	29503
*	5p	+	33	119113	70493	69684	118448	377738	2069	2098	1825	1929	731	1013	557	1210	833	1050	529	1162	739	711	292	345	659	680	237	235	28760
*	5p	+	34	119942	69623	69367	117902	376834	2098	2004	1823	1859	723	1021	427	1148	786	1100	502	1133	715	752	313	337	667	637	191	231	28013
*	5p	+	35	119224	69907	68172	118640	375943	2098	2096	1890	1874	733	1074	493	1209	726	1127	497	1207	773	739	315	311	656	633	213	232	27278
*	5p	+	36	118363	69211	68086	118253	373913	2210	2058	1892	1928	814	1037	489	1271	745	1101	498	1101	756	688	284	339	640	677	223	231	26562
*	5p	+	37	118097	68626	67553	117661	371937	2110	1924	1814	1864	752	1031	463	1243	752	1147	514	1119	773	711	349	344	675	669	222	220	25821
*	5p	+	38	116879	68337	67424	117112	369752	2024	2062	1806	1873	737	1014	510	1255	803	1022	531	1074	798	705	345	370	689	665	220	253	25117
*	5p	+	39	116104	68244	67302	116114	367764	2161	1944	1850	2008	754	1025	461	1293	751	1132	515	1081	758	757	342	323	695	610	211	233	24465
*	5p	+	40	115879	67263	67257	115431	365830	2085	1958	1891	1861	743	1026	491	1194	783	1011	507	1097	713	765	346	323	684	649	231	235	23816
*	5p	+	41	114993	66987	66518	114692	363190	2066	2041	1935	1794	764	994	516	1216	784	1103	474	1108	723	768	291	340	694	596	251	255	23178
*	5p	+	42	114484	66369	66170	113505	360528	2187	1980	1849	1890	739	1021	485	1156	784	1125	459	1109	661	756	338	342	665	625	209	221	22573
*	5p	+	43	112737	66568	65396	113072	357773	2100	1902	1802	1822	752	981	458	1383	722	1063	486	1098	718	729	322	315	642	605	237	237	22006
*	5p	+	44	113326	65688	64232	111619	354865	2095	1926	1832	1825	650	967	464	1151	746	1128	456	1024	748	670	362	333	646	636	218	233	21388
*	5p	+	45	110897	64909	64669	111378	351853	2141	1855	1711	1742	680	968	447	1180	715	1094	501	1029	737	689	337	321	660	620	226	237	20862
*	5p	+	46	111329	63849	63546	109870	348594	2113	1953	1744	1938	732	938	476	1174	737	1059	449	1035	742	719	308	315	639	640	226	229	20351
*	5p	+	47	109190	63564	62931	109503	345188	2142	1930	1694	1701	694	978	501	1236	676	1039	485	1051	694	744	351	328	651	610	211	219	19856
*	5p	+	48	107575	62664	62850	108433	341522	2075	1849	1698	1771	705	930	436	1119	682	1043	476	1025	711	752	302	378	656	612	221	234	19308
*	5p	+	49	106923	61259	62583	107085	337850	2044	1770	1610	1684	670	918	415	1067	696	1087	502	1088	755	703	326	344	693	604	201	231	18808
*	5p	+	50	105856	61727	61046	105604	334233	2057	1869	1707	1802	645	877	416	1192	684	985	514	992	772	685	342	354	631	633	204	209	18325
*	5p	+	51	104677	60269	61269	104494	330709	2026	1814	1629	1688	674	927	440	1107	657	1055	455	1032	738	687	373	343	653	603	196	211	17879
*	5p	+	52	103071	60438	59800	103734	327043	1935	1841	1695	1675	701	918	439	1138	664	998	473	965	695	729	345	311	652	615	198	206	17430
*	5p	+	53	102216	58891	59219	102958	323284	2008	1748	1546	1642	610	910	402	1035	714	990	429	1085	705	645	351	338	602	587	239	196	16986
*	5p	+	54	101019	58654	59032	100801	319506	2022	1737	1609	1583	596	848	442	1046	688	939	447	980	687	736	334	318	581	585	234	242	16570
*	5p	+	55	99888	57139	58790	99884	315701	2062	1743	1551	1575	663	942	441	1014	669	957	479	917	702	708	291	334	609	558	188	226	16181
*	5p	+	56	98792	56745	57617	98510	311664	2038	1706	1566	1609	650	844	428	1045	638	948	474	937	735	637	332	360	544	600	198	207	15744
*	5p	+	57	97997	56016	56152	97370	307535	1942	1624	1545	1698	621	885	410	1073	641	899	451	863	664	684	314	310	565	588	207	198	15380
*	5p	+	58	95983	55030	56320	96073	303406	2006	1618	1480	1425	555	840	376	1033	633	883	457	917	675	651	334	298	558	590	184	210	14991
*	5p	+	59	95123	54206	55157	94542	299028	1901	1591	1430	1501	602	858	429	971	642	913	414	850	685	704	298	286	562	590	182	209	14599
*	5p	+	60	93556	53119	54213	93913	294801	1913	1620	1494	1518	598	816	405	980	555	919	468	901	631	622	314	305	517	569	200	214	14223
*	5p	+	61	92234	52869	53004	92244	290351	1857	1553	1426	1440	559	804	417	946	628	857	421	840	641	619	300	272	583	505	165	183	13900
*	5p	+	62	90364	52414	52875	90131	285784	1851	1595	1366	1463	597	813	387	911	591	782	445	807	633	637	289	328	546	519	197	174	13566
*	5p	+	63	89088	50990	51724	89342	281144	1771	1544	1423	1429	549	804	364	865	591	825	419	806	656	684	257	287	557	488	195	192	13170
*	5p	+	64	87535	50961	50791	87195	276482	1838	1535	1412	1302	546	793	366	947	579	826	366	809	582	590	293	276	564	496	151	191	12867
*	5p	+	65	86723	49045	49680	86423	271871	1866	1481	1362	1408	573	762	427	1079	569	806	402	756	590	611	294	277	512	497	169	192	12546
*	5p	+	66	84629	49019	49233	84269	267150	1825	1460	1343	1329	578	741	337	832	529	791	393	798	615	550	285	283	484	478	180	193	12213
*	5p	+	67	83078	47397	48547	83374	262396	1783	1411	1320	1306	563	684	354	860	501	859	395	786	559	575	301	275	497	495	178	178	11899
*	5p	+	68	81688	46221	47437	82175	257521	1780	1357	1242	1321	529	711	349	837	559	750	369	746	553	541	271	258	472	500	203	169	11614
*	5p	+	69	79550	46104	46573	80525	252752	1715	1376	1293	1183	510	681	374	785	532	794	368	694	558	549	269	233	491	481	155	155	11312
*	5p	+	70	79150	44685	45758	78186	247779	1713	1350	1306	1213	524	759	360	850	541	771	374	727	580	525	235	250	435	447	161	183	11026
*	5p	-	1	87720	77828	70645	84242	320435	1047	1246	1454	1663	762	511	409	949	652	611	500	483	0	0	0	0	21	20	13	25	65832
*	5p	-	2	97893	54115	61400	107048	320456	994	1811	1113	964	381	612	321	517	422	529	244	603	4	5	4	4	22	20	6	13	65720
*	5p	-	3	97391	65895	56259	100929	320474	1056	1321	969	1020	423	471	272	599	355	461	312	748	8	8	4	7	17	16	13	9	63661
*	5p	-	4	105592	61613	54505	98712	320422	1096	1184	871	947	397	470	228	639	304	523	273	624	12	20	26	34	36	24	21	27	61224
*	5p	-	5	107693	58700	57129	96850	320372	1005	1044	974	1021	389	434	265	615	345	544	270	615	28	39	29	25	59	34	31	33	58436
*	5p	-	6	110276	55111	60634	94342	320363	1654	1515	1461	1305	562	653	439	885	591	839	359	948	46	44	41	45	66	44	29	29	55300
*	5p	-	7	95511	57905	55940	110983	320339	1390	1653	1250	1319	534	797	360	790	549	729	336	927	60	60	45	34	75	51	33	33	53705
*	5p	-	8	96677	61105	58506	104004	320292	1410	1533	1348	1443	532	755	421	845	554	735	395	914	86	89	43	47	95	80	32	32	51935
*	5p	-	9	92851	61669	56909	108795	320224	1275	1704	1360	1427	561	772	426	826	523	729	377	969	96	101	62	59	105	102	61	39	50160
*	5p	-	10	104313	56297	57340	102169	320119	1522	1510	1274	1373	526	795	392	877	552	807	353	955	108	135	79	65	146	144	56	66	48361
*	5p	-	11	100766	62858	61507	94958	320089	1519	1491	1514	1588	595	725	472	916	646	820	398	896	146	178	88	79	152	143	74	73	46524
*	5p	-	12	98173	64704	59272	97834	319983	1477	1591	1527	1615	675	733	896	954	609	777	427	934	198	195	93	76	190	178	103	77	45160
*	5p	-	13	100024	61215	58845	99868	319952	1578	1531	1540	1499	531	776	443	867	627	838	395	945	184	215	89	83	211	193	93	82	43725
*	5p	-	14	99612	61028	59281	99969	319890	1589	1623	1400	1407	581	835	377	905	554	836	369	981	204	208	100	103	237	213	91	100	42377
*	5p	-	15	100168	60331	58268	101054	319821	1559	1548	1379	1463	570	791	400	910	560	845	434	940	248	246	103	130	244	267	109	90	41117
*	5p	-	16	101720	59615	58180	100251	319766	1573	1527	1387	1493	569	780	730	935	612	837	384	933	236	264	127	105	263	282	102	114	39797
*	5p	-	17	101757	59341	58740	99883	319721	1547	1544	1482	1447	576	817	390	878	598	848	388	901	299	287	137	134	286	281	125	117	38687
*	5p	-	18	100080	59842	60203	99557	319682	1577	1615	1446	1498	616	807	383	892	609	807	356	1035	313	310	132	135	301	310	142	94	37598
*	5p	-	19	100486	59613	58657	100898	319654	1601	1525	1395	1459	587	761	348	866	597	857	397	854	327	308	149	156	300	320	140	116	36523
*	5p	-	20	99145	58782	59362	97390	314679	1722	1629	1532	1509	686	890	419	959	612	919	473	960	349	334	133	170	336	359	131	131	35439
*	5p	-	21	97856	58879	58438	97530	312703	1750	1634	1582	1495	688	844	391	934	653	943	509	940	375	356	186	153	374	369	162	137	34396
*	5p	-	22	97838	59186	57245	97716	311985	1732	1660	1477	1520	613	822	520	970	619	913	416	975	380	420	170	179	366	405	146	138	33391
*	5p	-	23	97797	57945	57728	98039	311509	1760	1630	1497	1625	604	812	363	940	611	962	439	979	424	424	217	161	399	407	181	143	32515
*	5p	-	24	97701	58495	58363	96706	311265	1715	1631	1549	1504	616	856	417	937	635	886	411	1047	400	429	196	205	413	403	186	140	31586
*	5p	-	25	96994	58909	58377	96676	310956	1739	1695	1528	1612	617	823	399	1000	616	894	418	983	428	399	171	219	434	387	166	151	30683
*	5p	-	26	98209	58404	57510	96480	310603	1810	1665	1528	1526	636	796	391	961	590	898	400	993	456	436	206	200	450	441	183	176	29763
*	5p	-	27	98157	57395	57778	97101	310431	1837	1639	1576	1616	621	838	352	973	643	858	424	993	463	447	216	200	514	398	167	171	28994
*	5p	-	28	97433	58992	57429	96393	310247	1703	1659	1479	1552	615	812	472	952	610	920	417	990	491	451	203	216	491	462	203	144	28220
*	5p	-	29	97863	57798	57585	96874	310120	1683	1719	1521	1505	580	806	356	904	580	917	406	962	466	511	239	227	473	472	190	180	27435
*	5p	-	30	97323	57732	57023	97907	309985	1673	1641	1480	1462	596	816	380	912	580	841	356	956	492	497	243	247	500	485	184	150	26698
*	5p	-	31	97127	57988	56257	97778	309150	1630	1619	1553	1556	637	857	403	966	623	912	393	994	523	506	258	233	505	466	170	164	25949
*	5p	-	32	97701	57484	57324	95835	308344	1741	1619	1452	1518	613	893	417	936	648	927	412	907	518	512	242	255	497	502	164	167	25265
*	5p	-	33	97305	58241	56353	95793	307692	1755	1639	1475	1487	636	827	386	994	645	948	430	929	514	516	252	263	453	492	197	161	24636
*	5p	-	34	98271	56361	56608	95621	306861	1766	1599	1445	1521	658	886	378	947	587	891	423	928	567	585	283	256	510	511	172	150	24002
*	5p	-	35	97316	56649	55913	96097	305975	1819	1665	1540	1478	631	785	399	1032	656	880	400	859	549	587	272	280	524	504	183	179	23442
*	5p	-	36	94874	56794	55477	97177	304322	1752	1713	1508	1577	603	768	426	942	622	925	370	980	589	595	280	269	527	495	170	183	22857
*	5p	-	37	95603	56622	55173	95288	302686	1679	1651	1721	1462	622	890	369	965	655	940	407	966	575	590	257	281	538	537	162	188	22269
*	5p	-	38	94004	55340	55333	96236	300913	1781	1561	1510	1514	612	851	376	894	649	919	448	960	590	540	308	277	530	534	197	183	21683
*	5p	-	39	93519	55431	54832	95373	299155	1795	1593	1543	1539	578	805	392	899	574	944	404	918	579	602	307	280	564	573	195	186	21133
*	5p	-	40	94007	55614	54417	93599	297637	1781	1660	1476	1451	573	838	345	942	602	892	382	990	622	619	283	237	515	537	191	187	20601
*	5p	-	41	92515	54815	55727	92195	295252	1800	1630	1523	1491	588	794	373	902	644	877	396	942	573	600	272	279	536	550	207	181	20067
*	5p	-	42	91394	55336	54604	91551	292885	1799	1610	1414	1404	611	844	404	878	587	924	372	887	596	628	279	257	519	543	203	193	19585
*	5p	-	43	92583	53502	53380	91044	290509	1747	1579	1436	1426	593	883	372	922	627	916	391	819	614	594	258	288	557	548	211	200	19026
*	5p	-	44	90882	53586	53118	90515	288101	1733	1530	1493	1724	582	789	340	924	654	969	384	846	579	550	254	296	571	533	216	185	18532
*	5p	-	45	90290	52457	52225	90683	285655	1722	1560	1414	1392	572	750	375	905	609	888	383	851	588	583	248	258	565	514	196	203	18042
*	5p	-	46	89634	51603	52218	89344	282799	1749	1518	1470	1460	568	771	361	917	575	884	375	857	552	564	277	279	572	478	204	184	17580
*	5p	-	47	88801	50913	50915	89106	279735	1705	1425	1380	1362	544	809	356	890	575	849	394	872	615	575	279	274	541	502	207	194	17160
*	5p	-	48	87291	50720	51539	87131	276681	1625	1509	1375	1338	543	756	361	894	554	884	389	875	583	599	274	280	593	547	202	163	16738
*	5p	-	49	87931	49472	50145	86047	273595	1711	1461	1586	1339	573	770	354	812	519	854	338	829	611	543	281	275	527	557	184	206	16274
*	5p	-	50	85307	49609	49744	85733	270393	1729	1446	1371	1420	549	726	380	871	558	835	365	853	651	587	276	282	549	545	175	192	15867
*	5p	-	51	84322	49030	49777	84088	267217	1727	1376	1383	1289	520	712	327	814	542	803	331	840	587	585	275	281	548	555	186	182	15512
*	5p	-	52	83286	48657	48835	83381	264159	1634	1434	1318	1410	551	767	320	861	550	803	398	1405	604	597	242	234	514	506	192	185	15125
*	5p	-	53	82191	48002	47950	82792	260935	1734	1431	1352	1292	522	679	324	837	486	765	329	769	567	542	292	266	482	494	173	182	14783
*	5p	-	54	81256	46471	47740	82081	257548	1687	1332	1322	1193	512	725	345	843	526	778	297	760	535	559	270	237	505	516	149	168	14405
*	5p	-	55	80162	46372	47996	79691	254221	1688	1409	1361	1296	493	702	339	858	590	809	342	751	551	538	247	266	464	487	181	170	14034
*	5p	-	56	80063	45824	45926	78790	250603	1684	1399	1284	1218	471	723	337	786	527	814	305	690	546	539	243	262	470	529	183	142	13672
*	5p	-	57	79016	44348	45477	78252	247093	1619	1310	1294	1211	494	665	339	805	479	785	313	741	526	556	263	273	480	498	187	166	13321
*	5p	-	58	77716	44008	44519	77313	243556	1645	1358	1211	1145	489	662	344	780	502	743	310	715	561	545	244	247	470	466	177	190	13004
*	5p	-	59	75456	44097	44160	76144	239857	1528	1295	1169	1169	447	654	304	786	511	711	311	674	511	525	246	270	468	484	161	167	12708
*	5p	-	60	74149	42922	44196	74839	236106	1652	1296	1200	1143	486	631	343	759	512	682	304	652	542	502	271	247	447	479	163	180	12362
*	5p	-	61	73379	42341	42409	74223	232352	1498	1303	1193	1149	446	608	313	817	491	735	309	671	547	488	261	236	477	457	151	160	12092
*	5p	-	62	72873	41101	42497	72041	228512	1640	1203	1089	1167	448	627	292	742	433	675	278	633	562	540	216	220	451	454	172	167	11804
*	5p	-	63	71438	40414	41338	71523	224713	1511	1222	1142	1106	445	603	280	804	411	729	293	647	545	519	237	236	452	419	157	165	11486
*	5p	-	64	69679	40719	40546	69813	220757	1524	1242	1105	1063	463	647	303	714	440	655	269	618	497	523	229	234	451	456	166	137	11186
*	5p	-	65	68371	39130	39874	69457	216832	1537	1190	1100	1060	429	610	281	695	525	672	307	651	499	518	212	227	444	412	150	130	10925
*	5p	-	66	67041	38374	39502	67887	212804	1432	1108	1121	1078	420	552	295	727	520	629	245	565	487	490	204	205	432	414	152	147	10663
*	5p	-	67	66369	37159	39039	66269	208836	1447	1065	1069	955	457	581	271	698	492	638	269	636	483	467	211	219	429	401	125	165	10408
*	5p	-	68	65453	36825	37905	64616	204799	1480	1033	1026	996	426	572	274	672	434	603	267	572	466	481	212	208	407	408	151	134	10133
*	5p	-	69	63426	36633	37248	63512	200819	1407	1037	991	1019	362	545	305	646	397	630	249	592	422	464	245	236	413	386	140	134	9887
*	5p	-	70	62769	35733	35999	62143	196644	1366	1033	952	993	380	542	226	600	412	620	280	574	438	477	220	201	376	417	132	141	9616
