# table produced by mapDamage version 2.2.1
# using mapped file CviAPal026.merged.L103.realn.bam and reference.ssl.Cvi20k_rename.fasta as reference file
# Chr: reference from sam/bam header, End: from which termini of DNA sequences, Std: strand of reads
Chr	End	Std	Pos	A	C	G	T	Total	G>A	C>T	A>G	T>C	A>C	A>T	C>G	C>A	T>G	T>A	G>C	G>T	A>-	T>-	C>-	G>-	->A	->T	->C	->G	S
*	3p	+	1	177659	126417	164864	191733	660673	9234	1927	2844	2290	978	1212	865	1267	1256	1155	629	1089	0	0	0	0	26	42	52	59	196226
*	3p	+	2	212684	133710	113860	200458	660712	6163	1873	1573	2100	747	920	408	1235	632	1069	647	857	8	14	3	4	40	64	21	39	195849
*	3p	+	3	202594	112581	144542	200995	660712	3927	1840	1776	1530	570	820	508	1139	738	872	449	904	20	10	11	7	42	66	16	38	191431
*	3p	+	4	203639	113002	137210	206780	660631	3105	1849	1717	1472	540	801	462	1103	687	799	436	903	37	37	47	35	59	93	49	45	185908
*	3p	+	5	201757	119584	128315	210912	660568	2577	1836	1684	1665	586	800	436	1068	683	748	538	990	63	71	49	51	81	96	72	59	179955
*	3p	+	6	195330	129465	123395	212372	660562	3892	3006	2404	2639	1138	1439	683	1890	1139	1575	950	1733	71	77	52	59	84	119	58	56	173349
*	3p	+	7	220770	121562	125011	193117	660460	3820	2501	2566	2359	987	1365	732	1911	1086	1563	883	1540	101	86	56	68	125	133	69	87	169741
*	3p	+	8	213263	121214	132791	193144	660412	3853	2537	2729	2526	1001	1251	803	1862	1242	1838	874	1545	133	141	73	79	136	169	64	90	165843
*	3p	+	9	220887	119089	132006	188322	660304	3781	2482	2730	2525	1024	1320	736	2019	1202	1659	1086	1605	180	179	97	102	189	179	92	118	162015
*	3p	+	10	214871	123387	122117	199825	660200	3571	2721	2417	2443	1099	1357	751	1927	1159	1737	896	1589	247	193	116	123	244	219	111	104	158075
*	3p	+	11	202216	124771	133579	199510	660076	3682	2751	2885	2716	1189	1432	795	2047	1317	1712	994	1719	301	256	150	139	278	258	136	132	154090
*	3p	+	12	198134	124606	139801	197407	659948	3632	2814	2880	2789	1104	1402	757	2026	1296	1704	4077	1675	339	312	156	145	302	343	122	154	151116
*	3p	+	13	203716	123257	134770	198126	659869	3589	2711	2857	2711	1167	1426	760	1915	1297	1782	922	1742	382	359	169	150	362	343	152	152	148078
*	3p	+	14	202151	125394	135493	196631	659669	3696	2876	2736	2758	1130	1383	744	2017	1305	1738	810	1804	394	386	203	236	472	379	173	169	145105
*	3p	+	15	205862	121483	129855	202483	659683	3562	2684	2844	2688	1121	1367	1100	1978	1318	1795	874	1654	397	386	234	224	435	368	200	191	142180
*	3p	+	16	202424	120682	131042	205468	659616	3571	2742	2800	2809	1202	1380	710	1946	1362	1914	3685	1656	423	434	243	246	448	380	173	255	139099
*	3p	+	17	203037	121926	128749	205869	659581	3546	2762	3062	2740	1157	1547	805	2028	1309	1749	858	1717	459	483	231	293	472	409	214	202	136505
*	3p	+	18	203335	130934	127714	197440	659423	3462	2906	2763	2847	1065	1415	791	2030	1269	1737	776	1703	504	480	259	317	509	477	205	263	133877
*	3p	+	19	210498	122301	129340	197215	659354	3374	2749	2687	2633	1139	1411	731	1965	1215	1688	714	1703	541	524	265	272	530	542	226	225	131332
*	3p	+	20	195420	126739	127034	196198	645391	3515	2932	2910	2953	1262	1542	1241	2191	1516	1883	806	1731	577	565	312	323	538	568	229	228	128944
*	3p	+	21	198825	123622	126059	191218	639724	3622	3092	3018	3225	1264	1695	1790	2085	1382	1885	860	1782	627	607	311	335	586	561	262	262	126533
*	3p	+	22	198649	119908	127572	191155	637284	3535	3077	2760	2876	1205	1570	829	2002	1305	1841	1146	1867	630	659	304	364	652	561	253	279	124194
*	3p	+	23	197217	121973	126272	190210	635672	3693	3011	2869	2772	1093	1512	863	2115	1320	1745	809	1771	647	718	329	338	678	636	264	326	121903
*	3p	+	24	190775	124806	126888	192100	634569	3637	3056	3166	2998	1231	1529	795	2109	1353	1870	727	1930	734	687	362	368	691	735	265	291	119706
*	3p	+	25	191323	125690	128657	187237	632907	3693	3171	2961	3006	1156	1451	827	2182	1270	1922	812	2037	742	710	354	407	686	689	277	308	117534
*	3p	+	26	190450	122460	126907	191750	631567	3612	3460	3012	2903	1156	1485	834	2056	1311	1922	809	1918	775	746	444	409	724	700	282	337	115403
*	3p	+	27	191533	123333	122448	192943	630257	3638	3159	3120	2920	1182	1486	830	2029	1365	1871	804	1863	826	812	370	412	890	713	269	349	113404
*	3p	+	28	188148	122151	131487	187532	629318	3583	3108	2913	2868	1219	1532	777	2018	1338	1825	903	1963	831	761	433	457	789	775	330	317	111384
*	3p	+	29	189325	122537	124848	191886	628596	3424	3128	2972	2974	1189	1501	792	2102	1370	1873	806	1874	767	838	395	404	810	765	316	357	109433
*	3p	+	30	197155	121731	119769	188978	627633	3505	3000	2893	2777	1182	1489	797	2045	1295	1842	820	1815	822	831	425	430	808	796	302	387	107467
*	3p	+	31	194433	116570	127220	186771	624994	3452	2899	3311	2996	1243	1571	733	2011	2088	1797	736	1861	883	849	419	411	850	810	345	325	105626
*	3p	+	32	186311	120004	123478	192438	622231	3329	3040	2930	2892	1217	1471	792	2033	1512	1802	727	1909	884	822	461	444	878	821	334	339	103814
*	3p	+	33	184940	116220	126049	191883	619092	3589	3159	2890	3021	1166	1466	842	1925	1373	1882	764	1906	889	813	450	528	810	824	331	339	102051
*	3p	+	34	187648	116581	117453	194237	615919	3324	3102	2833	2896	1123	1487	913	2145	1354	1847	780	1877	887	933	472	479	812	823	311	351	100267
*	3p	+	35	186380	115533	119145	191706	612764	3462	3011	2960	2910	1233	1523	792	1890	1351	1894	753	1874	941	917	489	501	872	816	316	340	98512
*	3p	+	36	190940	114806	121507	180182	607435	3442	3186	2888	2988	1198	1519	767	1925	1318	1789	812	1792	910	984	514	463	859	872	337	338	96822
*	3p	+	37	183317	112753	122656	184245	602971	3511	3069	2840	4670	1251	1483	805	1865	1279	1888	800	2138	899	958	487	510	884	832	319	360	95213
*	3p	+	38	189251	115743	115375	177538	597907	3309	2988	2786	2761	1136	1458	940	1900	1256	1663	741	1839	995	959	475	504	837	833	391	326	93727
*	3p	+	39	186547	111973	117493	177159	593172	3301	3026	2921	2759	1177	1483	722	1967	1253	1752	778	1815	989	894	546	500	875	823	383	369	92141
*	3p	+	40	182725	110683	116532	178414	588354	3582	2934	2810	2748	1089	1445	790	1892	1191	1701	747	1887	1008	962	499	476	921	877	349	357	90614
*	3p	+	41	174722	117321	115856	174426	582325	3220	3007	2922	2835	1299	1439	761	1938	1303	1721	721	1765	966	988	504	496	938	843	379	367	89040
*	3p	+	42	174791	111225	117149	172698	575863	3215	3104	3024	2730	1153	1546	737	1802	1207	1786	771	1832	1031	996	510	518	972	885	367	376	87567
*	3p	+	43	175262	107637	109946	176733	569578	3177	2904	2748	2820	1145	1499	784	1710	1176	1724	733	1757	1050	1005	525	476	942	945	394	362	86147
*	3p	+	44	172732	107740	111232	171554	563258	3144	2834	3826	2699	1190	1441	700	1730	1162	1701	731	1645	1009	967	464	528	976	875	382	339	84703
*	3p	+	45	175720	105232	106449	168895	556296	3188	2853	2765	2728	1117	1343	875	1786	1157	1649	695	1719	948	1014	483	551	936	861	338	363	83247
*	3p	+	46	170644	106967	103766	167435	548812	2990	3031	2759	2785	1035	1443	719	1837	1200	1610	723	1564	959	973	505	514	936	856	359	360	81824
*	3p	+	47	170569	102148	102103	166647	541467	2944	2753	2456	2516	1065	1383	675	1819	1189	1655	698	1708	961	999	513	466	948	874	343	321	80401
*	3p	+	48	162162	108052	102866	160756	533836	3135	2799	2473	2543	1094	1386	819	1886	1111	1642	689	1701	944	1013	471	518	921	942	340	352	78937
*	3p	+	49	159299	99600	98836	168465	526200	2853	2708	2507	4326	1053	1301	698	1743	1137	1583	668	1593	937	1002	473	508	907	872	367	424	77550
*	3p	+	50	163098	97680	99208	158462	518448	2995	2671	2548	2623	1063	1278	646	1686	1051	1499	699	1600	954	1007	519	521	913	929	358	323	76232
*	3p	+	51	157668	100286	98011	155442	511407	2883	2686	2495	2480	988	1256	675	1725	1081	1447	633	1573	979	923	450	546	870	880	320	375	74821
*	3p	+	52	154555	98868	97563	153187	504173	2824	2697	2369	2410	990	1279	992	5189	1058	1454	655	1635	954	947	484	536	887	878	345	318	73479
*	3p	+	53	155856	94065	95051	151749	496721	2749	2610	2407	2458	964	1222	611	1645	1125	1428	681	1786	971	953	506	517	896	876	316	327	72171
*	3p	+	54	152406	93631	92130	151047	489214	2681	2538	2357	2393	902	1203	600	1563	1033	1464	659	1487	917	976	438	492	866	840	324	327	70860
*	3p	+	55	145524	97389	90178	148592	481683	2757	2527	2297	2522	966	1199	596	1485	951	1402	686	1480	1004	954	467	478	865	835	302	376	69605
*	3p	+	56	144561	90009	89472	149892	473934	2626	2551	2211	2433	912	1239	627	1411	1004	1367	621	1467	958	924	479	472	891	832	296	315	68305
*	3p	+	57	144129	88231	86558	147242	466160	2529	2455	2274	2349	952	1189	603	1487	992	1413	658	1403	973	889	469	474	827	759	332	334	67058
*	3p	+	58	140802	86753	85975	144916	458446	2638	2435	2095	2295	873	1124	568	1377	938	1303	634	1497	891	912	436	500	797	823	283	320	65755
*	3p	+	59	139875	85214	87662	137791	450542	2508	2321	2224	2184	843	1144	553	1376	926	1300	594	1413	931	899	488	417	798	751	296	286	64488
*	3p	+	60	136609	88952	82767	134315	442643	2569	2411	2253	2342	892	1172	626	1390	923	1266	615	1364	897	835	440	485	793	706	292	298	63219
*	3p	+	61	136821	81770	83127	132992	434710	2440	2309	2125	2252	872	1195	563	1336	847	1222	564	1404	897	872	415	452	732	742	277	288	61954
*	3p	+	62	130072	84443	79321	132826	426662	2347	2254	2086	2163	851	1093	592	1335	873	1265	627	1274	845	845	413	409	724	761	283	287	60756
*	3p	+	63	130119	79834	77911	130514	418378	2289	2202	2058	1980	799	1096	552	1279	889	1267	568	1324	841	848	415	389	750	728	269	285	59508
*	3p	+	64	127648	77159	80562	125000	410369	2369	2178	2010	2017	802	1036	484	1175	973	1145	544	1289	797	775	441	424	745	674	299	287	58199
*	3p	+	65	128220	76920	75084	122139	402363	2176	2207	1942	1933	795	1087	580	1324	841	1101	476	1249	760	760	413	421	735	670	248	274	56871
*	3p	+	66	126012	75283	73886	119087	394268	2104	2129	1896	1897	820	971	582	1121	831	1160	512	1259	810	790	408	386	745	635	298	295	55547
*	3p	+	67	121120	75940	71771	117339	386170	2137	2057	1832	2029	804	968	503	1315	847	1121	520	1229	830	767	335	387	724	678	263	276	54312
*	3p	+	68	117013	71168	72923	116961	378065	1990	2059	1833	1883	763	937	460	1124	784	1091	545	1234	756	749	364	413	668	659	257	266	53055
*	3p	+	69	113688	71088	72619	112655	370050	2059	2056	1847	1770	732	926	542	1153	796	1106	505	1224	714	781	381	380	653	669	276	242	51717
*	3p	+	70	112104	68634	68418	112867	362023	1873	1998	1776	1801	744	938	467	1055	752	1113	483	1212	691	780	372	354	637	596	241	252	50237
*	3p	-	1	161473	115829	148401	173146	598849	8972	1913	2727	2076	912	1033	799	1151	1213	1070	559	1086	0	0	0	0	49	62	32	28	169765
*	3p	-	2	193051	116724	102185	187017	598977	5776	1713	1547	2010	666	827	367	1052	612	962	488	751	102	67	20	16	26	25	8	7	169604
*	3p	-	3	186212	104504	120966	187321	599003	3648	1655	1725	1512	554	649	443	1045	677	800	390	789	53	52	17	17	14	20	1	3	165766
*	3p	-	4	184745	103721	115836	194340	598642	2943	1643	1587	1370	535	740	449	1001	688	730	365	854	159	189	75	54	141	160	51	57	160958
*	3p	-	5	180682	110186	110668	197035	598571	2460	1661	1554	1490	540	774	381	1033	602	693	363	863	153	163	68	66	197	180	39	63	155713
*	3p	-	6	178020	112960	108902	198576	598458	3545	2557	2323	2569	996	1327	690	1751	1091	1572	741	1595	200	203	88	84	236	215	71	71	149803
*	3p	-	7	192863	108469	113076	184065	598473	3704	2285	2463	2220	926	1163	650	1808	1107	1609	595	1523	248	177	93	96	272	178	75	55	146927
*	3p	-	8	190345	110294	116583	181205	598427	3437	2394	2553	2174	900	1269	718	1830	1140	1615	594	1417	237	245	104	99	245	224	81	73	143531
*	3p	-	9	196784	108292	117231	175885	598192	3371	2187	2459	2293	916	1114	683	1831	1153	1620	697	1482	350	288	153	158	371	283	85	117	140189
*	3p	-	10	186888	112685	110760	187731	598064	3327	2570	2238	2153	1029	1216	597	1719	1136	1490	689	1479	358	340	177	185	349	379	126	130	136836
*	3p	-	11	177515	117135	118906	184465	598021	3380	2610	2649	2496	1145	1356	803	1764	1268	1613	763	1622	381	409	191	189	371	357	147	151	133461
*	3p	-	12	179562	116416	119682	182319	597979	3362	2659	2724	2659	1065	1303	890	1828	1289	1693	743	1643	402	386	210	212	411	379	126	152	130972
*	3p	-	13	183742	114306	115267	184496	597811	3297	2533	2567	2575	1072	1226	701	1875	1179	1654	735	1599	432	400	191	239	483	445	141	173	128308
*	3p	-	14	184671	113053	115958	183994	597676	3304	2601	2681	2541	1505	1267	665	1780	1242	1679	778	1624	475	479	231	235	508	507	194	149	125713
*	3p	-	15	183220	114714	116676	183090	597700	3284	2645	2602	2515	1094	1321	671	1812	1171	1600	761	1598	521	529	244	242	498	485	180	190	123326
*	3p	-	16	182694	116324	114770	183852	597640	3371	2635	2520	2600	1133	1285	606	1770	1238	1646	725	1594	507	561	244	273	527	485	188	194	120787
*	3p	-	17	182444	114423	114978	185738	597583	3250	2574	2406	2551	1164	1300	664	1805	1255	1611	1064	1579	550	592	264	278	549	545	182	190	118685
*	3p	-	18	181045	115848	115514	185111	597518	3184	2493	2491	2505	1013	1240	704	1786	1181	1640	710	1535	573	593	281	319	553	525	219	232	116562
*	3p	-	19	182855	115035	115294	184282	597466	3042	2452	2483	2456	1028	1313	647	1761	1197	1606	662	1537	627	616	288	302	588	552	229	217	114355
*	3p	-	20	177054	114026	113809	178662	583551	3392	2674	2638	2648	1108	1404	719	1827	1324	1767	769	1715	659	660	323	314	590	590	246	231	112318
*	3p	-	21	175245	111805	111890	178823	577763	3226	2758	2767	2799	1150	1461	829	1909	1321	1746	775	1823	707	619	317	305	680	629	217	258	110327
*	3p	-	22	175162	112775	111341	176090	575368	3331	2758	2742	2728	1116	1411	739	1836	1292	1688	749	1679	661	654	357	365	669	673	254	250	108485
*	3p	-	23	175687	111715	110918	175579	573899	3247	2779	2696	2643	1136	1407	755	1949	1282	1753	749	1746	752	681	346	351	679	674	255	257	106719
*	3p	-	24	173989	113494	110492	174753	572728	3300	2861	2781	2710	1093	1339	716	1881	1293	1765	765	1823	700	710	346	361	723	719	264	260	104974
*	3p	-	25	174294	110784	110236	175686	571000	3242	2712	2800	2667	1095	1367	773	1894	1301	1733	722	1663	756	682	365	344	726	713	254	288	103270
*	3p	-	26	171852	111743	111219	174866	569680	3297	2814	2878	2630	1063	1399	765	1818	1275	1736	752	1740	800	718	400	344	710	719	286	289	101526
*	3p	-	27	172122	111814	109696	174834	568466	3343	2822	2665	2631	1103	1381	795	1967	1254	1630	697	1708	821	777	410	391	799	746	265	278	99868
*	3p	-	28	172317	111964	109637	173502	567420	3341	2804	2636	2700	1084	1321	774	1827	1226	1775	750	1796	858	737	384	393	758	751	295	312	98273
*	3p	-	29	171828	110495	108748	175732	566803	3036	2837	2787	2607	1064	1343	743	1763	1179	1783	732	1645	764	787	440	419	728	750	281	305	96830
*	3p	-	30	172105	111978	109292	172551	565926	3207	2799	2672	2730	1093	1388	752	1799	1206	1640	761	1737	773	752	439	480	774	718	318	298	95321
*	3p	-	31	171609	110633	109514	171714	563470	3209	2724	2690	2709	1079	1297	774	1810	1205	1667	766	1775	868	792	429	456	799	756	287	304	93811
*	3p	-	32	170246	110599	108974	171083	560902	3211	2785	2825	2755	1122	1257	759	1823	1220	1685	732	1717	835	846	424	451	792	767	307	282	92387
*	3p	-	33	168964	109047	108731	171267	558009	3215	2701	2744	2677	1131	1316	718	1846	1169	1660	837	1740	837	936	458	431	803	815	278	294	90889
*	3p	-	34	168061	109867	106730	170571	555229	3168	2849	2609	2624	1096	1333	752	1853	1243	1641	737	1636	912	843	450	452	774	768	306	321	89461
*	3p	-	35	168554	107115	107885	168787	552341	3075	2878	2598	2420	1103	1356	709	1768	1188	1687	706	1723	932	862	439	460	811	834	319	342	88116
*	3p	-	36	167715	107788	106657	165927	548087	3181	2875	2696	2540	1093	1387	709	1715	1125	1600	770	1668	866	880	500	456	822	788	317	293	86803
*	3p	-	37	166843	106122	104921	165892	543778	3082	2742	2616	2732	1056	1404	779	1707	1100	1629	728	1711	852	855	463	454	870	844	305	315	85471
*	3p	-	38	165247	106144	103771	164298	539460	3107	2732	2646	2530	1078	1365	738	1635	1171	1616	724	1743	890	878	433	438	836	806	310	355	84162
*	3p	-	39	164258	104349	103019	163628	535254	3095	2748	2695	2585	1017	1384	730	1742	1206	1649	688	1690	894	914	423	453	803	831	295	321	82881
*	3p	-	40	161500	105233	102655	161537	530925	2922	2724	2625	2481	1109	1360	707	1705	1127	1504	729	1622	901	923	450	433	804	783	319	314	81599
*	3p	-	41	159758	102543	100767	162425	525493	3014	2683	2762	2587	1028	1309	700	1696	1156	1603	692	1641	857	893	435	471	792	795	316	326	80337
*	3p	-	42	158776	102446	100536	157979	519737	2977	2818	2691	2507	1055	1331	653	1681	1112	1581	704	1637	882	903	421	417	797	784	314	310	79128
*	3p	-	43	157238	99991	99769	157090	514088	2913	2665	2554	2542	1047	1361	657	1528	1151	1614	695	2069	843	914	431	452	829	794	304	352	77852
*	3p	-	44	155333	99523	97797	155592	508245	2884	2598	2589	2509	1086	1296	696	1584	1143	1508	647	1623	897	835	456	430	818	785	326	306	76632
*	3p	-	45	154690	98095	96045	152880	501710	2854	2690	2385	2476	991	1299	624	1631	1125	1542	670	1454	850	830	442	429	864	762	288	308	75417
*	3p	-	46	151590	96531	94990	151864	494975	2769	2595	2778	2417	1006	1266	635	1706	1060	1500	687	1602	850	878	458	388	780	752	282	340	74267
*	3p	-	47	150676	94499	93910	148767	487852	2791	2445	2498	2359	1003	1315	678	1567	957	1497	684	1665	858	838	466	405	799	810	295	331	73105
*	3p	-	48	148317	93279	92067	147331	480994	2761	2474	2388	2380	1016	1210	665	1527	1101	1489	612	1495	846	897	438	465	789	813	309	328	72016
*	3p	-	49	145923	92143	90568	145424	474058	2674	2461	2310	2317	932	1186	675	1394	1039	1440	626	1448	828	833	458	430	791	804	314	290	70866
*	3p	-	50	144043	89867	89861	143011	466782	2702	2435	2469	2259	978	1142	637	1469	1061	1325	622	1470	815	858	433	430	811	812	284	305	69732
*	3p	-	51	141932	89166	88290	140873	460261	2611	2363	2327	2264	975	1214	635	1430	943	1304	692	1449	853	872	419	437	783	794	310	293	68529
*	3p	-	52	140521	88122	86653	138173	453469	2562	2313	2198	2242	897	1191	648	1379	987	1372	586	1380	817	841	430	439	783	785	302	284	67410
*	3p	-	53	137534	87219	85149	136850	446752	2559	2336	2230	2193	898	1185	652	1547	995	1351	551	1410	876	811	428	422	763	752	290	276	66266
*	3p	-	54	135212	85212	83947	135328	439699	2510	2377	2289	2151	893	1054	666	1461	949	1315	561	1376	833	782	440	429	734	768	291	285	65186
*	3p	-	55	133376	84598	82045	132837	432856	2378	2293	2127	2104	929	1087	540	1332	939	1246	564	1389	783	774	426	419	707	713	292	272	64051
*	3p	-	56	131275	82553	80946	130973	425747	2334	2244	2146	2108	850	1075	623	1362	871	1259	580	1350	808	802	397	380	727	646	274	282	62958
*	3p	-	57	127933	81211	80216	129204	418564	2406	2241	2285	2051	874	1074	562	1306	973	1327	557	1369	789	770	396	370	675	628	264	262	61832
*	3p	-	58	126193	80362	78475	126125	411155	2382	2269	2064	2014	865	1114	627	1362	831	1188	543	1310	766	766	375	426	675	686	256	261	60680
*	3p	-	59	124405	78069	76814	124625	403913	2240	2313	1962	1950	793	1094	598	1267	782	1173	525	1219	783	731	373	383	661	637	256	275	59571
*	3p	-	60	123464	76913	74707	121564	396648	2216	2153	2017	1892	834	1058	586	1250	818	1130	472	1209	762	718	360	399	678	675	233	235	58389
*	3p	-	61	120165	75184	74358	119550	389257	2148	2128	1925	1938	759	1061	530	1187	813	1137	488	1194	694	740	360	383	696	621	267	266	57174
*	3p	-	62	117703	74776	72290	117107	381876	2176	1992	1956	1930	793	994	513	1199	773	1203	532	1188	708	728	399	380	663	597	267	272	56076
*	3p	-	63	116073	72586	70343	115329	374331	2097	2024	1854	1826	733	948	527	1209	778	1170	505	1105	744	737	319	356	664	638	227	230	54959
*	3p	-	64	112949	71456	69973	112674	367052	2059	2017	1850	1810	729	917	491	1175	752	1100	487	1182	661	720	379	317	631	617	236	220	53776
*	3p	-	65	110860	69430	68085	111077	359452	2065	1979	1758	1746	749	932	560	1147	758	1104	545	1265	688	637	375	341	627	549	244	274	52621
*	3p	-	66	108144	67788	67340	108692	351964	1945	1928	1663	1756	667	854	532	1092	735	1078	465	1098	700	692	334	304	554	581	265	211	51352
*	3p	-	67	106385	66436	65509	106225	344555	1935	1893	1682	1739	729	920	470	1023	677	1088	487	1026	648	646	320	360	573	597	219	189	50219
*	3p	-	68	103550	66156	63473	104005	337184	1822	1776	1649	1733	689	813	476	1083	691	1042	479	1027	627	567	340	320	547	551	242	225	49075
*	3p	-	69	102197	63829	61945	101896	329867	1821	1754	1590	1695	694	943	478	1021	724	1015	498	1043	620	621	328	302	542	520	221	214	47878
*	3p	-	70	99464	62541	60693	99882	322580	1758	1760	1661	1603	669	859	443	1019	723	1064	439	988	580	596	342	321	501	504	206	176	46532
*	5p	+	1	187890	167096	133130	172511	660627	2309	2794	2761	3607	1509	982	798	1888	1175	1356	1042	1040	0	0	0	0	83	63	45	33	151689
*	5p	+	2	208880	110259	131574	210022	660735	2150	3123	2592	1802	731	1064	629	1098	866	1082	446	1079	77	88	18	22	35	26	12	21	151240
*	5p	+	3	206926	135065	114356	204474	660821	1916	2347	1801	2069	843	874	431	1267	651	941	580	1298	44	34	22	21	21	17	5	14	147104
*	5p	+	4	217745	125815	113955	202849	660364	2043	2158	1615	1932	725	835	427	1249	630	1059	489	1230	253	168	59	72	182	189	77	67	141981
*	5p	+	5	220180	120446	123350	196345	660321	2000	2006	1776	1827	703	785	504	1222	704	980	511	1346	209	206	64	78	222	212	55	70	136299
*	5p	+	6	223697	117191	125004	194269	660161	3010	2882	2850	2699	975	1286	816	1685	1085	1714	725	1864	213	244	81	111	254	289	84	90	129795
*	5p	+	7	203025	123192	120264	213682	660163	2654	3023	2491	2596	1019	1386	685	1676	989	1438	756	1833	198	273	90	96	227	319	89	82	126380
*	5p	+	8	200415	129417	122208	208045	660085	2685	2984	2420	2715	1068	1342	677	1688	1024	1420	807	1864	252	271	92	112	320	301	91	84	122686
*	5p	+	9	192969	129862	118588	218488	659907	2575	3215	2584	2705	1145	1494	798	1673	1003	1478	768	1874	321	371	175	163	375	375	131	91	118994
*	5p	+	10	209064	121144	123877	205594	659679	2839	2891	2675	2747	998	1337	744	1747	1085	1482	740	1735	406	415	160	189	484	418	160	139	115443
*	5p	+	11	204231	132174	129987	193314	659706	2977	3071	2922	2916	1176	1370	814	1803	1239	1561	908	1769	444	410	205	221	433	385	188	165	111770
*	5p	+	12	200893	132462	129259	196989	659603	2977	3059	2965	3047	1266	1390	829	1799	1215	1517	1126	1840	501	472	236	208	460	459	180	175	108905
*	5p	+	13	203782	128195	126625	200899	659501	3006	3028	2845	2829	1090	1349	803	1773	1268	1531	751	1765	509	509	241	229	513	482	194	192	105915
*	5p	+	14	205164	127923	123596	202664	659347	2875	3011	2840	2924	1165	1462	817	1789	1766	1561	733	1822	518	521	270	284	628	494	209	201	103037
*	5p	+	15	202969	129002	126424	200888	659283	2904	2975	2927	2868	1146	1378	823	1818	1396	1546	775	1815	576	610	278	259	594	564	231	209	100221
*	5p	+	16	203418	127099	128112	200623	659252	2957	3131	2893	2882	1164	1392	728	1848	1298	1564	691	1920	575	622	274	320	579	557	210	241	97263
*	5p	+	17	205761	127420	124833	201176	659190	2827	2985	2881	2938	1143	1324	1435	1798	1273	1596	733	1808	743	617	328	291	576	578	260	265	94772
*	5p	+	18	206428	127540	126236	198933	659137	2959	3134	2743	2863	1137	1389	727	1764	1188	1561	711	1833	698	643	353	317	609	643	232	255	92259
*	5p	+	19	204737	127667	126667	200015	659086	2872	2921	2741	2785	1145	1338	762	1732	1138	1585	702	1835	697	642	324	359	646	641	260	244	89868
*	5p	+	20	197969	126714	125896	194552	645131	3135	3074	2920	3109	1191	1402	811	1885	1247	1722	875	1761	736	694	378	371	660	662	231	275	87482
*	5p	+	21	199151	123726	123473	193071	639421	3206	3061	3160	3194	1209	1438	908	1917	1217	1673	876	1892	760	758	338	437	679	747	264	286	85151
*	5p	+	22	196209	123407	124193	193188	636997	3150	3173	3101	3082	1223	1554	820	1942	1236	1721	795	1790	832	783	349	416	736	750	285	264	83114
*	5p	+	23	194996	122600	124096	193758	635450	3232	3121	2903	3067	1161	1503	816	1886	1259	1660	831	1993	774	807	454	419	765	795	265	274	80989
*	5p	+	24	194402	123016	125584	191408	634410	3193	3128	2956	3188	1239	1399	806	1869	1276	1667	843	1929	814	832	414	416	781	740	290	333	78954
*	5p	+	25	196873	122141	122603	191079	632696	3229	3075	2955	3019	1132	1457	890	1886	1215	1685	931	1962	838	852	444	421	794	792	289	299	76914
*	5p	+	26	195850	122944	122920	189700	631414	3253	3217	3011	3035	1192	1469	741	1962	1212	1772	873	1889	881	920	406	453	776	771	351	303	74978
*	5p	+	27	194301	123117	122782	190054	630254	3250	3228	3041	3083	1201	1447	782	1899	1274	1707	960	1901	876	855	450	445	804	818	306	293	73169
*	5p	+	28	194667	121958	123668	188899	629192	3324	3078	2974	3016	1234	1497	818	2025	1293	1706	879	1924	875	885	451	466	838	841	347	317	71385
*	5p	+	29	196648	120292	121657	189921	628518	3297	3069	2978	3000	1120	1486	777	1839	1202	1711	847	1857	859	935	434	443	845	831	318	335	69646
*	5p	+	30	192632	121716	123629	189640	627617	3230	3162	3125	2945	1149	1499	871	2000	1234	1739	861	1951	901	910	463	482	865	799	356	296	67971
*	5p	+	31	190427	121968	123180	189330	624905	3261	3114	3016	2981	1098	1429	840	1903	1344	1724	879	1872	879	956	480	510	926	808	358	333	66263
*	5p	+	32	191264	120928	121627	188389	622208	3261	3159	2912	3051	1177	1462	804	2041	1318	1742	871	1851	904	903	504	506	862	847	361	329	64682
*	5p	+	33	191444	119910	121113	186496	618963	3247	3128	2848	2933	1105	1551	968	1956	1397	1747	937	1857	1024	922	455	494	954	808	318	362	63159
*	5p	+	34	190391	119355	121713	184417	615876	3170	3011	2956	2838	1129	1478	902	2058	1212	1677	879	1895	1016	976	482	480	851	825	319	344	61642
*	5p	+	35	187933	119747	117965	187049	612694	3266	3008	2777	2974	1126	1421	777	1849	1338	1749	835	1819	941	1052	460	509	862	900	319	338	60131
*	5p	+	36	183694	119738	119496	184483	607411	3412	3068	2868	3075	1079	1434	764	1963	1279	1798	897	1768	948	1013	506	540	897	814	341	380	58735
*	5p	+	37	184442	116806	116447	185163	602858	3284	2977	2933	2956	1130	1436	761	2085	1233	1738	822	1743	976	1011	507	510	904	898	361	351	57380
*	5p	+	38	183163	115423	116328	182881	597795	3212	2988	2811	2974	1098	1465	759	1905	1326	1748	847	1721	945	1010	484	477	912	870	360	361	56026
*	5p	+	39	181446	115109	115342	181163	593060	3364	2943	2839	3033	1110	1404	779	2086	1164	1718	911	1799	1026	974	509	472	932	934	345	358	54728
*	5p	+	40	181266	113013	115992	178056	588327	3380	2912	2762	2933	1121	1348	813	1917	1211	1798	855	1766	1035	993	497	486	915	918	321	375	53420
*	5p	+	41	180176	112153	112743	177315	582387	3261	2950	2844	2981	1081	1466	832	1978	1283	1785	853	1770	975	957	509	501	897	888	348	329	52112
*	5p	+	42	175938	111731	113101	175270	576040	3361	2908	2781	2938	1129	1483	779	1967	1270	1696	763	1707	1020	954	480	523	861	866	347	350	50843
*	5p	+	43	174599	110804	110448	173938	569789	3212	2871	2769	2946	1129	1416	763	2278	1269	1718	754	1690	998	996	486	525	908	825	377	327	49616
*	5p	+	44	173419	109045	109849	171061	563374	3201	2929	2822	2860	1148	1441	756	1798	1174	1707	862	1617	1000	944	491	497	891	875	318	367	48457
*	5p	+	45	169487	106753	109160	170948	556348	3272	2771	2674	2750	1068	1351	729	1736	1109	1689	872	1702	921	976	479	485	881	878	334	349	47305
*	5p	+	46	169319	106021	106763	166839	548942	3159	2833	2600	3098	1055	1444	693	1752	1189	1589	819	1679	953	930	462	494	894	832	340	315	46173
*	5p	+	47	166090	103915	105308	166187	541500	3185	2937	2559	2758	973	1379	795	1927	1250	1596	813	1639	886	960	470	469	933	844	361	314	45045
*	5p	+	48	162670	103586	103597	164135	533988	3179	2717	2498	2700	1053	1343	718	1745	1180	1580	822	1618	913	887	462	465	864	847	360	332	43916
*	5p	+	49	161848	100799	102559	161205	526411	3153	2657	2519	2696	1000	1364	728	1718	1058	1628	788	1592	864	914	476	487	922	830	290	319	42880
*	5p	+	50	158205	100810	99828	159775	518618	3085	2746	2484	2639	1022	1329	673	1598	1140	1561	820	1558	922	935	453	482	884	802	307	352	41750
*	5p	+	51	157953	97983	99374	156195	511505	3096	2574	2570	2526	984	1311	645	1577	1150	1465	781	1557	939	935	461	486	876	811	305	348	40801
*	5p	+	52	154917	97060	97178	155082	504237	2982	2623	2510	2450	1049	1276	672	1632	1013	1502	785	1538	884	861	434	509	877	848	310	330	39837
*	5p	+	53	152837	95153	97128	151678	496796	2946	2521	2355	2443	972	1249	684	1675	1011	1474	787	1656	851	881	455	485	874	809	334	318	38836
*	5p	+	54	151312	94280	94001	149734	489327	3123	2376	2537	2377	986	1201	674	1502	1004	1428	774	1521	878	915	452	481	839	758	306	340	37858
*	5p	+	55	148058	91750	94531	147550	481889	3017	2447	2324	2393	916	1187	588	1539	1006	1382	730	1533	872	881	448	440	763	776	335	297	36954
*	5p	+	56	146718	89722	92105	145609	474154	2965	2365	2289	2407	926	1186	637	1421	986	1361	839	1507	878	866	403	467	736	756	304	321	36054
*	5p	+	57	143416	89128	90910	142889	466343	2970	2486	2203	2639	943	1228	597	1469	955	1402	697	1532	804	863	455	436	725	765	282	301	35152
*	5p	+	58	140487	87027	90190	140948	458652	2889	2334	2165	2284	864	1125	625	1539	922	1310	774	1466	827	829	415	418	745	716	255	297	34301
*	5p	+	59	139046	85965	86608	139052	450671	2845	2372	2098	2209	856	1174	572	1479	1079	1426	782	1345	823	791	433	427	700	727	298	287	33485
*	5p	+	60	136329	83501	85650	137263	442743	2764	2309	2126	2117	832	1203	551	1512	950	1302	771	1354	801	827	433	464	724	695	270	302	32719
*	5p	+	61	134019	82374	84672	133674	434739	2771	2317	2220	2128	822	1107	521	1386	951	1375	741	1306	798	764	430	429	740	682	283	306	31918
*	5p	+	62	130756	82248	82842	130888	426734	2755	2357	2053	2066	799	1077	565	1330	940	1274	728	1351	837	761	439	515	727	669	270	298	31146
*	5p	+	63	129348	79620	81076	128441	418485	2627	2203	2021	2022	810	1163	543	1418	898	1263	683	1239	819	869	435	402	700	716	259	250	30344
*	5p	+	64	126627	78392	79450	126003	410472	2598	2193	2007	2059	784	1049	571	1426	918	1201	615	1226	837	779	416	393	669	631	279	325	29566
*	5p	+	65	123935	76899	77255	124293	402382	2613	2126	1989	1877	785	985	564	1561	865	1158	649	1163	782	743	378	405	704	653	289	274	28860
*	5p	+	66	121827	75706	76839	119999	394371	2537	2144	1961	1860	775	1088	495	1359	871	1204	652	1194	776	692	414	407	650	651	250	316	28145
*	5p	+	67	120151	72839	74401	118924	386315	2463	1982	1967	1827	749	1071	541	1267	827	1186	625	1116	766	747	392	379	652	620	268	252	27441
*	5p	+	68	116910	70780	74096	116330	378116	2584	1900	1909	1780	749	1031	508	1218	844	1167	708	1097	722	718	384	394	622	702	248	228	26775
*	5p	+	69	113972	70905	71854	113466	370197	2480	1919	1935	1796	691	969	524	1267	810	1208	603	1095	750	669	384	378	619	583	238	253	26042
*	5p	+	70	112408	68005	69917	111769	362099	2419	1865	1774	1776	731	1015	493	1160	816	1135	615	1051	681	699	370	380	598	583	263	213	25425
*	5p	-	1	167660	153810	120709	156720	598899	2037	2394	2310	3080	1399	982	652	1591	1048	1273	959	934	0	0	0	0	32	28	36	33	143334
*	5p	-	2	183392	102958	120206	192325	598881	1937	2784	2080	1684	689	997	561	971	848	1011	450	991	7	17	11	7	41	26	31	31	142849
*	5p	-	3	183224	129064	101446	185189	598923	1820	2165	1500	1825	775	830	420	1022	590	847	524	1177	12	16	9	15	58	24	26	17	139006
*	5p	-	4	192927	119979	101358	184562	598826	1894	1932	1482	1728	658	761	401	1069	551	967	443	996	37	49	42	48	66	55	52	48	134271
*	5p	-	5	195303	113707	110410	179418	598838	1816	1824	1645	1647	604	781	461	956	612	931	418	1139	60	63	60	49	64	59	35	52	129046
*	5p	-	6	198176	109919	114507	176153	598755	2806	2565	2527	2239	930	1245	745	1508	1047	1423	695	1713	79	85	57	63	111	72	49	66	123122
*	5p	-	7	177632	113512	108135	199383	598662	2329	2775	2236	2424	945	1232	706	1457	1009	1417	630	1638	116	93	66	68	125	119	80	67	119916
*	5p	-	8	176951	120530	109547	191594	598622	2470	2791	2363	2445	996	1289	682	1377	953	1399	706	1592	143	132	71	90	152	141	76	62	116406
*	5p	-	9	170570	120318	107537	200062	598487	2330	2876	2292	2558	1017	1307	726	1465	956	1309	686	1701	190	154	105	102	177	222	100	68	112936
*	5p	-	10	184954	112029	110303	191101	598387	2547	2724	2227	2317	903	1268	714	1435	993	1412	590	1668	234	214	110	108	215	236	103	112	109361
*	5p	-	11	180989	122338	115936	179030	598293	2722	2740	2790	2606	1049	1213	821	1595	1092	1485	708	1740	252	269	152	148	237	259	140	122	105646
*	5p	-	12	179148	124479	113491	181069	598187	2641	2789	2616	2711	1060	1289	1747	1514	1053	1430	742	1671	294	295	147	142	282	296	154	131	102901
*	5p	-	13	181408	120194	111666	184866	598134	2675	2716	2540	2561	1079	1328	767	1502	1117	1463	687	1618	266	361	163	165	301	322	160	132	100100
*	5p	-	14	180059	119672	113723	184553	598007	2687	2740	2528	2624	1027	1267	728	1609	1119	1416	690	1685	366	363	220	198	346	371	170	159	97328
*	5p	-	15	181923	118492	111529	185994	597938	2711	2728	2426	2554	1016	1234	722	1600	1046	1458	907	1662	393	419	201	208	401	412	155	145	94589
*	5p	-	16	184514	118549	110776	183972	597811	2622	2631	2564	2379	1034	1307	1804	1531	1065	1435	671	1658	433	447	200	205	424	380	219	173	91891
*	5p	-	17	184886	118027	111520	183405	597838	2559	2720	2582	2618	1031	1328	754	1467	1028	1539	709	1599	451	466	222	213	408	440	183	184	89580
*	5p	-	18	179931	118079	115589	184124	597723	2718	2769	2503	2583	1014	1322	642	1559	1070	1455	719	1659	485	466	243	207	484	475	208	162	87247
*	5p	-	19	180888	118056	111620	187136	597700	2718	2657	2540	2548	918	1321	648	1493	1065	1565	675	1545	457	522	231	243	461	491	208	192	85056
*	5p	-	20	178035	116656	112582	176489	583762	2870	2866	2734	2732	1236	1347	720	1652	1139	1560	886	1799	557	567	281	267	494	499	230	223	82909
*	5p	-	21	175384	115841	110821	175912	577958	2952	2951	2977	2852	1120	1370	794	1664	1198	1744	1122	1712	551	601	296	275	558	563	236	241	80634
*	5p	-	22	174418	114408	109051	177614	575491	2922	2906	2700	2549	1110	1346	840	1622	1193	1616	799	1677	556	648	312	316	601	630	243	254	78601
*	5p	-	23	173324	114300	109957	176294	573875	2976	2864	2669	2661	1082	1351	735	1665	1121	1606	797	1703	623	622	347	308	608	670	339	247	76578
*	5p	-	24	173273	114930	110284	174317	572804	2942	2909	2756	2695	1032	1304	680	1716	1040	1618	775	1763	622	714	334	317	675	679	294	240	74604
*	5p	-	25	171216	116251	109684	173988	571139	3053	3028	2653	2697	1033	1351	744	1759	1063	1574	733	1783	691	685	318	360	642	687	264	255	72738
*	5p	-	26	171907	114556	110188	173117	569768	3176	3002	2615	2659	1142	1416	709	1728	1121	1663	700	1841	698	692	356	389	693	699	268	259	70831
*	5p	-	27	173736	111583	109806	173420	568545	3047	2797	2624	2738	1087	1360	713	1721	1146	1651	751	1656	732	698	390	346	673	819	268	253	69024
*	5p	-	28	172381	115008	108406	171767	567562	2904	2808	2658	2752	1023	1378	852	1706	1158	1658	698	1696	697	759	385	375	698	705	299	275	67275
*	5p	-	29	173294	113163	108640	171687	566784	2927	2912	2710	2484	1124	1320	703	1652	1193	1594	727	1664	733	756	363	396	740	742	269	334	65615
*	5p	-	30	171361	110363	109049	175189	565962	2952	2768	2610	2667	1079	1310	739	1626	1233	1665	717	1682	772	754	397	395	718	760	328	274	63992
*	5p	-	31	170595	112756	106322	173925	563598	2934	2743	2659	2909	1693	1341	675	1739	1216	1715	702	1641	813	821	390	373	739	715	269	306	62421
*	5p	-	32	172443	110821	108718	168970	560952	2883	2746	2631	2603	1188	1380	691	1688	1140	1575	712	1634	818	836	401	437	789	747	297	278	60881
*	5p	-	33	170418	113186	106037	168373	558014	3033	2988	2715	2659	1079	1447	683	1686	1181	1598	740	1647	822	823	414	399	786	768	335	305	59361
*	5p	-	34	171727	107613	106072	169771	555183	3028	2712	2657	2653	1125	1303	652	1707	1214	1625	804	1768	871	832	430	411	773	820	326	310	57977
*	5p	-	35	169509	109392	104918	168615	552434	3075	2846	2568	2649	1123	1429	661	1742	1159	1643	744	1565	913	854	425	449	783	796	356	288	56541
*	5p	-	36	165660	108822	104716	168898	548096	3146	2887	2703	2624	1115	1341	703	1714	1161	1671	727	1627	870	856	412	456	815	759	311	329	55166
*	5p	-	37	166064	108521	103058	166227	543870	2964	2781	3190	2598	1070	1337	690	1812	1293	1559	686	1595	858	833	475	450	824	814	307	303	53860
*	5p	-	38	162793	105076	103587	168040	539496	3146	2690	2603	2519	971	1301	665	1668	1185	1609	837	1615	885	895	497	472	816	783	341	340	52560
*	5p	-	39	161619	105845	101716	166084	535264	2999	2657	2400	2534	960	1430	690	1643	1164	1658	746	1633	906	900	436	430	767	831	314	334	51373
*	5p	-	40	162542	103996	101215	163093	530846	2930	2804	2604	2542	1030	1275	704	1638	1142	1599	685	1689	874	886	480	446	801	850	326	323	50175
*	5p	-	41	159572	104440	102367	159014	525393	3092	2757	2603	2561	1053	1316	672	1632	1259	1546	660	1686	837	926	471	473	851	822	344	320	48982
*	5p	-	42	157188	103458	100583	158410	519639	3174	2749	2551	2529	997	1320	690	1668	1149	1517	714	1531	861	934	512	486	824	815	327	333	47822
*	5p	-	43	158467	99827	98215	157591	514100	2994	2633	2463	2501	964	1282	623	1631	1100	1498	713	1537	891	942	460	458	816	830	323	297	46664
*	5p	-	44	155263	99899	96961	156093	508216	3088	2719	2498	3140	1003	1225	646	1618	1138	1540	701	1418	894	873	458	500	794	837	304	326	45577
*	5p	-	45	154036	97154	95664	154826	501680	2995	2623	2474	2493	965	1221	648	1612	1120	1651	764	1529	864	917	488	453	776	785	351	328	44413
*	5p	-	46	152817	94365	95821	151913	494916	2972	2614	2486	2394	973	1274	615	1530	1119	1497	637	1496	873	860	471	462	766	780	313	358	43316
*	5p	-	47	149856	93376	92803	151812	487847	2961	2550	2437	2454	961	1267	598	1566	1103	1491	668	1521	883	916	450	454	824	816	299	303	42300
*	5p	-	48	146909	92747	93849	147504	481009	2831	2578	2364	2303	934	1327	581	1588	1067	1479	672	1628	914	892	456	450	784	801	349	292	41208
*	5p	-	49	148636	89800	91014	144576	474026	2935	2484	2851	2246	943	1274	600	1509	985	1508	649	1536	900	904	425	439	815	793	324	301	40156
*	5p	-	50	143066	90181	89136	144393	466776	2758	2469	2243	2230	876	1197	617	1523	933	1400	627	1492	900	901	461	421	844	794	294	280	39194
*	5p	-	51	141360	88580	88676	141658	460274	2808	2425	2251	2303	820	1166	622	1453	974	1325	589	1402	854	875	463	406	817	759	293	292	38264
*	5p	-	52	138862	87569	88177	138902	453510	2729	2319	2184	2185	952	1204	597	1541	962	1364	677	2635	878	801	420	436	799	761	290	262	37330
*	5p	-	53	137426	85703	85310	138312	446751	2742	2412	2132	2107	914	1163	566	1519	929	1382	571	1360	845	857	442	427	776	740	270	298	36436
*	5p	-	54	135946	83427	84479	135903	439755	2711	2257	2118	2072	862	1158	564	1420	922	1277	540	1311	879	857	447	438	674	754	307	285	35522
*	5p	-	55	133328	82488	85357	131606	432779	2713	2406	2137	2123	882	1189	600	1407	941	1284	569	1359	845	786	457	445	702	751	321	286	34651
*	5p	-	56	133150	80849	81483	130194	425676	2715	2205	2248	1949	878	1114	572	1360	928	1327	562	1274	826	857	436	421	695	736	283	290	33805
*	5p	-	57	130219	78657	80358	129198	418432	2663	2120	2107	2090	798	1054	533	1301	908	1258	533	1261	775	801	444	459	707	678	299	277	32971
*	5p	-	58	127758	78205	78392	126732	411087	2603	2157	2052	1925	878	1088	562	1315	894	1248	482	1197	735	823	431	413	697	701	273	268	32158
*	5p	-	59	124274	77666	77475	124431	403846	2575	2156	1952	2049	769	1043	516	1213	874	1325	584	1177	806	807	357	389	680	671	274	262	31419
*	5p	-	60	121652	74346	78235	122335	396568	2548	2150	1985	1862	768	986	476	1272	832	1277	501	1278	810	761	383	396	670	710	244	277	30688
*	5p	-	61	120376	74140	74052	120624	389192	2528	1959	1938	1830	781	995	513	1253	846	1213	494	1114	771	773	406	387	713	673	265	261	29957
*	5p	-	62	118673	71808	74878	116425	381784	2618	1969	1902	1820	778	1003	568	1292	793	1194	516	1210	800	778	376	365	711	635	250	265	29188
*	5p	-	63	116336	70476	72106	115382	374300	2448	1873	1802	1804	776	995	485	1210	797	1172	527	1137	721	775	391	362	644	652	253	235	28457
*	5p	-	64	112764	71118	69689	113395	366966	2447	1960	1823	1724	742	924	504	1215	821	1187	456	1075	737	738	379	350	698	642	223	227	27710
*	5p	-	65	110524	67762	68879	112213	359378	2305	1805	1766	1720	699	886	461	1281	824	1043	505	997	765	731	343	376	640	629	248	264	26992
*	5p	-	66	108158	66188	67578	109883	351807	2312	1821	1751	1643	708	918	484	1268	848	1169	512	985	720	716	369	347	631	640	241	253	26271
*	5p	-	67	105961	64932	67259	106261	344413	2250	1755	1806	1719	603	827	453	1214	770	1031	444	1103	678	639	374	344	637	601	210	274	25585
*	5p	-	68	104670	63986	64397	104045	337098	2226	1681	1664	1590	681	892	468	1103	711	1080	417	1008	653	677	348	368	599	603	244	204	24893
*	5p	-	69	101871	63195	63465	101231	329762	2208	1710	1659	1652	681	878	438	1119	739	1023	414	942	714	674	325	330	608	575	203	218	24179
*	5p	-	70	101239	60494	61655	99016	322404	2162	1590	1709	1470	652	800	391	1082	826	993	393	945	679	673	330	352	574	556	206	228	23541
