# table produced by mapDamage version 2.2.1
# using mapped file CviAPal006.merged.L103.realn.bam and reference.ssl.Cvi20k_rename.fasta as reference file
# Chr: reference from sam/bam header, End: from which termini of DNA sequences, Std: strand of reads
Chr	End	Std	Pos	A	C	G	T	Total	G>A	C>T	A>G	T>C	A>C	A>T	C>G	C>A	T>G	T>A	G>C	G>T	A>-	T>-	C>-	G>-	->A	->T	->C	->G	S
*	3p	+	1	56103	39624	49443	59108	204278	2147	489	809	636	355	350	267	414	380	352	252	403	0	0	0	0	9	6	6	8	66586
*	3p	+	2	65413	42912	35526	60488	204339	1500	510	479	563	206	272	152	374	235	323	181	271	0	2	0	1	9	8	8	9	66449
*	3p	+	3	62445	35663	45234	61003	204345	1051	485	450	450	187	257	146	314	226	248	160	271	2	4	0	1	11	15	2	3	65176
*	3p	+	4	62295	35777	43607	62639	204318	797	470	465	391	189	236	135	319	241	246	143	279	9	7	14	14	21	10	13	13	63537
*	3p	+	5	63113	37469	39735	63988	204305	693	438	434	473	182	224	147	284	219	235	151	316	16	12	10	10	18	22	13	17	61835
*	3p	+	6	59396	42472	37332	65098	204298	1046	929	725	797	380	450	259	587	350	482	332	544	15	14	20	8	19	26	21	12	59855
*	3p	+	7	68731	38596	38132	58810	204269	1110	788	784	702	356	386	242	578	328	493	302	512	33	28	17	13	36	33	22	16	58737
*	3p	+	8	66588	38367	40592	58727	204274	1091	738	825	781	346	406	243	592	399	546	287	480	33	36	20	21	37	31	13	21	57517
*	3p	+	9	68067	37524	40489	58156	204236	1089	737	755	766	320	394	226	610	370	509	414	521	43	62	26	36	49	43	20	28	56269
*	3p	+	10	66578	38419	37867	61343	204207	992	749	768	689	348	437	205	546	356	489	320	518	66	58	30	38	64	54	28	24	55060
*	3p	+	11	63622	38479	40419	61647	204167	1000	857	915	830	395	502	242	636	441	563	435	586	66	81	36	53	69	59	43	39	53776
*	3p	+	12	60284	38663	44776	60408	204131	1105	883	933	834	380	413	224	569	450	596	1951	571	82	95	56	46	67	80	45	53	52860
*	3p	+	13	62232	38574	42599	60700	204105	1075	886	885	807	375	454	244	572	426	505	320	630	128	96	54	55	103	88	40	42	51875
*	3p	+	14	61097	38734	43192	61026	204049	1027	878	794	827	365	440	282	599	395	559	262	607	99	107	58	60	111	98	52	57	50945
*	3p	+	15	63078	37759	39143	64029	204009	955	807	800	828	374	431	328	614	419	588	279	544	110	108	61	73	140	125	61	41	49961
*	3p	+	16	61957	37675	40344	64006	203982	999	825	849	855	379	449	237	599	465	572	1397	597	131	125	67	68	144	127	44	75	49017
*	3p	+	17	62859	38375	38924	63797	203955	957	856	917	889	379	530	252	617	427	558	298	579	133	135	71	84	157	138	62	65	48209
*	3p	+	18	62506	41737	39391	60290	203924	956	865	872	850	365	444	263	687	389	575	255	552	157	159	72	71	153	144	62	95	47336
*	3p	+	19	65901	37911	38890	61205	203907	917	872	820	887	401	479	270	613	405	559	245	543	181	150	82	69	179	151	70	71	46549
*	3p	+	20	59762	40656	38532	59321	198271	1021	876	899	891	380	457	396	692	533	582	273	558	187	182	77	90	186	165	91	80	45834
*	3p	+	21	61451	38023	38412	58074	195960	1062	950	1035	1015	417	515	743	679	436	583	254	588	202	203	94	102	196	184	67	89	45075
*	3p	+	22	59531	36720	40332	58420	195003	1008	926	858	866	393	517	310	615	442	550	489	589	249	197	115	99	198	179	77	88	44342
*	3p	+	23	60756	37909	38092	57654	194411	957	882	914	916	363	457	330	713	424	592	304	570	214	213	112	119	193	192	67	110	43591
*	3p	+	24	57521	40176	38270	57955	193922	1080	963	933	972	430	481	247	657	410	542	256	615	224	216	121	128	199	231	91	82	42872
*	3p	+	25	57735	40375	38742	56404	193256	1068	967	877	939	377	496	297	691	461	586	253	659	209	221	105	141	206	188	93	89	42105
*	3p	+	26	57237	37225	38910	59377	192749	1093	989	924	912	378	454	311	676	456	626	246	615	238	248	118	134	216	194	92	89	41412
*	3p	+	27	57724	37560	36696	60318	192298	974	937	969	988	409	458	260	659	437	621	236	556	245	256	122	143	227	208	83	93	40734
*	3p	+	28	55989	38208	40836	56873	191906	1014	950	948	913	385	480	283	650	400	550	367	613	251	265	112	119	236	215	94	77	40082
*	3p	+	29	56697	38759	37615	58482	191553	958	1016	893	917	368	438	266	603	407	571	252	572	257	249	141	129	236	243	100	97	39462
*	3p	+	30	60240	37551	36368	57007	191166	991	911	906	896	361	441	289	647	449	563	296	580	261	239	147	143	268	255	88	121	38776
*	3p	+	31	58477	35459	39908	56549	190393	992	885	997	920	397	482	240	633	514	569	237	658	275	251	139	142	259	264	121	101	38160
*	3p	+	32	55958	36611	37444	59723	189736	925	891	962	933	360	495	245	614	453	619	258	634	267	270	163	148	264	247	83	107	37582
*	3p	+	33	55560	35587	37967	59958	189072	1091	954	942	970	361	485	274	583	440	581	232	632	273	252	137	183	271	246	90	115	36988
*	3p	+	34	56036	35747	35897	60706	188386	958	976	828	874	374	451	299	641	468	583	251	621	264	294	146	135	263	221	109	110	36436
*	3p	+	35	56291	35410	36047	59930	187678	1005	953	840	948	356	474	233	628	450	594	277	613	270	269	163	160	274	251	102	108	35851
*	3p	+	36	58970	35470	37237	54730	186407	974	922	907	911	359	473	231	635	423	529	253	566	284	315	161	136	302	239	102	118	35259
*	3p	+	37	55853	34700	38774	55889	185216	973	906	914	1619	410	471	233	656	357	594	240	688	279	302	183	171	285	274	114	106	34730
*	3p	+	38	58632	36658	35036	53428	183754	921	986	884	862	395	459	455	584	383	548	234	621	341	328	133	156	262	286	99	103	34218
*	3p	+	39	58034	34789	36270	53619	182712	945	887	907	838	343	435	260	608	373	570	265	579	335	292	158	149	256	281	109	113	33693
*	3p	+	40	56992	34416	35549	54682	181639	975	879	879	845	409	476	241	640	394	538	249	603	293	290	157	162	273	277	116	117	33148
*	3p	+	41	53626	37724	36117	52869	180336	1002	966	919	881	423	416	245	621	395	528	268	592	287	285	185	199	273	263	116	119	32623
*	3p	+	42	53570	34954	37178	53272	178974	919	855	928	848	348	508	270	543	429	579	246	599	296	289	173	161	272	265	123	98	32094
*	3p	+	43	54519	33524	34333	55292	177668	902	893	858	873	329	441	252	562	347	533	217	530	292	300	163	156	288	257	135	97	31546
*	3p	+	44	53360	34209	36141	52494	176204	911	849	1263	839	345	436	231	552	365	503	238	500	298	284	175	173	303	278	141	114	31018
*	3p	+	45	55609	33030	34112	51955	174706	944	880	864	864	386	461	277	518	389	499	262	548	318	320	167	167	285	301	122	123	30540
*	3p	+	46	54451	34218	32574	51984	173227	892	938	830	901	355	433	248	600	428	523	204	502	296	328	160	166	259	261	130	118	30026
*	3p	+	47	54805	32648	32552	51505	171510	932	886	814	828	343	397	234	616	344	546	220	525	295	286	159	152	274	271	95	115	29524
*	3p	+	48	51165	36079	32531	50164	169939	848	856	735	861	394	392	256	609	383	511	221	510	298	287	172	154	273	315	98	104	29033
*	3p	+	49	50085	32036	31613	54480	168214	878	844	790	1707	330	420	238	619	385	542	224	513	302	319	160	140	263	265	128	117	28550
*	3p	+	50	52821	31925	32081	49718	166545	875	876	985	823	359	405	226	604	344	441	235	543	315	279	171	154	279	289	111	126	28053
*	3p	+	51	50172	33817	31748	49258	164995	830	848	799	825	343	385	234	648	391	430	236	510	294	290	163	162	282	331	98	120	27556
*	3p	+	52	49402	33132	32086	48801	163421	849	788	770	836	319	406	560	2505	344	491	205	550	310	284	149	161	320	294	115	121	27062
*	3p	+	53	51147	31261	30906	48507	161821	801	838	868	813	318	401	218	563	382	477	237	509	297	294	165	163	308	278	103	104	26560
*	3p	+	54	50895	31171	29997	48198	160261	829	811	803	782	319	427	234	493	346	493	230	492	309	270	146	167	269	265	95	117	26100
*	3p	+	55	46856	33652	29650	48417	158575	821	815	749	771	291	381	193	505	388	445	223	417	294	282	178	147	270	266	111	125	25646
*	3p	+	56	46842	29887	29903	50189	156821	825	808	747	766	293	398	204	481	358	459	234	459	311	302	140	169	280	301	108	121	25209
*	3p	+	57	46989	29616	28694	49874	155173	771	800	753	722	306	392	190	459	342	478	197	493	277	277	148	178	268	292	101	105	24765
*	3p	+	58	46301	29439	29052	48637	153429	807	769	728	745	285	379	203	459	371	442	224	448	263	293	172	151	280	282	120	120	24336
*	3p	+	59	46214	28887	30876	45615	151592	770	790	751	703	276	393	154	468	289	449	197	462	269	279	144	172	282	278	117	122	23913
*	3p	+	60	45678	30925	28645	44585	149833	772	808	711	724	290	337	245	475	299	422	199	436	286	308	151	149	280	281	119	102	23486
*	3p	+	61	46644	28137	28867	44384	148032	764	784	668	714	305	400	181	439	331	421	195	460	259	299	147	151	307	263	98	109	23020
*	3p	+	62	43835	30030	27460	44875	146200	699	761	722	674	243	380	164	431	357	396	233	448	290	274	160	152	272	280	92	106	22567
*	3p	+	63	45030	27771	27313	44124	144238	780	756	708	716	284	370	167	413	292	448	209	439	294	321	163	156	264	252	93	135	22127
*	3p	+	64	44371	26994	28325	42601	142291	719	762	695	655	272	340	226	405	306	362	199	457	314	267	160	155	261	280	91	120	21651
*	3p	+	65	45009	26913	26769	41686	140377	737	730	646	668	243	342	221	401	294	403	187	435	261	294	144	160	300	256	90	130	21202
*	3p	+	66	43957	26984	26186	41350	138477	653	732	611	671	281	341	173	411	309	408	176	457	259	309	167	152	283	263	116	121	20790
*	3p	+	67	41857	28514	25707	40594	136672	675	699	638	702	268	319	176	560	305	350	183	427	243	276	165	158	257	246	121	100	20344
*	3p	+	68	41182	25891	27023	40704	134800	637	690	621	669	304	359	185	432	285	352	162	452	281	284	149	136	260	239	93	103	19917
*	3p	+	69	40269	25687	27092	39875	132923	669	697	634	644	264	327	180	377	284	367	202	433	270	287	142	159	215	251	110	107	19460
*	3p	+	70	41045	24887	25073	39993	130998	596	687	606	597	284	316	154	387	272	410	183	426	269	280	156	134	241	265	81	119	18972
*	3p	-	1	54112	38872	48252	56038	197274	2166	558	818	606	325	314	245	365	417	334	224	381	0	0	0	0	11	9	5	4	60591
*	3p	-	2	64186	37742	34259	61119	197306	1427	504	466	617	229	291	109	340	221	326	156	290	8	8	1	2	3	3	3	3	60469
*	3p	-	3	61516	34934	39960	60900	197310	1026	466	536	457	168	220	129	331	225	241	125	307	7	3	2	1	3	2	1	1	59248
*	3p	-	4	60540	35183	38237	63225	197185	836	481	496	427	188	237	115	302	216	246	120	314	34	65	21	9	44	47	26	16	57710
*	3p	-	5	59135	36681	37356	64013	197185	744	486	520	425	222	216	134	307	219	239	129	274	44	42	16	18	57	46	21	12	56128
*	3p	-	6	58324	37564	36187	65107	197182	1055	820	806	812	333	468	211	623	374	487	274	519	56	41	19	20	52	57	15	14	54174
*	3p	-	7	63156	36412	37224	60337	197129	1061	757	752	754	332	383	236	558	356	519	224	529	62	45	23	25	88	71	17	17	53188
*	3p	-	8	61590	37073	38534	59919	197116	1027	718	809	742	340	378	236	564	381	535	232	479	61	53	31	19	87	79	14	26	52105
*	3p	-	9	64514	35878	38843	57792	197027	1067	754	796	809	369	405	237	556	410	492	207	478	89	77	38	48	110	105	37	41	51010
*	3p	-	10	61516	36873	36685	61921	196995	958	744	744	772	356	407	233	562	400	461	190	565	91	107	42	35	106	119	44	56	49968
*	3p	-	11	58499	38981	39045	60467	196992	960	796	908	810	380	434	257	556	403	553	236	614	107	104	54	52	103	134	43	48	48872
*	3p	-	12	58766	38541	39779	59884	196970	1024	801	918	907	348	410	427	568	463	570	280	592	121	133	56	69	119	141	31	57	48019
*	3p	-	13	59704	38019	38606	60600	196929	1084	817	861	791	405	388	247	584	408	546	293	579	138	125	61	69	150	128	55	58	47181
*	3p	-	14	60031	37570	38505	60805	196911	982	857	873	843	414	371	223	589	425	523	277	560	157	153	72	68	157	152	45	45	46327
*	3p	-	15	60099	37552	38829	60413	196893	1031	841	923	795	396	410	234	524	412	502	290	632	148	172	70	78	162	136	56	73	45531
*	3p	-	16	60087	38238	38063	60466	196854	973	841	878	821	405	446	238	621	423	549	224	656	157	160	80	75	156	171	64	66	44731
*	3p	-	17	60109	37243	38214	61292	196858	978	795	926	860	499	408	242	553	465	538	418	592	171	154	68	83	177	158	57	69	43993
*	3p	-	18	59128	37732	38853	61091	196804	1105	861	898	848	406	431	220	602	413	536	258	598	185	177	84	77	184	193	64	73	43293
*	3p	-	19	60022	37970	38230	60592	196814	925	853	820	836	337	430	262	566	378	556	238	614	196	173	118	92	171	190	67	76	42599
*	3p	-	20	57268	37570	37584	58762	191184	1011	921	891	862	367	451	237	554	420	538	228	584	233	222	93	110	183	185	82	67	41915
*	3p	-	21	56962	36658	37046	58177	188843	978	924	954	944	370	451	254	616	468	584	271	619	234	209	132	110	188	213	81	84	41188
*	3p	-	22	56868	36698	36594	57731	187891	1012	911	951	889	390	436	241	584	454	607	279	617	217	232	120	113	228	203	74	79	40575
*	3p	-	23	57080	36849	36145	57230	187304	977	906	981	868	378	457	234	626	441	584	256	614	202	224	133	124	200	224	79	65	39949
*	3p	-	24	56194	37258	36238	57161	186851	1043	934	906	876	391	463	245	560	431	580	274	603	224	218	121	92	191	221	75	79	39334
*	3p	-	25	56447	36125	36328	57238	186138	980	935	922	884	367	441	316	607	414	600	389	637	259	226	131	108	250	211	77	74	38703
*	3p	-	26	55653	36372	36326	57267	185618	1040	913	937	892	390	435	292	663	441	615	264	624	255	233	113	132	217	249	89	92	38078
*	3p	-	27	55618	36380	36533	56601	185132	1025	856	946	969	380	527	292	653	450	586	291	623	256	223	126	121	263	233	88	102	37507
*	3p	-	28	55807	35992	35924	56983	184706	984	909	926	869	392	442	278	598	439	583	255	658	240	244	155	149	227	276	98	114	36935
*	3p	-	29	55746	35916	35920	56862	184444	955	900	899	964	410	434	265	606	433	561	259	562	282	241	133	134	242	250	91	124	36349
*	3p	-	30	55723	36223	36070	56129	184145	944	890	892	962	381	490	253	610	415	599	285	581	261	267	142	152	249	266	93	94	35802
*	3p	-	31	55644	36374	35786	55505	183309	993	893	907	913	361	450	282	592	394	518	274	607	329	280	160	151	244	272	97	111	35257
*	3p	-	32	55131	35875	35998	55637	182641	971	872	960	909	379	467	240	605	448	575	242	567	296	279	148	158	270	245	100	96	34747
*	3p	-	33	54738	35593	35724	55891	181946	1037	837	914	896	433	462	297	600	446	549	290	630	270	299	164	149	246	300	103	109	34236
*	3p	-	34	54207	35991	35626	55409	181233	931	909	862	868	388	470	258	564	421	501	244	587	282	297	142	147	285	265	103	108	33751
*	3p	-	35	55139	34818	35430	55214	180601	980	883	892	840	351	439	265	590	425	548	240	613	303	272	154	146	287	243	98	108	33273
*	3p	-	36	54737	35303	35253	54049	179342	943	867	895	894	403	450	258	580	398	495	233	650	279	292	159	154	263	254	124	122	32725
*	3p	-	37	54211	34834	35099	54167	178311	978	904	843	859	381	423	242	548	387	559	264	622	280	280	182	138	295	258	97	98	32254
*	3p	-	38	54027	34549	34497	54141	177214	944	842	877	836	416	456	282	513	404	511	260	616	288	297	140	157	267	260	116	96	31738
*	3p	-	39	53701	34798	34464	53181	176144	952	833	912	815	367	453	257	572	403	550	231	601	288	285	165	141	281	271	92	127	31271
*	3p	-	40	52610	34693	34171	53654	175128	966	850	874	780	380	452	298	554	399	546	268	556	291	289	146	145	280	256	114	128	30777
*	3p	-	41	52928	33657	33919	53291	173795	953	867	923	874	343	450	249	552	403	547	271	560	279	288	165	170	270	292	111	119	30270
*	3p	-	42	52246	34002	33786	52339	172373	941	915	807	791	333	450	227	535	371	558	268	640	305	269	174	158	285	275	95	120	29779
*	3p	-	43	51611	33330	34053	52127	171121	931	819	851	840	383	396	234	555	352	518	240	755	284	295	162	170	297	286	92	108	29326
*	3p	-	44	51381	33032	33185	52228	169826	881	873	872	880	363	416	238	521	393	510	227	540	281	315	160	151	297	268	109	121	28889
*	3p	-	45	51205	33282	32597	51356	168440	893	888	788	893	377	434	249	529	363	498	210	499	311	320	175	155	312	258	121	135	28457
*	3p	-	46	50502	32628	32634	51212	166976	871	855	887	753	361	426	236	517	390	499	246	527	300	298	148	170	286	269	127	122	27970
*	3p	-	47	50577	32458	32236	50110	165381	923	803	846	788	339	432	239	515	385	474	227	640	293	279	170	173	275	277	106	112	27502
*	3p	-	48	49915	32292	31902	49711	163820	911	848	893	839	333	386	231	478	372	520	200	566	277	305	168	174	260	265	115	111	27071
*	3p	-	49	48838	31721	31767	49932	162258	849	821	813	790	296	436	237	515	368	524	226	569	313	322	155	161	255	286	103	107	26636
*	3p	-	50	48672	31410	31880	48654	160616	915	862	801	791	326	421	237	509	317	509	241	579	302	308	146	183	264	256	131	119	26193
*	3p	-	51	48513	31358	30583	48618	159072	818	824	822	791	304	426	242	484	368	491	237	520	320	301	170	151	271	270	119	110	25702
*	3p	-	52	47930	30665	30837	48181	157613	810	777	768	770	294	403	234	490	360	456	205	519	299	268	185	150	275	243	134	102	25268
*	3p	-	53	47482	30884	30183	47498	156047	802	787	715	762	343	397	228	523	344	489	191	539	327	274	159	165	242	258	119	113	24821
*	3p	-	54	47015	30178	29872	47475	154540	883	807	809	779	330	358	253	445	344	488	211	489	278	298	161	156	280	241	109	101	24409
*	3p	-	55	46111	30716	29687	46479	152993	792	783	739	720	307	404	237	446	342	464	212	463	304	267	179	141	265	240	101	114	23944
*	3p	-	56	46466	29390	29444	46138	151438	755	734	837	827	340	399	238	470	337	413	181	472	285	277	159	143	242	241	103	102	23526
*	3p	-	57	45661	29891	28940	45298	149790	833	753	831	743	322	417	214	445	320	446	177	477	267	297	145	147	245	241	94	104	23104
*	3p	-	58	45280	29422	28709	44663	148074	744	748	720	677	293	373	233	447	294	444	191	473	281	260	149	161	240	231	110	95	22676
*	3p	-	59	44961	28489	28470	44449	146369	742	723	783	698	332	370	236	437	330	472	199	469	274	263	172	157	251	250	102	101	22272
*	3p	-	60	44147	28494	28125	43958	144724	803	752	693	712	260	365	213	437	308	453	172	457	267	287	158	171	211	257	106	100	21847
*	3p	-	61	43786	27682	27871	43630	142969	769	705	640	718	289	392	201	398	297	461	202	460	265	292	170	139	243	251	87	112	21450
*	3p	-	62	43247	27645	27788	42661	141341	733	726	704	674	284	370	241	431	315	451	171	408	282	275	216	165	220	253	99	89	21018
*	3p	-	63	42266	27565	27321	42329	139481	781	670	691	661	303	335	212	416	296	394	198	469	347	273	117	155	220	241	91	110	20616
*	3p	-	64	41708	27252	26833	41897	137690	747	659	686	678	245	345	198	421	311	418	204	471	278	264	139	143	227	254	97	91	20206
*	3p	-	65	41324	26469	26733	41440	135966	733	658	637	716	271	323	204	417	306	407	234	535	270	276	133	151	218	235	97	103	19816
*	3p	-	66	40592	26155	26387	41054	134188	702	705	671	686	258	313	201	438	301	408	183	426	257	273	151	121	236	217	98	101	19408
*	3p	-	67	40283	25944	25707	40586	132520	654	669	593	737	255	323	188	377	307	386	220	402	235	278	147	128	218	218	95	98	19035
*	3p	-	68	39854	25915	25226	39662	130657	645	640	622	617	230	294	225	411	320	399	171	373	262	247	140	135	236	189	79	104	18642
*	3p	-	69	39221	24991	25335	39279	128826	705	648	610	662	244	323	206	361	271	390	179	448	264	259	133	117	204	236	108	90	18211
*	3p	-	70	38413	25002	24666	38935	127016	651	628	584	603	265	320	188	373	301	380	191	394	278	228	141	129	219	211	120	102	17782
*	5p	+	1	56480	54128	41762	51958	204328	623	731	800	1061	520	297	259	464	360	389	347	302	0	0	0	0	16	8	5	1	54620
*	5p	+	2	64427	34410	39077	66431	204345	580	852	749	546	237	306	171	345	260	291	103	334	11	10	2	3	8	3	2	1	54467
*	5p	+	3	63605	42331	34826	63606	204368	530	667	460	611	223	246	114	375	191	268	152	363	7	1	4	0	3	0	1	3	53231
*	5p	+	4	67373	39356	35366	62131	204226	541	619	484	629	210	233	133	396	180	270	106	319	78	42	17	20	63	49	12	26	51722
*	5p	+	5	67796	38618	38093	59688	204195	558	495	487	586	205	203	125	351	214	278	172	346	55	38	26	31	51	76	20	33	50097
*	5p	+	6	70007	35965	38996	59217	204185	925	836	822	831	338	370	259	514	362	525	230	554	52	59	35	24	81	66	19	25	48314
*	5p	+	7	63439	37469	37231	66030	204169	808	906	741	843	313	437	192	521	306	467	199	573	52	72	27	20	68	106	18	16	47313
*	5p	+	8	62178	40191	38331	63467	204167	813	927	758	837	297	375	237	512	334	435	256	541	53	60	31	26	69	82	30	30	46264
*	5p	+	9	59560	40321	36337	67876	204094	718	954	811	833	349	420	243	485	336	407	242	533	99	93	40	47	92	120	32	40	45103
*	5p	+	10	64926	37295	37809	64058	204088	855	879	799	891	302	407	234	521	321	438	224	532	106	116	54	42	121	105	45	19	44011
*	5p	+	11	63339	41018	40507	59200	204064	855	932	865	881	371	384	257	580	393	478	279	554	114	108	61	68	102	108	55	49	42854
*	5p	+	12	62202	41462	40480	59881	204025	829	927	984	955	439	404	266	527	333	453	640	546	151	124	69	58	124	130	57	42	41953
*	5p	+	13	62850	39508	39896	61704	203958	816	868	911	902	324	444	245	552	339	508	254	580	159	172	70	68	173	149	46	51	41021
*	5p	+	14	63714	39672	38271	62261	203918	872	840	898	905	365	441	274	580	435	472	257	532	162	175	70	76	149	179	64	68	40173
*	5p	+	15	62718	40700	38999	61504	203921	827	921	826	875	346	394	326	595	428	512	230	545	174	167	86	61	158	171	66	61	39301
*	5p	+	16	63136	39422	39608	61738	203904	908	954	915	891	363	413	273	594	339	495	209	656	198	171	69	71	151	170	59	77	38390
*	5p	+	17	63435	39735	38832	61895	203897	819	959	885	942	350	427	693	553	658	499	240	582	181	169	103	84	135	206	74	64	37614
*	5p	+	18	63667	40422	38999	60735	203823	812	1192	840	919	343	426	247	569	336	509	221	490	198	173	96	90	195	231	66	62	36873
*	5p	+	19	63737	39457	38674	61959	203827	840	846	839	901	314	475	213	580	355	481	229	520	186	221	104	103	195	189	85	78	36083
*	5p	+	20	60960	38880	38604	59710	198154	939	928	879	929	335	426	284	578	407	524	254	573	193	220	109	106	214	231	94	99	35381
*	5p	+	21	61075	38252	37795	58765	195887	1039	964	1009	1003	385	481	278	593	368	491	260	573	221	205	115	112	228	219	67	98	34631
*	5p	+	22	60167	38161	38001	58574	194903	945	917	973	1010	433	477	255	603	419	511	245	571	236	211	121	104	244	232	84	83	33967
*	5p	+	23	59640	37337	38007	59360	194344	915	972	904	1115	373	445	273	626	400	515	237	567	224	231	120	115	222	220	90	89	33300
*	5p	+	24	59352	37346	38655	58529	193882	1018	965	935	923	314	439	263	601	405	511	274	619	245	234	105	117	216	241	92	93	32655
*	5p	+	25	59922	37920	37305	58010	193157	977	946	920	911	362	452	461	622	373	536	323	582	266	257	118	101	257	231	102	85	32052
*	5p	+	26	59419	37434	38111	57669	192633	935	948	915	894	371	519	258	615	422	586	263	603	271	268	111	148	251	244	104	107	31371
*	5p	+	27	59116	38165	37370	57539	192190	897	948	929	983	366	468	224	634	429	523	274	585	244	263	127	143	248	267	109	96	30734
*	5p	+	28	60114	37162	36876	57653	191805	980	923	941	940	381	483	269	813	405	482	293	624	253	283	130	164	284	255	99	82	30180
*	5p	+	29	59758	37382	37380	57004	191524	926	925	986	900	350	428	254	615	396	532	270	588	272	297	124	148	267	243	102	93	29595
*	5p	+	30	58855	37080	38133	57122	191190	940	969	968	877	337	411	281	591	377	551	296	578	279	262	142	159	266	235	89	118	29028
*	5p	+	31	58347	37369	37550	57137	190403	994	1033	957	947	369	453	247	601	397	602	346	619	287	294	154	160	265	274	97	98	28496
*	5p	+	32	58412	37370	36926	56961	189669	955	933	923	933	358	443	286	662	444	534	295	643	263	289	145	154	256	311	106	95	27936
*	5p	+	33	58230	36845	37069	56890	189034	969	867	882	967	393	432	272	625	506	530	308	584	290	279	146	177	282	268	98	114	27389
*	5p	+	34	58451	36863	37403	55613	188330	949	984	900	894	387	453	293	581	399	520	275	577	290	288	141	162	266	273	115	106	26838
*	5p	+	35	57323	37080	36375	56851	187629	1012	905	888	940	370	426	256	577	412	543	280	581	279	287	139	153	292	258	113	119	26310
*	5p	+	36	56069	37016	36538	56735	186358	968	935	897	926	357	483	256	571	385	572	304	569	274	331	145	151	289	300	125	94	25799
*	5p	+	37	56313	36794	35888	56208	185203	922	925	853	854	342	415	261	654	393	568	316	539	295	309	167	160	322	280	96	93	25285
*	5p	+	38	56464	35621	35319	56302	183706	949	935	910	942	361	438	254	605	427	564	272	552	327	305	149	159	289	263	126	122	24810
*	5p	+	39	55110	36469	35839	55239	182657	939	907	830	984	370	416	264	718	399	550	277	597	294	332	171	139	313	261	128	116	24303
*	5p	+	40	56030	35447	35874	54298	181649	973	954	879	955	343	412	214	629	384	575	301	573	342	315	147	177	258	264	123	129	23854
*	5p	+	41	55762	35130	34640	54828	180360	935	898	949	930	360	466	274	625	416	577	246	571	310	302	162	170	265	282	87	111	23409
*	5p	+	42	54502	34859	35295	54321	178977	966	969	799	940	346	484	312	633	371	535	247	549	292	324	165	177	264	279	102	110	22951
*	5p	+	43	54034	35436	34335	53877	177682	951	899	820	896	362	453	216	859	393	498	276	544	300	331	184	156	256	283	109	115	22520
*	5p	+	44	54672	35098	33931	52549	176250	945	865	913	876	333	454	238	599	413	542	294	477	308	300	160	169	283	279	109	116	22098
*	5p	+	45	53168	34172	34247	53099	174686	956	842	870	872	331	394	238	577	388	548	262	552	305	292	162	185	303	276	130	141	21703
*	5p	+	46	53457	33831	33967	51925	173180	968	884	820	1065	363	429	247	524	434	536	281	582	308	291	154	174	275	293	108	137	21268
*	5p	+	47	52602	33511	33634	51717	171464	876	869	809	887	360	446	263	797	376	489	343	502	322	288	175	156	292	272	122	116	20872
*	5p	+	48	51752	33397	32931	51840	169920	966	836	785	923	348	423	242	565	364	518	340	544	317	283	167	138	311	268	115	114	20480
*	5p	+	49	51771	32176	33242	51006	168195	912	852	815	859	325	374	220	493	338	543	318	504	319	314	160	155	293	277	120	103	20105
*	5p	+	50	50494	33275	32131	50642	166542	902	812	814	844	310	407	176	614	339	504	282	549	300	299	148	188	332	256	115	104	19712
*	5p	+	51	50648	31802	32610	49968	165028	924	818	779	841	289	406	227	519	348	471	261	474	296	298	177	171	296	274	124	104	19322
*	5p	+	52	49874	32019	31920	49671	163484	866	810	768	757	316	386	233	527	341	513	256	520	271	300	171	150	295	257	96	145	18928
*	5p	+	53	49400	31221	32410	48785	161816	870	757	858	797	348	397	200	501	330	445	266	569	293	298	148	151	280	274	125	122	18571
*	5p	+	54	49217	31270	30968	48761	160216	906	766	795	809	302	375	224	482	374	458	284	475	295	335	159	132	311	259	106	118	18204
*	5p	+	55	48409	30878	31644	47663	158594	858	772	724	829	276	434	229	468	343	437	258	499	271	292	173	158	287	247	101	116	17868
*	5p	+	56	48416	30336	30538	47618	156908	832	800	779	788	293	412	194	443	333	474	293	501	276	253	164	156	283	240	94	111	17502
*	5p	+	57	47465	29956	30437	47359	155217	836	843	715	920	317	421	212	465	315	483	250	499	281	269	154	142	259	266	100	102	17170
*	5p	+	58	46907	29534	30815	46250	153506	860	755	750	713	298	435	212	468	320	461	253	496	272	257	145	148	255	264	97	114	16860
*	5p	+	59	46331	29618	29196	46555	151700	858	704	705	710	258	365	226	477	381	453	318	469	275	272	147	138	239	258	101	102	16541
*	5p	+	60	45749	28838	29101	46236	149924	839	748	693	739	283	390	221	493	361	474	265	415	263	279	140	161	245	245	90	115	16227
*	5p	+	61	45229	28586	28988	45330	148133	776	700	688	697	287	392	211	459	332	440	286	447	258	244	156	174	226	248	99	107	15917
*	5p	+	62	44084	28869	28798	44461	146212	845	717	669	705	247	355	175	475	330	409	257	442	287	261	142	221	271	240	97	113	15613
*	5p	+	63	44359	27975	28296	43655	144285	792	717	674	678	308	368	212	448	283	390	241	439	279	360	137	143	252	240	105	104	15298
*	5p	+	64	43610	28008	28116	42629	142363	812	730	734	689	301	393	211	496	293	436	211	458	274	231	167	147	243	238	92	108	14978
*	5p	+	65	43117	27387	26971	42989	140464	793	695	729	641	269	333	276	679	303	455	249	388	255	252	158	148	258	227	108	105	14684
*	5p	+	66	42222	27499	27304	41550	138575	776	737	665	654	274	373	189	393	337	434	253	433	272	260	137	143	270	229	83	102	14390
*	5p	+	67	42302	26451	26464	41524	136741	789	639	716	653	270	339	204	435	278	400	259	405	269	261	154	130	243	229	88	96	14124
*	5p	+	68	41190	25768	26734	41135	134827	780	594	665	653	281	347	161	424	288	431	263	398	273	247	135	155	235	221	95	119	13837
*	5p	+	69	40467	26558	26004	39919	132948	695	706	692	647	274	310	198	403	287	391	266	382	241	257	154	168	218	248	85	108	13574
*	5p	+	70	40515	25326	25721	39491	131053	762	634	675	580	267	350	154	390	289	347	248	374	272	281	148	130	218	228	103	105	13279
*	5p	-	1	53938	52479	40328	50508	197253	636	695	733	1007	443	269	253	494	376	381	357	292	0	0	0	0	5	2	12	3	55183
*	5p	-	2	59934	33830	39728	63780	197272	546	852	631	467	220	353	178	262	228	280	132	318	0	1	1	2	7	4	9	3	55001
*	5p	-	3	59142	43685	33500	60976	197303	554	665	483	552	219	247	134	299	168	261	164	344	1	3	1	2	8	6	2	0	53750
*	5p	-	4	63314	40161	34304	59493	197272	569	556	438	532	198	203	132	271	151	290	142	321	6	11	7	12	11	10	11	14	52285
*	5p	-	5	64101	37674	37012	58467	197254	552	510	473	491	188	193	122	321	188	270	125	355	15	13	16	7	18	16	5	26	50641
*	5p	-	6	65683	35574	39802	56192	197251	929	870	836	720	317	348	280	487	348	495	218	568	21	25	17	16	18	17	10	24	48859
*	5p	-	7	58006	36684	36428	66113	197231	830	926	758	810	320	335	245	446	318	489	208	535	39	19	24	11	29	27	12	21	47827
*	5p	-	8	57727	39652	37256	62576	197211	773	833	787	850	325	445	272	443	313	407	226	519	31	38	16	20	34	40	17	18	46687
*	5p	-	9	55409	39720	35638	66393	197160	753	845	748	807	326	424	292	470	322	436	231	532	57	62	26	27	41	61	24	32	45583
*	5p	-	10	61008	36036	36714	63365	197123	821	884	741	728	270	395	272	471	316	426	193	510	51	85	32	33	66	82	28	21	44551
*	5p	-	11	59846	39694	38481	59051	197072	919	797	884	910	353	402	330	507	376	482	235	577	69	76	37	37	72	74	41	59	43432
*	5p	-	12	58194	42929	37800	58119	197042	870	887	888	862	348	380	994	501	315	463	257	521	88	85	45	48	95	87	64	32	42562
*	5p	-	13	59021	40200	37640	60163	197024	817	851	791	880	361	434	252	470	389	439	199	482	111	108	54	46	103	123	38	34	41605
*	5p	-	14	59449	40677	37748	59137	197011	830	894	811	831	331	415	272	543	332	487	226	555	108	119	67	52	110	106	47	47	40739
*	5p	-	15	60838	38881	36724	60547	196990	830	869	840	852	354	421	240	461	329	461	300	556	136	115	65	66	110	119	56	47	39854
*	5p	-	16	61410	39197	36597	59728	196932	849	831	872	831	347	446	913	502	333	508	212	499	135	123	68	73	128	113	68	66	38977
*	5p	-	17	61555	38721	36997	59672	196945	831	902	865	892	352	458	279	480	332	574	230	559	142	135	73	85	156	118	53	47	38244
*	5p	-	18	59401	38954	39100	59432	196887	847	849	872	800	326	450	253	469	353	463	243	560	162	157	86	66	137	154	83	58	37468
*	5p	-	19	59523	38313	37097	61942	196875	913	836	825	841	301	434	217	436	377	491	220	551	137	153	94	81	160	155	59	70	36756
*	5p	-	20	57410	38094	38368	57355	191227	898	893	898	879	459	455	270	465	417	515	319	565	163	186	78	97	177	170	62	66	36032
*	5p	-	21	56830	37550	36386	58151	188917	912	903	924	942	349	444	263	513	412	511	447	599	164	179	97	96	175	173	72	71	35310
*	5p	-	22	56180	38266	35716	57833	187995	920	882	866	941	322	422	355	520	399	542	258	546	177	207	107	87	169	166	78	67	34615
*	5p	-	23	56315	37142	36561	57302	187320	966	993	846	885	374	453	256	542	379	536	289	607	205	193	106	101	181	180	101	84	33981
*	5p	-	24	56426	37374	37445	55619	186864	937	972	928	843	382	414	229	503	406	535	223	608	185	220	131	101	209	174	93	79	33286
*	5p	-	25	55413	37765	37366	55669	186213	1034	994	882	915	342	428	223	559	373	579	260	597	220	200	119	126	170	188	80	99	32600
*	5p	-	26	56696	37597	36031	55353	185677	1016	965	862	885	379	444	266	535	369	538	241	584	226	185	125	123	204	206	85	94	31977
*	5p	-	27	57378	35624	36281	55903	185186	939	838	947	953	393	443	218	555	371	527	275	542	258	215	129	128	204	237	99	92	31332
*	5p	-	28	55509	38155	36276	54821	184761	908	925	891	903	408	424	318	506	383	532	230	559	248	229	135	133	252	224	90	95	30708
*	5p	-	29	55838	37074	36249	55311	184472	960	873	838	876	355	412	222	529	362	547	235	600	233	254	134	142	234	235	93	120	30162
*	5p	-	30	55089	35717	35735	57562	184103	1006	896	848	905	371	452	286	497	375	545	246	569	265	254	144	130	270	259	129	89	29565
*	5p	-	31	54934	37493	34537	56341	183305	860	913	880	929	476	447	235	569	394	551	246	541	223	285	169	150	250	256	105	118	29010
*	5p	-	32	56669	36236	35575	54142	182622	896	894	866	913	390	460	240	492	375	547	244	562	301	256	157	148	257	270	113	94	28468
*	5p	-	33	56461	36756	35071	53710	181998	974	908	918	859	414	465	229	573	417	533	261	576	264	286	169	136	258	238	112	100	27956
*	5p	-	34	57545	35033	34657	54036	181271	966	897	875	862	353	495	240	604	390	569	275	549	284	250	131	169	257	263	111	92	27444
*	5p	-	35	56260	35639	34554	54135	180588	951	911	908	826	366	454	203	550	385	516	248	562	288	294	165	133	257	285	99	109	26937
*	5p	-	36	53447	36230	34241	55397	179315	939	949	943	865	378	464	244	532	376	530	232	586	271	259	161	166	288	277	125	101	26420
*	5p	-	37	54295	36530	33694	53761	178280	887	925	1195	861	351	432	249	596	446	554	257	562	306	281	160	149	274	279	103	126	25894
*	5p	-	38	52249	34275	35216	55447	177187	989	801	815	852	322	435	220	526	456	499	409	553	287	290	155	170	258	270	113	127	25432
*	5p	-	39	52550	34600	33805	55188	176143	947	861	845	858	331	445	261	531	374	532	247	617	262	317	149	149	257	286	117	118	24968
*	5p	-	40	53133	34637	33702	53619	175091	923	882	857	829	339	437	216	539	380	548	267	595	292	290	160	155	295	283	129	107	24506
*	5p	-	41	51927	34656	35317	51895	173795	943	844	859	868	361	445	262	526	444	531	259	633	266	302	169	173	283	305	106	103	24055
*	5p	-	42	51927	35195	33619	51567	172308	954	846	778	882	316	458	254	549	408	590	259	503	283	304	181	163	290	267	129	153	23596
*	5p	-	43	52929	33418	32691	52041	171079	911	863	828	863	332	449	186	535	358	565	236	537	310	298	167	150	285	278	114	145	23147
*	5p	-	44	51322	34131	32858	51489	169800	949	892	818	1127	323	448	233	494	391	499	230	523	299	292	171	161	284	288	108	141	22694
*	5p	-	45	50824	32953	32154	52524	168455	908	858	828	798	323	405	260	485	388	525	264	538	306	328	173	140	296	265	127	119	22291
*	5p	-	46	50577	31790	32561	52051	166979	947	856	852	830	293	393	194	497	370	534	211	520	283	296	157	168	275	277	109	137	21811
*	5p	-	47	50172	31729	31447	52014	165362	873	803	833	755	327	416	227	525	390	520	211	474	301	292	180	132	250	286	130	124	21362
*	5p	-	48	49225	31782	33587	49165	163759	922	818	825	806	333	414	225	471	394	465	231	610	293	303	131	166	298	296	114	104	20958
*	5p	-	49	51235	30829	31071	49061	162196	888	788	1176	819	333	416	216	452	357	494	225	538	300	311	141	169	314	283	100	117	20549
*	5p	-	50	48419	31363	30743	50089	160614	821	821	779	866	305	369	211	517	357	450	212	582	286	324	166	157	252	286	128	106	20171
*	5p	-	51	48041	31079	31600	48357	159077	886	772	780	787	326	382	228	445	351	463	218	570	296	309	158	152	297	253	113	99	19753
*	5p	-	52	47349	30909	31615	47691	157564	867	749	814	758	303	364	229	543	351	463	418	1545	306	319	150	186	291	295	107	108	19386
*	5p	-	53	47448	30293	30125	48139	156005	878	782	756	753	322	382	201	501	327	451	229	495	323	327	166	141	296	263	107	107	18968
*	5p	-	54	47203	29394	29976	47923	154496	860	781	772	736	320	361	197	462	320	413	206	470	317	307	171	155	287	261	109	118	18579
*	5p	-	55	46634	29090	31526	45705	152955	885	809	773	723	287	381	180	457	316	436	216	517	318	336	153	162	263	275	106	120	18191
*	5p	-	56	47613	29165	28987	45574	151339	873	751	770	724	305	377	207	484	371	450	170	432	303	308	175	137	274	285	115	114	17856
*	5p	-	57	46889	28429	28837	45581	149736	852	736	763	710	290	350	201	420	315	438	212	468	306	304	170	153	265	263	92	118	17512
*	5p	-	58	46429	28425	28341	44801	147996	874	778	735	656	303	361	181	436	330	436	196	425	307	275	179	165	265	270	106	112	17175
*	5p	-	59	44030	29297	28429	44574	146330	839	727	720	732	283	347	201	448	338	415	188	455	286	283	145	154	243	277	100	119	16803
*	5p	-	60	43444	27823	29305	44082	144654	898	746	735	680	242	373	217	436	327	438	188	489	270	298	169	141	250	281	114	97	16463
*	5p	-	61	43559	27712	27463	44202	142936	755	668	719	700	278	357	168	463	329	466	190	489	297	282	169	140	257	250	103	114	16151
*	5p	-	62	43479	26753	28536	42452	141220	838	744	734	662	299	360	218	454	324	437	196	440	301	308	143	143	259	277	111	119	15818
*	5p	-	63	42862	26424	26990	43108	139384	784	655	687	685	274	380	193	430	313	435	162	451	305	279	139	145	272	272	118	95	15506
*	5p	-	64	41882	27055	26457	42254	137648	785	655	709	691	293	295	205	453	304	370	217	432	274	271	153	154	272	220	110	106	15174
*	5p	-	65	41155	26138	26256	42412	135961	818	666	638	669	247	320	173	424	283	392	239	418	278	278	128	139	242	235	94	94	14831
*	5p	-	66	40218	25947	26301	41715	134181	760	647	694	617	272	321	179	412	321	423	196	408	305	258	140	131	221	236	102	97	14538
*	5p	-	67	40166	25470	26998	39886	132520	748	633	690	604	256	308	155	413	289	409	193	488	283	248	152	144	236	218	85	90	14263
*	5p	-	68	39671	25808	25194	39956	130629	730	583	624	621	259	310	154	416	314	383	156	381	287	266	131	133	229	219	103	84	13994
*	5p	-	69	39061	25774	25007	39003	128845	759	660	625	638	258	331	202	416	265	378	153	359	256	256	133	143	225	211	90	93	13690
*	5p	-	70	39010	24418	24621	39006	127055	765	588	608	572	267	347	151	388	320	416	143	378	259	236	139	145	217	212	88	97	13412
