# table produced by mapDamage version 2.2.1
# using mapped file CviAPal035.merged.L103.realn.bam and reference.ssl.Cvi20k_rename.fasta as reference file
# Chr: reference from sam/bam header, End: from which termini of DNA sequences, Std: strand of reads
Chr	End	Std	Pos	A	C	G	T	Total	G>A	C>T	A>G	T>C	A>C	A>T	C>G	C>A	T>G	T>A	G>C	G>T	A>-	T>-	C>-	G>-	->A	->T	->C	->G	S
*	3p	+	1	939926	637641	800573	973608	3351748	54255	9747	14539	12569	5142	5651	4298	6402	6339	6186	3395	5353	0	0	0	0	333	362	281	311	907164
*	3p	+	2	1118340	626777	565777	1040962	3351856	35691	9659	8485	10822	4091	4655	2103	6065	3649	6046	2691	4497	74	69	77	49	425	460	185	193	906316
*	3p	+	3	1058307	575894	669446	1048314	3351961	22118	9614	9455	8757	3296	4297	2765	6260	4047	4704	2146	4679	140	115	91	76	375	466	147	169	884771
*	3p	+	4	1056281	550518	647286	1097267	3351352	17312	9458	9225	8050	3089	4546	2493	5581	3851	4452	2193	4982	315	290	250	273	551	546	342	341	857607
*	3p	+	5	1038865	582204	614689	1115528	3351286	14571	9570	8893	8421	3199	4573	2318	5808	3532	4340	2275	5022	486	414	333	325	567	648	335	311	828240
*	3p	+	6	1013581	612637	593217	1131524	3350959	20655	15442	13173	14220	5879	8121	3822	9845	6161	8503	3977	8892	535	563	417	404	621	836	419	319	794800
*	3p	+	7	1133455	579729	613024	1024448	3350656	21956	13502	13833	12801	5430	7160	3874	10156	6187	9027	3791	8111	658	751	393	443	797	913	389	401	778317
*	3p	+	8	1099014	589951	638871	1022516	3350352	20552	13882	14138	13321	5521	7250	4152	9980	6576	9346	3896	8320	887	930	443	475	971	1037	394	406	760017
*	3p	+	9	1128492	587253	641304	992706	3349755	20544	13475	14105	13269	5576	6952	3895	10356	6380	9098	4133	8250	1100	1167	628	701	1245	1179	464	520	741363
*	3p	+	10	1080971	595200	599863	1073003	3349037	19169	14316	13510	12916	5607	7648	3636	9684	6044	8825	3776	8564	1502	1369	671	823	1523	1373	616	605	723092
*	3p	+	11	1023503	626167	648698	1050121	3348489	19550	15154	15455	14859	6363	8011	4198	10370	7052	9348	4256	9348	1788	1655	789	920	1564	1680	668	757	704449
*	3p	+	12	1036288	610626	663772	1037356	3348042	19683	15018	15540	14782	5934	7617	4274	10323	7244	9400	8427	8894	1964	1929	920	979	1711	1808	718	878	690877
*	3p	+	13	1060361	601841	639074	1046149	3347425	19550	15214	15018	14550	6312	7814	3929	10006	6839	9538	4361	9126	2114	2007	943	1049	2105	2016	812	814	676810
*	3p	+	14	1057613	607458	637314	1044170	3346555	19406	14939	14599	14138	6039	7883	4056	10311	6796	9498	4130	9212	2339	2195	1071	1210	2473	2232	899	935	663208
*	3p	+	15	1064483	601113	630270	1050399	3346265	18834	14773	14761	13985	6159	8014	4810	10102	6636	9654	4022	8947	2452	2534	1156	1266	2501	2460	940	1006	649537
*	3p	+	16	1058195	601805	627673	1058003	3345676	18613	15090	14990	14443	6246	8048	4048	10263	7186	9898	8092	9240	2670	2689	1275	1291	2649	2626	1020	1127	635897
*	3p	+	17	1054103	605019	625949	1060426	3345497	18488	15265	15018	14171	6175	8037	4138	10263	6912	9990	4166	9101	2737	2913	1318	1480	2815	2703	1045	1105	624437
*	3p	+	18	1053006	616430	629034	1046191	3344661	18227	15361	15218	14721	6102	7862	4177	10545	6673	9467	3837	8907	3058	3125	1367	1553	3056	2949	1163	1340	612910
*	3p	+	19	1067153	605797	624947	1046584	3344481	17908	15419	14735	14104	6342	8148	3996	9860	6619	9637	3828	9079	3197	3197	1450	1588	3284	2972	1193	1238	601454
*	3p	+	20	1018589	608398	617238	1022481	3266706	18975	16094	15996	15501	6533	8770	4587	10943	7754	10282	4212	9587	3497	3497	1565	1598	3381	3347	1261	1378	590379
*	3p	+	21	1012823	597727	614245	1010321	3235116	19355	16532	15920	16279	6485	9081	5733	10685	7336	10354	4223	9808	3564	3617	1713	1772	3671	3441	1347	1475	579522
*	3p	+	22	1014279	586785	611266	1009121	3221451	18960	16109	15553	15600	6535	8691	4200	10561	7196	10191	4839	9685	3814	3746	1855	1833	3814	3672	1442	1466	569514
*	3p	+	23	1012538	590011	605252	1004637	3212438	18786	16178	15659	15384	6365	8617	4399	10518	7156	10167	4276	9644	3958	3980	1832	1918	4003	3752	1426	1764	559808
*	3p	+	24	1001564	596061	606129	1002128	3205882	18841	16380	15932	15499	6583	8470	4307	10471	7195	10105	4262	9530	4099	4153	2012	1978	4162	4161	1420	1567	550475
*	3p	+	25	1002438	594069	606336	994457	3197300	19069	16721	16154	15276	6136	8548	4342	10555	7063	10056	4138	10119	4209	4302	2085	2057	4029	3966	1567	1623	541032
*	3p	+	26	998892	588517	603058	999345	3189812	18668	17055	15602	15382	6419	8692	4301	10692	7059	10267	4237	9775	4451	4390	2187	2226	4234	4146	1539	1737	531753
*	3p	+	27	998262	591380	592832	1001236	3183710	18530	16827	16020	15678	6622	8591	4251	10629	7255	10066	4169	9798	4614	4671	2133	2265	4601	4371	1528	1714	523133
*	3p	+	28	990553	591968	604603	991512	3178636	18674	16540	15592	15295	6510	8557	4136	10502	6870	10191	4706	9726	4791	4730	2252	2356	4556	4497	1683	1679	514483
*	3p	+	29	993906	589200	597341	994357	3174804	18262	16080	15651	15500	6400	8186	4210	10248	7192	9971	4227	9301	4805	4782	2175	2469	4752	4533	1709	1711	506242
*	3p	+	30	998524	591197	591742	989109	3170572	18477	16434	15356	15079	6381	8339	4014	10319	6685	10083	4073	9552	4957	4911	2193	2476	4818	4543	1692	1858	497981
*	3p	+	31	995993	581444	598753	982694	3158884	18487	16032	16551	15353	6532	8666	4123	10098	8046	9926	3946	9684	5396	5029	2417	2454	4841	4656	1683	1735	489899
*	3p	+	32	980266	586132	591195	989729	3147322	18053	16295	15268	15369	6498	8308	4126	10244	7119	9772	4075	9778	5182	5214	2444	2548	4900	4831	1676	1878	482248
*	3p	+	33	976995	578946	595855	984911	3136707	18483	16343	15264	15091	6469	8622	4274	9864	6820	9781	4103	9678	5303	5192	2495	2650	4920	4879	1769	1941	474696
*	3p	+	34	976323	578351	580451	990728	3125853	18035	16520	15092	15277	6178	8370	4599	10470	7276	10025	3873	10044	5333	5452	2545	2722	5044	4985	1802	1873	467060
*	3p	+	35	974843	574887	582972	982630	3115332	18221	16306	15266	15352	6402	8491	4084	9676	6847	9823	4021	9903	5615	5463	2502	2669	5178	4994	1771	1995	459799
*	3p	+	36	978134	570385	582400	964572	3095491	18173	16519	15631	15477	6360	8396	4167	9717	6883	9782	4033	9687	5494	5664	2661	2691	5260	5279	1859	1868	452469
*	3p	+	37	967862	564372	578519	966363	3077116	17868	16167	15272	17815	6640	8489	4159	9856	6719	9977	3900	10095	5676	5571	2676	2782	5235	5310	1879	2004	445465
*	3p	+	38	969475	569142	565908	953023	3057548	17707	16387	15184	15088	6358	8290	4352	9860	6717	9735	4026	9601	5744	5750	2708	2863	5294	5239	1999	1892	438555
*	3p	+	39	962508	560604	568338	947272	3038722	17328	16257	15444	14682	6182	8240	3835	9990	6594	9615	3874	9532	5712	5721	2694	2702	5540	5095	1854	1933	431828
*	3p	+	40	952113	557842	561328	948572	3019855	17313	16085	15067	14898	6060	8120	3937	9731	6722	9427	3948	9434	5659	5751	2710	2815	5551	5092	1903	1918	425136
*	3p	+	41	936324	563664	561066	934160	2995214	17298	16207	15022	15160	6637	8090	3940	9945	6715	9491	3941	9408	5788	5718	2748	2806	5482	5204	1863	2001	418440
*	3p	+	42	928069	552979	558533	929928	2969509	17484	16244	14860	14544	6449	8077	3935	9662	6649	9854	3857	9616	5893	5754	2760	2887	5475	5238	1923	2034	412096
*	3p	+	43	926974	543610	545303	928064	2943951	16915	15728	14725	14572	5933	8105	3934	9372	6453	9334	3749	9514	5802	5707	2753	2837	5561	5200	1982	1874	405639
*	3p	+	44	917181	542019	542023	915966	2917189	17015	15873	16567	14196	6155	8091	3700	8970	6343	9062	3797	9217	5802	5719	2645	2657	5504	5313	1924	1921	399239
*	3p	+	45	914498	533624	533510	907513	2889145	17057	15514	14551	14255	6042	7933	3936	9027	6359	9156	3733	9374	5664	5654	2683	2731	5475	5200	1871	2008	392907
*	3p	+	46	904002	531795	522480	899618	2857895	16268	15575	14418	14411	5897	7860	3768	9165	6353	8980	3789	9313	5735	5634	2734	2764	5312	5172	1907	1901	386630
*	3p	+	47	898378	521469	515765	889818	2825430	15930	15287	13901	14142	5980	7547	3623	9105	6043	8628	3793	9093	5867	5666	2794	2720	5361	5201	1917	1921	380492
*	3p	+	48	879456	523891	512577	876165	2792089	16151	15229	13830	14020	5850	7615	3743	8995	6234	8859	3715	8968	5666	5679	2868	2636	5387	5452	1826	1847	374436
*	3p	+	49	867572	508675	502040	879661	2757948	15759	14989	13439	16283	5806	7655	3495	8809	6195	8714	3702	8634	5696	5737	2674	2645	5242	5212	1885	1952	368432
*	3p	+	50	862983	502717	500768	856419	2722887	15556	14885	13383	13689	5599	7476	3450	8585	5830	8499	3599	8859	5716	5832	2604	2723	5266	5298	1843	1872	362344
*	3p	+	51	846354	503522	493702	845331	2688909	15337	14803	13442	13363	5514	7230	3420	8776	5838	8130	3501	8765	5704	5557	2533	2712	5177	5459	1817	1843	356444
*	3p	+	52	834315	495935	488031	836203	2654484	14970	14414	13308	13263	5507	7181	3855	13045	5594	8352	3481	8713	5665	5515	2762	2625	5130	5241	1788	1831	350558
*	3p	+	53	828165	485780	480694	824599	2619238	15015	14585	12763	13288	5301	7184	3362	8081	5667	8253	3534	8576	5630	5492	2574	2708	5029	5033	1810	1787	344673
*	3p	+	54	818115	479773	468011	816697	2582596	14453	14622	12797	13021	5235	7055	3372	7992	5437	8060	3442	8272	5589	5525	2515	2614	5123	5048	1716	1756	338846
*	3p	+	55	800072	479618	462291	803267	2545248	14718	14216	12473	13003	5299	6962	3271	8005	5290	8018	3364	8332	5634	5467	2611	2532	5055	4939	1730	1795	332753
*	3p	+	56	789774	463154	456050	797300	2506278	13839	13799	12376	12573	5092	7075	3300	7648	5287	7849	3397	8125	5522	5339	2401	2586	4971	5065	1718	1824	327078
*	3p	+	57	780813	456110	446131	784055	2467109	13820	13815	12385	12605	5070	6890	3105	7614	5191	7668	3257	7763	5243	5313	2604	2493	5119	4818	1651	1754	321234
*	3p	+	58	766861	446580	440808	773331	2427580	13893	13106	11809	12237	4933	6581	3004	7495	5026	7377	3246	7976	5391	5180	2549	2561	4952	4784	1823	1685	315138
*	3p	+	59	754524	441789	437647	753510	2387470	13700	12972	11763	11855	4889	6447	3122	7463	5276	7294	3071	7773	5286	5079	2500	2426	5012	4684	1704	1613	309370
*	3p	+	60	743090	440451	424735	738430	2346706	13413	13117	11641	11946	4707	6484	3106	7333	4906	7293	3102	7683	5123	5097	2375	2411	4906	4719	1725	1614	303581
*	3p	+	61	732285	425107	418948	729695	2306035	12698	12611	11328	11455	4889	6496	2904	7183	4793	7174	2991	7586	5053	5004	2376	2387	4792	4611	1579	1632	297694
*	3p	+	62	714537	423629	410029	716029	2264224	12679	12736	11160	11521	4729	6475	2998	7014	4799	7063	3154	7386	5018	5088	2317	2302	4693	4432	1527	1656	291966
*	3p	+	63	704633	410911	400276	705958	2221778	12140	12413	11066	10943	4591	6379	2812	6933	4656	7167	2922	7316	4958	5142	2330	2222	4580	4413	1533	1515	286364
*	3p	+	64	690408	402373	398499	687812	2179092	12428	12142	10801	11004	4540	6101	2855	6640	4488	6563	2842	7137	4885	4759	2280	2337	4357	4359	1571	1534	280509
*	3p	+	65	680652	396205	385977	673431	2136265	11770	12158	10335	11164	4720	5899	2884	6669	4613	6530	2746	7056	4775	4720	2224	2259	4230	4259	1465	1528	274568
*	3p	+	66	667107	387250	378447	660249	2093053	11566	11606	10372	10307	4477	5751	2775	6389	4324	6608	2643	7182	4652	4575	2228	2200	4159	4192	1512	1415	268416
*	3p	+	67	650260	383009	367666	648924	2049859	11425	11537	10314	10537	4326	5608	2572	6558	4393	6371	2697	6930	4568	4542	2139	2075	4172	4090	1454	1449	262583
*	3p	+	68	635767	370856	364123	635804	2006550	10971	11048	9879	9947	4323	5490	2533	6102	4301	6235	2600	6517	4439	4475	2138	2038	4029	3950	1388	1460	256634
*	3p	+	69	621497	362952	356507	621996	1962952	10698	11088	10331	9859	4059	5338	2613	6013	4273	6010	2593	6693	4352	4416	2106	2106	4064	3951	1267	1364	250463
*	3p	+	70	608548	353677	346021	611247	1919493	10557	10748	9639	9484	3974	5253	2432	5843	4049	6033	2428	6282	4333	4353	2057	1978	3900	3824	1341	1366	243773
*	3p	-	1	829817	557178	703699	858872	2949566	52660	8613	12689	11104	4599	5033	3673	5878	5802	5404	2901	4866	0	0	0	0	556	665	260	331	794802
*	3p	-	2	986316	545287	498484	920513	2950600	33656	8383	7548	9855	3515	4170	1812	5515	3306	5194	2258	3912	672	672	158	150	314	306	129	97	794355
*	3p	-	3	937287	507360	577700	928486	2950833	20192	8515	8379	7842	2875	3858	2306	5539	3481	4195	1845	4184	419	425	166	152	229	249	55	73	775359
*	3p	-	4	928005	484771	562370	973634	2948780	16187	8140	8374	7128	2643	4015	2024	5119	3385	4030	1779	4496	947	1068	371	384	970	1089	302	324	751269
*	3p	-	5	913715	511496	535415	987988	2948614	13565	8294	7768	7314	2762	3981	1967	5015	3160	3916	1911	4439	1141	1037	400	409	1193	1092	282	285	725456
*	3p	-	6	898450	528327	518208	1003112	2948097	18681	13314	11583	12137	5054	7254	3253	8737	5445	7735	3393	7892	1208	1210	508	484	1369	1236	362	400	696283
*	3p	-	7	987811	507739	539669	912706	2947925	19555	11944	12139	11184	4621	6438	3266	9052	5563	8220	2935	7279	1404	1234	488	542	1524	1260	356	403	682684
*	3p	-	8	963442	518389	555553	910268	2947652	18311	11978	12350	11524	4849	6458	3519	9167	5629	7899	3074	7299	1403	1343	515	563	1464	1428	442	478	667283
*	3p	-	9	988672	515287	560556	882106	2946621	18259	11595	12240	11538	4960	6157	3386	9197	5696	8355	3191	7297	1839	1834	782	824	1952	1782	504	607	651627
*	3p	-	10	941645	524011	528149	952217	2946022	17423	12469	11702	11453	4725	6788	3272	8704	5407	7945	3112	7562	1985	2120	924	809	1995	2166	628	644	636085
*	3p	-	11	894306	555099	567681	928587	2945673	17591	13359	13354	13034	5629	6923	3724	9154	6366	8311	3531	8202	2241	2330	990	978	2154	2132	713	799	620377
*	3p	-	12	912297	541198	572861	918911	2945267	17495	12889	13797	13124	5503	6773	3873	9233	6385	8325	3556	7905	2338	2408	1027	1111	2282	2279	765	871	609216
*	3p	-	13	930637	534308	553669	926164	2944778	17395	12951	12878	12611	5462	6745	3499	9222	6085	8419	3455	7857	2400	2520	1110	1106	2548	2402	838	897	597397
*	3p	-	14	934764	534065	551837	923309	2943975	17076	13076	13163	12614	5950	6758	3365	9100	6127	8587	3514	7898	2725	2704	1150	1250	2810	2755	886	967	585913
*	3p	-	15	931870	533615	553708	924560	2943753	16865	12974	13212	12334	5337	6851	3555	9297	6071	8211	3511	8006	2924	2928	1266	1315	2873	2860	988	984	574813
*	3p	-	16	930007	537639	549286	926337	2943269	16847	13456	13228	12608	5313	7063	3511	9382	6173	8551	3472	8086	3058	3093	1314	1367	3038	3039	1040	1025	563545
*	3p	-	17	927451	536540	550161	928662	2942814	16562	12954	13035	12518	5592	6711	3538	9095	6138	8476	4010	8210	3089	3293	1369	1433	3211	3196	1063	1170	553952
*	3p	-	18	922902	540033	551628	928076	2942639	16294	13020	13000	12452	5421	6945	3485	9247	6152	8366	3374	8210	3264	3401	1537	1523	3280	3129	1206	1189	544502
*	3p	-	19	925322	541533	548098	927240	2942193	15728	13146	12529	12465	5135	6971	3411	8867	5900	8219	3358	8101	3468	3356	1614	1665	3460	3431	1178	1181	535173
*	3p	-	20	894476	532642	539593	898201	2864912	17046	14132	13942	13306	5729	7565	3716	9755	6681	9109	3760	8595	3595	3612	1668	1652	3570	3459	1235	1297	526253
*	3p	-	21	882694	525505	534361	890881	2833441	16829	14545	14073	13871	5715	7456	3690	9667	6471	9031	3678	8758	3736	3775	1762	1729	3873	3605	1258	1331	517314
*	3p	-	22	882427	521790	530565	885270	2820052	16795	13891	13499	13538	5764	7403	3621	9514	6392	9183	3722	8610	3892	3865	1780	1843	3842	3685	1328	1357	509207
*	3p	-	23	881453	519932	528337	881453	2811175	16835	14177	14025	13540	5623	7615	3676	9442	6332	9166	3587	8634	4043	3984	1866	1831	3966	3746	1407	1382	501362
*	3p	-	24	877329	522662	525726	879044	2804761	16821	14379	13732	13551	5459	7525	3728	9484	6438	8968	3728	8926	4179	4080	1908	1931	4012	3881	1346	1417	493574
*	3p	-	25	876680	515367	524398	879293	2795738	16556	14116	13837	13522	5644	7416	3709	9328	6394	8943	3749	8609	4302	4123	1949	1904	4153	3979	1362	1444	485998
*	3p	-	26	873851	517565	521648	875440	2788504	16991	14253	13937	13586	5628	7545	3837	9629	6441	9121	3605	8598	4315	4319	1993	2059	4233	4115	1418	1445	478457
*	3p	-	27	869740	517956	520883	873980	2782559	16416	14344	13905	13520	5593	7311	3634	9376	6281	9032	3719	8734	4289	4357	2078	2137	4334	4077	1497	1565	471452
*	3p	-	28	869980	517065	518188	872497	2777730	16838	14079	13597	13306	5785	7250	3799	9270	6362	8911	3576	8743	4342	4389	2083	2109	4263	4178	1493	1560	464633
*	3p	-	29	867555	516623	519666	870097	2773941	16193	14040	13444	13128	5539	7331	3623	8977	6162	8878	3532	8480	4448	4272	2081	2089	4475	4212	1554	1524	457973
*	3p	-	30	867353	519540	519083	863652	2769628	16339	14408	13300	13368	5556	7279	3552	9093	6310	8804	3575	8676	4559	4403	2102	2151	4476	4340	1589	1615	451245
*	3p	-	31	861736	517240	519134	860814	2758924	16186	13952	13686	13595	5522	7190	3742	9209	6141	8723	3658	8603	4678	4543	2176	2257	4533	4476	1558	1626	444706
*	3p	-	32	859476	513127	516285	860130	2749018	15989	14181	13605	13420	5380	7196	3561	8794	6085	8699	3561	8525	4792	4613	2197	2211	4654	4307	1513	1638	438552
*	3p	-	33	855142	513355	513889	856917	2739303	16064	13945	13508	13262	5668	7194	3599	9075	6055	8775	3743	8700	4815	4851	2259	2247	4663	4549	1523	1586	432265
*	3p	-	34	852951	511075	510103	855639	2729768	15961	13961	13496	13120	5274	7314	3631	8777	6116	8799	3583	8457	4931	4809	2280	2229	4669	4515	1687	1726	426175
*	3p	-	35	854143	505079	509712	851580	2720514	15800	14221	13278	13003	5615	7291	3548	8808	6102	8421	3483	8570	4975	4878	2371	2224	4755	4552	1645	1629	420097
*	3p	-	36	848839	505977	505051	843879	2703746	15994	14229	13493	13245	5747	7281	3554	8909	6113	8539	3530	8728	4899	4999	2384	2253	4914	4506	1628	1667	414074
*	3p	-	37	848669	498562	498946	841301	2687478	15643	13711	13570	13227	5608	7028	3565	8735	6120	8579	3545	8501	5055	4863	2344	2343	4832	4640	1588	1657	408178
*	3p	-	38	841152	499273	495674	834673	2670772	15529	14145	13279	13158	5604	7107	3522	8387	6009	8512	3514	8451	5022	4866	2311	2406	4743	4570	1670	1690	402430
*	3p	-	39	833911	495369	493194	831658	2654132	15163	14227	13448	13026	5258	7450	3614	8494	5971	8434	3580	8654	4933	4922	2398	2354	4657	4602	1660	1709	396775
*	3p	-	40	827194	494328	489651	825979	2637152	15302	14009	12952	12890	5495	7253	3566	8453	5862	8635	3499	8347	4941	4968	2408	2344	4667	4583	1615	1743	391158
*	3p	-	41	818300	489564	484856	822234	2614954	15386	13853	13106	13047	5360	7301	3503	8732	5891	8451	3465	8269	4973	4901	2409	2417	4845	4651	1591	1632	385490
*	3p	-	42	813143	486644	480926	811897	2592610	15193	13926	13005	12937	5361	7176	3440	8537	5863	8306	3417	8329	5052	4959	2321	2311	4667	4576	1721	1702	380033
*	3p	-	43	807064	479773	476211	806494	2569542	14635	13771	12642	12826	5603	6889	3296	8171	5782	8058	3348	8959	4921	4842	2437	2359	4733	4584	1620	1712	374635
*	3p	-	44	801488	475416	470906	797863	2545673	14689	13566	12585	12692	5221	6994	3403	8229	5626	8057	3351	7950	4933	4846	2396	2313	4711	4628	1657	1641	369296
*	3p	-	45	793701	470285	466123	790611	2520720	14627	13663	12468	12359	5147	6958	3316	8031	5570	7925	3365	8059	4884	4865	2414	2227	4733	4451	1578	1654	363982
*	3p	-	46	785402	464414	459727	783385	2492928	14677	13419	13201	12428	5032	6892	3244	8117	5634	7937	3358	8164	4903	4869	2391	2305	4559	4509	1606	1651	358668
*	3p	-	47	779049	457965	454593	772660	2464267	14540	13304	12291	12272	5030	6733	3195	7903	5311	7817	3233	8219	4751	4847	2305	2353	4697	4410	1543	1611	353367
*	3p	-	48	767274	453770	449835	763709	2434588	14131	13186	12176	12195	4986	6711	3356	7615	5316	7831	3162	7928	4777	4877	2305	2244	4539	4394	1630	1569	348101
*	3p	-	49	759607	447108	441063	756241	2404019	14054	13010	12096	11774	4838	6564	3159	7575	5239	7679	3198	7631	4722	4736	2309	2268	4615	4470	1623	1549	342928
*	3p	-	50	748958	441118	436222	746459	2372757	13526	12802	11858	11814	4948	6389	3065	7613	5292	7412	3206	7829	4816	4731	2326	2224	4514	4351	1660	1553	337753
*	3p	-	51	737549	437678	431368	736100	2342695	13313	12716	11978	11592	4889	6451	3162	7489	5037	7325	3119	7605	4655	4736	2264	2194	4405	4275	1560	1591	332552
*	3p	-	52	728639	431183	423726	728091	2311639	13157	12328	11493	11541	4690	6336	3065	7309	4920	7260	3001	7495	4631	4561	2228	2178	4356	4252	1582	1512	327293
*	3p	-	53	718460	425955	418160	717444	2280019	12932	12469	11159	11084	4672	6155	2988	7297	4899	7119	2967	7410	4615	4625	2271	2116	4258	4077	1611	1446	322050
*	3p	-	54	709059	417661	412833	708198	2247751	12918	12314	11486	11302	4671	6286	2911	7224	4738	7081	2857	7435	4651	4609	2256	2189	4201	4129	1485	1399	316911
*	3p	-	55	698696	414344	404923	696322	2214285	12552	12137	11219	11061	4608	6232	2881	6998	4857	6972	2823	7313	4564	4463	2223	2230	4147	4019	1424	1476	311549
*	3p	-	56	688898	404675	397960	688028	2179561	12163	11864	10913	10844	4553	5965	2828	6905	4733	6947	2751	7071	4457	4474	2172	2145	4182	4007	1466	1445	306237
*	3p	-	57	676131	399441	391940	676826	2144338	12108	11828	11153	10724	4461	5802	2815	6786	4659	6703	2875	7144	4274	4542	2089	2111	4072	3928	1478	1439	300994
*	3p	-	58	666986	393710	383048	665001	2108745	11790	11713	10488	10416	4351	5927	2808	6608	4426	6639	2747	6764	4350	4338	2051	2037	4020	3795	1416	1429	295644
*	3p	-	59	655597	385624	376278	655078	2072577	11681	11273	10328	10013	4340	5700	2638	6612	4459	6494	2682	6714	4174	4359	2121	2044	3951	3717	1342	1374	290404
*	3p	-	60	643861	379748	370938	641250	2035797	11582	11174	10225	10167	4281	5476	2699	6482	4340	6486	2678	6678	4180	4197	1934	2026	3808	3765	1363	1262	285185
*	3p	-	61	631674	372739	363336	630745	1998494	11000	10838	9718	9847	4099	5504	2629	6190	4312	6290	2535	6688	4181	4054	2007	2031	3708	3692	1355	1323	279949
*	3p	-	62	618754	366751	356852	618624	1960981	11002	10772	9638	9687	3939	5352	2594	6085	4207	6298	2432	6373	4042	4045	1942	1990	3735	3603	1321	1239	274668
*	3p	-	63	608726	356975	350202	607068	1922971	10917	10484	9576	9725	3837	5291	2515	5915	4099	6059	2544	6201	3976	3971	1900	1943	3594	3583	1242	1264	269506
*	3p	-	64	595717	351435	344076	593672	1884900	10673	10537	9282	9519	3847	5218	2412	5914	3984	5947	2515	6142	3790	4009	1858	1863	3476	3497	1336	1201	264233
*	3p	-	65	584456	342804	335768	583343	1846371	10309	10301	9180	9386	3786	4994	2330	5705	3971	5776	2426	6495	3856	3860	1780	1785	3509	3443	1237	1174	258843
*	3p	-	66	570662	335606	329534	571783	1807585	10414	10084	8856	9333	3743	5104	2418	5722	3772	5654	2420	5959	3711	3645	1863	1789	3395	3356	1252	1184	253142
*	3p	-	67	559306	329252	320346	559536	1768440	9883	9768	8781	8840	3647	4905	2299	5401	3762	5487	2298	5700	3625	3664	1767	1797	3371	3303	1213	1132	247914
*	3p	-	68	547333	322904	311682	547484	1729403	9451	9629	8494	8546	3583	4730	2259	5232	3750	5468	2400	5757	3519	3542	1742	1802	3275	3212	1226	1094	242534
*	3p	-	69	535200	315238	304799	535176	1690413	9592	9448	8392	8562	3494	4718	2203	5272	3665	5295	2377	5552	3526	3535	1643	1678	3106	3173	1185	1155	236779
*	3p	-	70	523138	307544	298372	522649	1651703	9091	9124	8151	8289	3404	4517	2153	5065	3537	5272	2139	5519	3451	3424	1695	1630	3076	3069	1096	1106	230300
*	5p	+	1	950268	809452	673538	917519	3350777	11004	14741	14048	17077	7585	5648	3994	8734	6217	6784	4913	5252	0	0	0	0	821	634	442	392	718321
*	5p	+	2	1047700	552758	637446	1114133	3352037	10590	17911	12593	9770	3906	5880	2948	5509	4726	5693	2389	6255	874	873	176	170	349	358	113	132	716937
*	5p	+	3	1049313	661062	573864	1068272	3352511	10581	12827	9691	11053	4456	4721	2324	5852	3482	5327	3004	7871	530	523	171	199	240	240	88	77	696206
*	5p	+	4	1121421	624406	550725	1053577	3350129	10668	11958	8861	10373	4217	4625	2296	6154	3316	5536	2606	6934	1412	1182	456	503	1183	1116	389	351	670392
*	5p	+	5	1135607	597741	592649	1023717	3349714	10790	10975	9505	9513	3852	4562	2314	6056	3560	5341	2493	7180	1328	1306	498	513	1345	1400	356	360	642306
*	5p	+	6	1158536	572987	606577	1010976	3349076	16048	15293	14356	13404	5423	7096	3812	8758	5836	9081	3664	10081	1476	1526	540	615	1538	1658	423	482	609714
*	5p	+	7	1031438	606554	573729	1137219	3348940	14011	17063	13135	14053	5567	7887	3498	8170	5227	8129	3714	10147	1351	1641	625	604	1402	1938	487	407	593096
*	5p	+	8	1033247	630997	596062	1088222	3348528	14404	15628	13825	14409	5871	7407	3568	8198	5763	7900	3944	10236	1675	1602	672	714	1721	1802	579	545	574504
*	5p	+	9	990112	640963	581654	1134621	3347350	13623	16605	13730	14508	5876	8110	3611	8027	5672	7783	3971	10492	2141	2152	931	821	2133	2279	740	676	556134
*	5p	+	10	1093698	591729	592391	1068926	3346744	15132	15560	13355	13668	5458	7683	3586	8440	5780	8356	3508	9824	2491	2307	968	1032	2569	2351	789	723	537668
*	5p	+	11	1056468	650505	636144	1003156	3346273	15531	15823	15173	15784	6536	7275	4137	9017	6571	8759	4244	9875	2638	2545	1126	1133	2595	2450	958	897	518808
*	5p	+	12	1040325	657458	616507	1031428	3345718	15184	16316	15247	15993	6694	7664	4088	8852	6094	8622	4645	10250	2902	2693	1191	1213	2735	2803	1032	892	504954
*	5p	+	13	1052257	631171	609117	1052494	3345039	15238	16246	14976	15073	6072	7598	3929	8903	6174	8561	4035	10312	2996	3105	1335	1237	2968	3073	1032	1068	490736
*	5p	+	14	1052404	628189	606721	1057074	3344388	15443	16065	14774	15180	6093	7796	4032	8878	6944	8488	3717	9924	3132	3296	1335	1356	3336	3227	1110	1119	476550
*	5p	+	15	1051605	629438	607776	1055430	3344249	15376	16131	14465	15040	6036	7587	3856	8874	6308	8571	4068	10039	3369	3327	1500	1431	3335	3296	1155	1136	462964
*	5p	+	16	1053205	622657	612378	1055254	3343494	15467	16115	15011	15126	6131	7643	3901	9031	6236	8915	3933	10208	3510	3617	1502	1518	3616	3450	1202	1217	449075
*	5p	+	17	1057798	625996	606886	1052892	3343572	15244	15958	14981	15121	6274	7602	4987	8912	6368	8816	3885	9851	3815	3694	1733	1651	3588	3512	1342	1147	437250
*	5p	+	18	1056682	628181	611544	1046671	3343078	15217	16046	14575	14841	6122	7470	3820	8858	6161	8719	4001	9729	3968	3903	1767	1692	3700	3786	1315	1283	425630
*	5p	+	19	1054502	623843	612673	1051299	3342317	15365	15608	14264	14572	5810	7748	3878	9009	5926	8841	3876	9803	3966	4161	1860	1899	4028	4033	1400	1383	414051
*	5p	+	20	1025031	615736	603839	1020056	3264662	16473	16531	15644	15769	6391	8256	4093	9484	6562	9260	4173	10299	4202	4278	2081	1896	4194	4219	1511	1480	402807
*	5p	+	21	1017176	610450	596019	1009542	3233187	17033	16686	15800	16275	6503	8302	4267	9648	6425	9472	4264	10235	4460	4262	2024	2136	4323	4436	1584	1529	391826
*	5p	+	22	1011731	606877	595082	1006117	3219807	16556	16914	15872	16017	6522	8535	4044	9681	6674	9338	4089	9993	4637	4486	2076	2065	4552	4442	1520	1529	381980
*	5p	+	23	1009220	603654	590738	1007465	3211077	16855	16829	15583	15886	6389	8593	4160	9778	6546	9506	4165	10268	4715	4926	2133	2119	4533	4518	1571	1563	372063
*	5p	+	24	1005904	600386	595532	1002949	3204771	16790	16968	15647	15855	6354	8400	4064	9598	6673	9485	4290	10218	4785	4863	2139	2255	4632	4587	1697	1519	362573
*	5p	+	25	1006737	599001	589571	1000386	3195695	16799	16818	15347	15939	6394	8434	4269	9651	6481	9430	4161	10219	4806	4959	2308	2348	4794	4688	1671	1643	353335
*	5p	+	26	1004175	596594	588147	999495	3188411	16802	17040	15547	15679	6472	8492	4122	9656	6867	9815	4300	10490	4975	5083	2350	2359	4786	4787	1724	1762	344116
*	5p	+	27	1000103	597494	588418	996579	3182594	16589	16926	15911	16150	6567	8576	4018	9625	6768	9720	4141	10344	5174	5120	2462	2432	4891	4896	1823	1708	335523
*	5p	+	28	998589	594027	589674	995303	3177593	17365	17017	15123	15657	6399	8362	4068	9927	6752	9558	4170	10191	5184	5061	2473	2543	4931	4960	1765	1796	327415
*	5p	+	29	997816	594794	589697	991533	3173840	16935	16689	15200	15370	6332	8536	4041	9530	6650	9605	4255	10028	5119	5219	2423	2537	5071	4979	1824	1794	319235
*	5p	+	30	990922	595664	591712	991276	3169574	16915	16792	15700	15623	6286	8389	4178	9731	6694	9597	4042	10220	5260	5133	2556	2513	5213	5005	1735	1947	311338
*	5p	+	31	988527	594973	588241	986090	3157831	16686	17008	15608	15740	6193	8068	4262	9372	6771	9427	4241	10061	5242	5410	2609	2628	5279	5123	1859	1709	303492
*	5p	+	32	986393	592477	584942	982615	3146427	17036	16647	15605	15443	6369	8213	4002	9594	6618	9452	4328	10000	5284	5412	2660	2573	5312	5207	1837	1827	295971
*	5p	+	33	984489	588960	583943	978472	3135864	16781	16719	15390	15548	6337	8387	4455	9615	6983	9573	4205	9887	5667	5528	2550	2611	5284	5250	1883	1945	288647
*	5p	+	34	982067	585731	582079	975340	3125217	17051	16483	15249	15320	6247	8221	4014	9573	6765	9426	4245	9632	5609	5658	2539	2587	5460	5237	1801	1850	281662
*	5p	+	35	974866	584142	576358	979539	3114905	17528	16335	14779	15558	6182	8055	4013	9545	6807	9744	4140	9832	5437	5798	2592	2775	5281	5233	1961	1899	274843
*	5p	+	36	967712	578994	576068	972689	3095463	17347	16674	15104	15207	6272	8237	4078	9813	6905	9681	4249	9653	5705	5708	2623	2856	5346	5202	1854	1901	268141
*	5p	+	37	965539	572867	567656	970898	3076960	17139	16395	15586	15311	6226	8330	4005	9869	6805	9517	4137	9564	5727	5620	2633	2788	5423	5374	1882	1916	261706
*	5p	+	38	960502	568229	567272	961224	3057227	17152	16472	15114	15592	6288	8278	3930	9444	6725	9390	4147	9483	5642	5635	2761	2700	5363	5343	2100	1947	255510
*	5p	+	39	952633	564455	565976	955400	3038464	17472	16115	14923	15456	6060	8141	4093	9638	6409	9757	4245	9812	5591	5762	2721	2770	5386	5296	2092	1953	249346
*	5p	+	40	948775	561032	564126	945863	3019796	17254	15917	14733	15034	6020	8070	4040	9438	6557	9596	4178	9445	5779	5759	2646	2754	5289	5343	1965	1906	243357
*	5p	+	41	942958	557790	556425	937968	2995141	17496	16351	15176	15146	6171	8071	4105	9505	6627	9450	3992	9456	5729	5778	2766	2749	5493	5320	1948	1871	237390
*	5p	+	42	932933	551433	554241	931004	2969611	17438	16018	14971	14975	6098	8150	4141	9442	6482	9409	4031	9428	5619	5881	2636	2693	5417	5271	1937	1932	231590
*	5p	+	43	924589	547006	547589	924981	2944165	17129	15697	14650	14685	6027	8041	3845	9963	6603	9520	3932	9397	5699	5667	2662	2655	5257	5243	1992	1921	225952
*	5p	+	44	919098	540365	542744	915271	2917478	17041	15567	14746	14740	5840	7952	3648	9231	6330	9257	4118	9012	5642	5620	2683	2735	5327	5238	1910	1894	220401
*	5p	+	45	907586	533512	537261	910855	2889214	17312	15359	14346	14200	6123	7860	3791	9280	6138	9510	3903	9236	5652	5675	2707	2734	5285	5369	1873	1942	214887
*	5p	+	46	899975	526659	530996	900305	2857935	17019	15591	14172	14866	5773	7825	3785	9153	6358	8995	3955	8978	5674	5700	2703	2693	5345	5102	1944	1867	209638
*	5p	+	47	887901	520288	523210	894327	2825726	17437	15419	14008	13940	5742	7792	3685	9256	6213	9121	3859	8843	5566	5643	2710	2718	5222	5171	1823	1893	204523
*	5p	+	48	878271	514493	518815	880954	2792533	17092	15030	13875	14038	5752	7728	3620	8909	5851	8942	4049	8880	5671	5585	2645	2687	5181	5155	1830	1914	199610
*	5p	+	49	869625	506080	512129	870440	2758274	16991	14758	13408	13757	5551	7586	3713	8647	5850	9047	3845	8606	5550	5585	2664	2713	5246	5011	1785	1929	194646
*	5p	+	50	857701	501823	504356	859459	2723339	17020	14535	13851	13568	5554	7598	3726	8681	5945	8625	3781	8524	5611	5383	2585	2799	5219	5016	1742	1836	189790
*	5p	+	51	848212	493613	500666	847099	2689590	16669	14308	13361	13328	5305	7355	3518	8585	5889	8450	3736	8404	5510	5527	2613	2572	5062	4955	1795	1756	185107
*	5p	+	52	836883	487516	493042	837598	2655039	16648	13928	13101	13091	5469	7315	3567	8595	5686	8407	3604	8281	5426	5457	2542	2707	5015	4874	1672	1866	180383
*	5p	+	53	824206	480457	489343	825787	2619793	16609	13884	13151	12990	5375	7275	3437	8534	5638	8275	3691	8497	5351	5289	2666	2669	4858	4744	1705	1790	175973
*	5p	+	54	814513	474698	477999	815992	2583202	16177	13830	12725	13074	5269	7014	3364	8372	5683	8256	3561	8047	5412	5405	2606	2481	4698	4778	1723	1811	171633
*	5p	+	55	803093	465301	476223	801467	2546084	16431	13475	12856	12660	5397	6986	3306	8136	5442	8208	3485	8201	5187	5212	2484	2584	4671	4703	1567	1732	167314
*	5p	+	56	793829	457388	464028	792117	2507362	16257	13328	12510	12266	5187	6689	3182	8181	5549	7882	3415	7826	5235	5161	2467	2461	4452	4634	1681	1730	163194
*	5p	+	57	780546	450166	458674	778706	2468092	15975	13239	12182	12420	5147	6892	3202	7987	5475	7625	3534	7555	5195	4767	2554	2415	4522	4531	1602	1691	159179
*	5p	+	58	768045	441665	452011	766999	2428720	15749	13089	11967	11869	4929	6663	3151	7888	5180	7697	3397	7549	5097	4870	2341	2368	4455	4343	1604	1669	155250
*	5p	+	59	756376	434465	441862	755894	2388597	15745	12578	11845	11933	4966	6560	3146	7563	5344	7515	3363	7191	5000	4887	2372	2294	4344	4418	1587	1554	151378
*	5p	+	60	742117	425626	437003	743221	2347967	15589	12587	11552	11444	4660	6689	3080	7729	5206	7556	3271	7323	4954	4698	2336	2282	4358	4297	1502	1557	147712
*	5p	+	61	728938	418372	430116	729809	2307235	15228	12072	11577	11532	4767	6403	3066	7409	5154	7432	3200	6913	4815	4701	2267	2255	4246	4060	1501	1618	143941
*	5p	+	62	715824	411977	421270	716052	2265123	14788	11997	11382	11177	4520	6387	2829	7394	5032	7231	3096	6716	4758	4666	2251	2355	4225	4147	1400	1503	140306
*	5p	+	63	702686	403929	413479	702638	2222732	14846	11841	11096	10832	4710	6240	2973	7238	4855	7051	3071	6890	4759	4669	2154	2246	4116	4067	1435	1476	136620
*	5p	+	64	689641	396901	405748	687803	2180093	14717	11614	10870	10695	4401	6031	2865	7174	4743	6805	2880	6852	4486	4465	2179	2217	4018	3942	1383	1482	133138
*	5p	+	65	677893	388182	395880	675303	2137258	14470	11438	10593	10472	4431	5892	2932	7304	4946	6726	2900	6285	4410	4421	2170	2163	3862	3924	1302	1473	129675
*	5p	+	66	664542	380817	389009	659536	2093904	14329	11250	10809	10059	4307	5623	2796	6887	4760	6807	2860	6388	4373	4262	2187	2019	3878	3718	1367	1465	126377
*	5p	+	67	651315	370800	380401	648269	2050785	14089	10834	10165	10042	4308	5582	2737	6800	4533	6671	2811	6036	4239	4149	2050	2075	3870	3731	1309	1338	123071
*	5p	+	68	635875	361188	375617	634704	2007384	13993	10724	10196	9792	4136	5598	2613	6552	4484	6450	2855	5960	4145	4179	2033	1997	3688	3647	1271	1394	119843
*	5p	+	69	622773	354103	364794	621995	1963665	13487	10596	9997	9653	4038	5310	2661	6342	4400	6586	2615	5792	4181	3968	1976	1907	3739	3558	1281	1357	116673
*	5p	+	70	610180	346770	357336	606119	1920405	13378	10189	9751	9521	3950	5518	2593	6457	4498	6164	2686	5828	3961	3971	1952	1941	3583	3365	1260	1306	113545
*	5p	-	1	834597	711809	592511	811286	2950203	9586	12762	11934	14702	6625	4967	3456	7615	5481	5886	4417	4557	0	0	0	0	307	302	302	255	652953
*	5p	-	2	918295	489660	562535	979725	2950215	9350	15383	10518	8375	3389	5210	2591	4637	4130	4892	2117	5449	58	67	53	59	385	348	184	174	651486
*	5p	-	3	917507	589102	503414	940405	2950428	9256	11388	8157	9264	3849	4303	2136	5142	3173	4530	2545	6849	106	139	88	97	388	321	175	113	633276
*	5p	-	4	982722	555018	483948	928257	2949945	9264	10529	7837	8726	3494	4009	2008	5074	2972	4784	2330	6016	268	335	262	301	501	426	308	259	610355
*	5p	-	5	995064	530972	520712	903000	2949748	9387	9710	8032	8423	3271	3952	2107	5354	3273	4819	2201	6333	401	419	299	340	596	478	312	317	585549
*	5p	-	6	1015720	508453	537199	888129	2949501	14281	13468	12515	11396	4667	6290	3483	7676	5350	7679	3198	8874	561	565	363	332	751	536	316	356	556678
*	5p	-	7	901002	535704	504414	1008101	2949221	12249	14729	11225	12262	4912	6789	3028	6830	4939	6905	3250	8923	785	647	402	384	784	766	350	349	541569
*	5p	-	8	903463	560276	522699	962423	2948861	12708	13891	12058	12434	5084	6847	3323	7127	5033	7016	3427	8717	890	898	420	432	1007	857	367	377	524742
*	5p	-	9	867883	566858	512000	1001550	2948291	11806	14487	11966	12496	5083	7020	3320	6888	4971	6715	3354	9034	1112	1099	590	573	1016	1214	491	462	508196
*	5p	-	10	956161	524700	518461	948427	2947749	12991	13771	11440	11785	4786	6538	3194	7419	5106	7376	3139	8596	1265	1352	683	681	1307	1393	472	547	491606
*	5p	-	11	924868	576159	557028	889217	2947272	13409	13446	13289	13744	5608	6437	3673	7981	5682	7955	3606	8663	1542	1670	790	695	1517	1419	676	585	474718
*	5p	-	12	912151	583949	537097	913584	2946781	13277	14080	13175	14122	5726	6968	4840	7491	5265	7473	3553	8990	1667	1784	855	844	1591	1586	801	710	462125
*	5p	-	13	922855	561463	531098	930950	2946366	13552	14213	12706	13355	5369	6865	3545	7701	5559	7763	3416	8561	1860	1977	915	870	1797	1837	740	732	448948
*	5p	-	14	921986	556336	533317	934100	2945739	13577	13901	12548	12824	5366	6879	3489	7873	5379	7627	3430	8752	2022	2097	1015	893	2022	2117	811	777	436022
*	5p	-	15	924384	557496	530766	932690	2945336	13330	14055	12400	13012	5254	6910	3287	7856	5482	7617	3844	8720	2237	2216	1087	1087	2210	2195	889	840	423629
*	5p	-	16	931284	551728	530746	930757	2944515	13516	14006	12809	13078	5372	7089	4668	7841	5445	7599	3519	8709	2480	2296	1133	1149	2441	2312	998	987	411148
*	5p	-	17	931186	554140	534174	924870	2944370	13437	13974	12737	13145	5247	7120	3484	7660	5374	7852	3374	8663	2628	2573	1196	1190	2518	2616	1003	962	400622
*	5p	-	18	926745	554537	538280	924321	2943883	13791	13715	12856	12812	5060	6900	3357	7866	5227	7543	3391	8688	2772	2756	1257	1198	2724	2717	1165	981	390028
*	5p	-	19	923991	553568	535012	931052	2943623	13797	13436	12606	12933	5183	6963	3235	7601	5570	7957	3375	8439	2807	2758	1414	1288	2814	2901	1112	1028	379793
*	5p	-	20	901460	543925	528228	892556	2866169	14510	14551	13829	13956	6009	7401	3501	8223	5951	8436	3780	9171	3094	3128	1403	1424	2964	2978	1214	1178	369698
*	5p	-	21	887838	540749	523077	882964	2834628	15095	14776	14019	13863	5593	7448	3647	8476	5960	8690	4418	8701	3379	3235	1636	1504	3144	3292	1236	1222	359580
*	5p	-	22	884291	535537	516619	884585	2821032	14523	14709	13614	13650	5587	7362	3789	8318	5880	8260	3654	8818	3401	3469	1629	1735	3187	3492	1269	1306	350339
*	5p	-	23	881507	533792	514916	881724	2811939	14586	14581	13504	13379	5483	7151	3716	8131	5693	8602	3841	8901	3608	3572	1798	1626	3377	3504	1465	1272	341174
*	5p	-	24	878082	531451	517604	878168	2805305	14784	14491	13626	13585	5381	7311	3581	8255	5884	8159	3735	8787	3741	3786	1805	1766	3812	3645	1358	1316	332375
*	5p	-	25	874145	532005	515563	874876	2796589	14895	14766	13431	13821	5435	7370	3543	8450	5974	8356	3591	8959	3808	3829	1828	1861	3629	3723	1401	1369	323817
*	5p	-	26	875879	527902	513435	872217	2789433	14964	14564	13652	13657	5639	7567	3541	8566	5809	8713	3699	9049	3899	3993	1922	1835	3753	3766	1405	1384	315472
*	5p	-	27	872304	523050	514335	873298	2782987	15251	14704	13619	13661	5664	7530	3462	8471	5879	8483	3729	9070	4199	4010	1942	1888	4033	4126	1466	1464	307518
*	5p	-	28	868127	525802	514029	870170	2778128	14910	14510	13277	13563	5434	7373	3824	8564	6004	8710	3618	8907	4085	4207	2068	2020	4154	4073	1457	1449	300046
*	5p	-	29	869360	524076	513305	867717	2774458	14657	14660	13577	13378	5448	7231	3628	8150	5872	8536	3585	8855	4277	4248	2152	1905	4198	4097	1487	1499	292648
*	5p	-	30	864449	520276	514499	871052	2770276	14672	14560	13206	13279	5491	7288	3651	8365	5851	8440	3658	8822	4255	4321	2060	2013	4205	4159	1557	1482	285424
*	5p	-	31	861844	521630	510709	865524	2759707	14505	14475	13592	13983	6345	7344	3500	8435	6036	8745	3638	8592	4479	4631	2148	1998	4267	4218	1494	1461	278434
*	5p	-	32	861608	518702	511842	857376	2749528	14880	14334	13259	13349	5797	7378	3497	8545	6002	8427	3579	8581	4530	4552	2251	2150	4245	4259	1610	1510	271803
*	5p	-	33	857357	519918	507940	854445	2739660	15196	14527	13405	13452	5492	7304	3534	8464	6035	8818	3514	8513	4590	4677	2301	2114	4472	4329	1650	1549	265165
*	5p	-	34	858632	511267	505750	854731	2730380	15153	14202	13358	13288	5578	7356	3380	8632	5867	8602	3841	8846	4736	4590	2267	2255	4547	4384	1543	1530	258702
*	5p	-	35	852723	512142	503125	852654	2720644	15045	14207	13427	13027	5600	7393	3534	8482	6019	8467	3603	8288	4801	4856	2344	2263	4574	4620	1695	1574	252580
*	5p	-	36	845951	509716	498923	849347	2703937	15332	14502	13344	13370	5616	7428	3492	8427	6048	8752	3605	8576	4865	4742	2331	2233	4713	4622	1593	1606	246381
*	5p	-	37	842477	503423	494760	846929	2687589	15281	14266	13975	13099	5448	7411	3447	8524	5979	8669	3576	8500	4841	4881	2311	2293	4709	4680	1589	1651	240523
*	5p	-	38	834178	497433	495782	843326	2670719	15080	14306	13038	13165	5474	7158	3359	8427	5923	8333	3620	8401	4848	4901	2437	2409	4649	4658	1727	1726	234925
*	5p	-	39	829753	495290	491160	837781	2653984	15105	14176	13108	13454	5265	7213	3403	8229	5724	8472	3423	8487	4938	5000	2414	2393	4764	4727	1641	1672	229329
*	5p	-	40	827696	491960	488183	829137	2636976	15126	14019	12965	12775	5335	7270	3406	7993	5926	8458	3422	8463	4938	4966	2397	2355	4667	4744	1679	1688	223841
*	5p	-	41	816805	489793	490035	818190	2614823	15591	13726	13003	12815	5453	7201	3496	8428	6032	8396	3488	8337	4884	5045	2413	2409	4694	4726	1713	1735	218375
*	5p	-	42	811807	485284	483566	811729	2592386	15451	13963	12709	12781	5398	7135	3388	8403	5986	8221	3454	8180	5029	5132	2454	2355	4773	4750	1682	1671	213033
*	5p	-	43	806932	478741	475589	807929	2569191	15224	13553	12764	12731	5185	7226	3241	8194	5868	8268	3357	7848	5031	5037	2394	2378	4748	4816	1659	1775	207862
*	5p	-	44	800193	474436	471140	799621	2545390	15289	13811	12450	13244	5119	6828	3355	8016	5632	8113	3272	7853	4981	4964	2344	2422	4648	4800	1765	1695	202767
*	5p	-	45	793161	466024	466879	794305	2520369	14960	13434	12474	12447	5146	6974	3319	8183	5597	8520	3350	8123	5149	5002	2329	2253	4660	4733	1719	1636	197823
*	5p	-	46	783708	459468	462725	786665	2492566	15366	13103	12522	12490	4989	6605	3271	8053	5577	8214	3364	7915	4956	5017	2420	2315	4582	4684	1720	1707	192961
*	5p	-	47	776561	450942	456927	779479	2463909	14807	12969	12054	12141	4963	6651	3359	7875	5556	7836	3159	7760	4934	5083	2415	2380	4654	4554	1697	1720	188111
*	5p	-	48	765232	447695	453897	767145	2433969	14912	13007	11993	11874	5065	6663	3084	8022	5243	8049	3249	7966	4963	5002	2347	2371	4750	4630	1685	1690	183395
*	5p	-	49	761640	439787	444318	757858	2403603	15176	12946	12597	11861	5040	6586	3085	7769	5213	8010	3142	7728	4931	5038	2255	2356	4759	4608	1651	1659	178850
*	5p	-	50	747020	436415	440599	748295	2372329	14772	12592	11766	11595	4861	6579	3066	7766	5324	7333	3104	7506	5031	5089	2372	2282	4698	4600	1597	1595	174471
*	5p	-	51	737130	431420	435374	738183	2342107	14784	12475	11599	11756	4722	6335	3054	7601	5204	7307	2903	7359	4896	4901	2440	2212	4665	4488	1611	1621	170132
*	5p	-	52	727175	424941	430696	728268	2311080	14668	12376	11406	11430	4643	6201	2968	7412	4967	7191	3224	8978	4905	4957	2340	2256	4632	4519	1508	1602	165932
*	5p	-	53	716197	419634	424391	719330	2279552	14615	12247	11395	11150	4717	6232	2892	7470	4945	7159	2978	7188	4853	4908	2395	2269	4410	4282	1539	1611	161810
*	5p	-	54	708685	410071	417875	710405	2247036	14747	11839	11098	11038	4478	6073	2986	7398	5030	6971	2812	7059	4836	4830	2277	2347	4370	4418	1569	1562	157878
*	5p	-	55	698625	404209	413710	697070	2213614	14595	12098	11179	10796	4523	6036	2935	6908	4747	6810	2806	7051	4805	4821	2214	2202	4473	4334	1468	1466	153940
*	5p	-	56	691470	396120	404835	686823	2179248	14418	11251	11000	10598	4446	6060	2874	7140	4812	6989	2988	6712	4770	4724	2149	2170	4318	4215	1404	1471	150000
*	5p	-	57	678430	388376	398941	678217	2143964	14250	11385	10799	10470	4308	5882	2768	6890	4651	6876	2705	6926	4567	4513	2247	2210	4091	4299	1429	1473	146347
*	5p	-	58	669043	383096	390761	665191	2108091	13822	11216	10621	10092	4188	5652	2807	6966	4616	6658	2733	6690	4530	4488	2185	2159	4158	4137	1506	1500	142806
*	5p	-	59	654116	378276	385817	653617	2071826	13946	10980	10394	10003	4248	5496	2629	6945	4481	6658	2627	6162	4453	4473	2107	2084	4068	4205	1439	1421	139254
*	5p	-	60	642345	369437	380724	642600	2035106	13690	10953	10220	9918	4028	5717	2660	6851	4486	6519	2550	6412	4438	4328	2082	2064	3984	4119	1377	1408	135756
*	5p	-	61	632303	364144	371436	630063	1997946	13452	10540	9786	9679	3884	5328	2614	6491	4507	6367	2431	6023	4301	4452	2002	2049	3964	3992	1319	1352	132200
*	5p	-	62	620765	355672	366555	617324	1960316	13405	10267	9879	9362	3975	5421	2670	6560	4297	6365	2505	5928	4199	4321	2022	2055	3951	3822	1343	1304	128802
*	5p	-	63	608033	347967	358478	608129	1922607	13212	10075	9590	9296	3861	5405	2527	6530	4305	6353	2386	6098	4327	4127	1880	1978	3771	3702	1261	1292	125409
*	5p	-	64	595452	343062	350825	595188	1884527	13049	10062	9304	9166	3879	4979	2528	6125	4253	5980	2435	5890	4096	4184	1951	1975	3775	3585	1265	1246	122206
*	5p	-	65	583374	334018	343974	584741	1846107	13217	9592	9167	8838	3847	4957	2345	6139	4448	5808	2483	5222	4118	4004	1859	1892	3661	3549	1227	1250	119046
*	5p	-	66	571464	326925	337422	571333	1807144	12664	9319	9006	8702	3695	4864	2435	6039	4312	6115	2323	5300	3911	3949	1849	1843	3558	3484	1279	1295	115939
*	5p	-	67	560345	318035	329773	559965	1768118	12446	8949	8972	8630	3522	4804	2219	5846	4098	5858	2192	5503	3879	3897	1833	1833	3484	3495	1167	1197	112845
*	5p	-	68	549505	312167	321463	545897	1729032	12275	8874	8545	8389	3416	4675	2299	5741	3902	5778	2144	5111	3794	3764	1771	1899	3366	3403	1241	1173	109765
*	5p	-	69	536282	305046	315170	533608	1690106	12039	8737	8414	8203	3531	4407	2200	5613	3899	5581	2159	4862	3794	3700	1760	1776	3365	3300	1132	1140	106765
*	5p	-	70	525221	296899	307291	521827	1651238	11850	8622	8235	8047	3376	4365	2138	5520	3969	5361	2118	4887	3686	3710	1685	1693	3302	3232	1151	1134	103976
