# table produced by mapDamage version 2.2.1
# using mapped file CviAPal007.merged.L103.realn.bam and reference.ssl.Cvi20k_rename.fasta as reference file
# Chr: reference from sam/bam header, End: from which termini of DNA sequences, Std: strand of reads
Chr	End	Std	Pos	A	C	G	T	Total	G>A	C>T	A>G	T>C	A>C	A>T	C>G	C>A	T>G	T>A	G>C	G>T	A>-	T>-	C>-	G>-	->A	->T	->C	->G	S
*	3p	+	1	25517	19061	22431	27272	94281	693	266	328	266	123	164	136	170	174	152	116	179	0	0	0	0	1	1	4	5	34855
*	3p	+	2	29447	20802	16591	27480	94320	528	214	202	231	117	96	64	150	91	126	79	115	0	1	1	0	2	2	2	5	34767
*	3p	+	3	28510	16769	21800	27245	94324	356	200	214	190	80	99	58	144	102	109	68	118	0	1	0	0	0	6	2	0	34196
*	3p	+	4	28129	16945	20955	28290	94319	303	184	207	166	78	100	58	131	108	103	68	125	2	5	3	5	4	3	2	4	33481
*	3p	+	5	29378	17744	18761	28428	94311	261	209	179	195	80	94	57	137	80	90	65	117	2	4	6	2	3	5	8	4	32665
*	3p	+	6	27074	20307	17467	29457	94305	369	361	344	394	142	181	116	265	179	249	166	262	5	4	6	3	10	7	7	4	31791
*	3p	+	7	31437	18246	17877	26747	94307	455	332	351	345	142	158	97	236	172	239	148	225	8	13	5	10	7	6	9	3	31220
*	3p	+	8	30249	18147	19343	26560	94299	442	355	353	327	151	164	96	252	221	198	154	230	10	10	5	7	17	9	4	5	30683
*	3p	+	9	31410	17367	19271	26230	94278	428	344	340	314	169	167	102	272	159	238	197	246	10	15	16	13	28	11	9	8	30116
*	3p	+	10	30659	18379	17441	27793	94272	427	376	319	319	169	174	109	248	153	224	146	220	17	15	9	13	24	14	13	11	29573
*	3p	+	11	29223	17901	19002	28119	94245	394	372	391	358	158	192	120	278	200	258	247	266	23	22	17	19	25	26	15	23	28955
*	3p	+	12	26873	18266	21794	27306	94239	444	382	405	398	142	201	111	263	186	206	1069	264	28	39	25	15	28	27	17	22	28494
*	3p	+	13	28350	18088	20127	27655	94220	470	344	357	347	177	198	104	258	179	229	137	286	42	34	12	18	48	36	12	16	28037
*	3p	+	14	27610	18277	20892	27406	94185	431	406	378	390	159	182	95	261	179	252	133	301	40	48	15	22	42	52	20	28	27557
*	3p	+	15	28466	17799	18211	29720	94196	374	376	389	374	184	161	149	243	217	235	131	252	29	39	29	27	48	42	22	24	27083
*	3p	+	16	27881	17562	19031	29709	94183	438	361	355	393	192	179	142	255	215	260	756	264	35	42	25	28	48	51	24	25	26637
*	3p	+	17	28482	18020	18370	29312	94184	421	386	449	350	166	227	112	287	226	250	128	229	56	57	29	28	50	53	20	27	26216
*	3p	+	18	28155	20280	18820	26904	94159	438	391	403	406	166	208	132	273	199	256	123	269	46	55	34	34	52	68	22	32	25799
*	3p	+	19	30462	17593	18469	27626	94150	380	392	394	445	173	195	129	256	189	258	114	240	68	62	28	40	62	61	26	34	25388
*	3p	+	20	26656	19496	17843	26149	90144	464	405	426	426	183	213	203	305	244	275	153	267	67	71	38	37	81	69	23	35	24976
*	3p	+	21	27792	17711	17767	25220	88490	420	434	391	469	182	199	465	264	186	276	128	272	68	71	41	56	65	89	23	42	24625
*	3p	+	22	26479	16791	18826	25745	87841	446	377	404	388	217	201	119	260	207	243	281	274	83	76	44	51	71	74	35	41	24251
*	3p	+	23	27044	17803	17494	25081	87422	406	412	408	383	168	202	165	278	196	222	131	254	104	80	50	43	84	79	32	42	23841
*	3p	+	24	24967	19157	17664	25337	87125	466	416	420	419	183	180	134	305	168	244	125	271	85	78	62	45	90	100	35	36	23486
*	3p	+	25	25127	19123	18207	24275	86732	461	454	393	422	169	203	140	315	193	248	99	278	99	84	58	46	83	87	37	48	23107
*	3p	+	26	24765	17143	18002	26501	86411	452	451	417	409	164	214	116	308	195	255	106	267	93	109	55	55	93	81	28	38	22737
*	3p	+	27	25131	17085	17089	26837	86142	446	421	439	436	182	177	113	291	185	256	121	275	111	119	50	58	90	70	37	41	22384
*	3p	+	28	24185	17911	19441	24397	85934	431	402	428	403	157	199	127	288	178	245	160	261	98	108	67	57	78	81	39	47	22023
*	3p	+	29	24369	18458	17712	25194	85733	435	462	428	414	177	182	109	302	211	258	128	272	108	127	52	66	95	90	50	52	21667
*	3p	+	30	26576	17361	16724	24889	85550	442	423	403	413	163	194	132	259	172	276	128	254	116	127	61	62	92	88	57	46	21311
*	3p	+	31	25533	16142	19233	24229	85137	474	388	504	432	173	185	117	285	239	245	109	275	93	118	70	67	101	75	63	49	20993
*	3p	+	32	23992	16839	17206	26743	84780	417	412	415	412	171	183	105	266	209	276	125	269	111	119	48	62	106	89	36	52	20674
*	3p	+	33	23878	16439	17726	26391	84434	462	394	394	429	158	204	135	276	233	266	125	269	94	101	56	67	95	91	44	38	20336
*	3p	+	34	24025	16421	16484	27144	84074	407	398	396	399	161	176	163	263	205	257	114	304	100	105	53	66	87	92	46	48	20025
*	3p	+	35	24407	16034	16760	26489	83690	379	382	416	419	177	205	107	235	196	268	113	280	84	106	64	67	99	104	38	51	19739
*	3p	+	36	26109	16126	17494	23271	83000	456	394	395	481	163	188	125	258	175	234	124	244	115	114	70	62	100	98	57	50	19413
*	3p	+	37	24118	16042	18579	23781	82520	460	370	416	822	190	192	109	284	152	232	133	306	121	96	68	73	118	100	39	50	19113
*	3p	+	38	25851	16912	16239	22742	81744	408	433	399	413	189	193	271	249	182	219	110	277	136	94	69	66	112	102	61	44	18837
*	3p	+	39	25583	15948	16536	23172	81239	419	409	410	386	147	168	113	286	179	227	118	261	125	109	59	66	109	109	48	51	18539
*	3p	+	40	25110	15933	16378	23346	80767	380	405	365	360	156	174	118	278	174	238	98	289	109	109	70	79	135	81	51	51	18220
*	3p	+	41	23118	17676	16763	22600	80157	382	417	386	343	220	199	127	268	167	238	101	252	120	106	66	70	136	99	48	53	17929
*	3p	+	42	22913	15997	17747	22834	79491	480	433	347	401	157	217	122	278	178	242	119	239	116	109	52	86	99	106	71	62	17631
*	3p	+	43	23642	15360	15803	24085	78890	386	370	414	412	174	197	97	239	181	233	94	247	127	121	66	67	118	100	65	56	17347
*	3p	+	44	23007	15725	17289	22284	78305	416	387	607	365	168	178	105	227	167	235	113	264	125	113	72	75	114	114	55	65	17073
*	3p	+	45	24717	15172	15692	22128	77709	398	383	408	400	159	198	117	252	156	214	133	228	97	121	62	85	109	130	64	56	16821
*	3p	+	46	24023	15842	14896	22275	77036	349	418	389	440	160	177	125	286	183	227	104	234	123	126	63	66	121	112	68	65	16502
*	3p	+	47	24485	14835	14899	22079	76298	359	375	361	387	134	202	104	268	140	227	91	226	115	110	73	73	112	112	49	66	16235
*	3p	+	48	21745	17374	14778	21722	75619	368	416	389	385	148	185	106	281	187	249	102	224	124	124	55	56	130	115	44	56	15946
*	3p	+	49	21638	14614	14503	24164	74919	380	366	360	960	150	170	113	307	160	216	105	203	123	112	67	60	126	125	62	58	15655
*	3p	+	50	23378	14689	14768	21481	74316	352	357	526	387	177	182	100	273	167	187	103	237	103	122	73	77	116	130	49	58	15390
*	3p	+	51	21822	15994	14773	21068	73657	367	371	409	364	143	154	88	318	163	225	97	227	111	112	71	69	131	126	49	75	15089
*	3p	+	52	21397	16051	14637	20943	73028	397	352	352	331	124	152	374	1597	133	192	100	232	121	109	63	76	127	128	59	61	14831
*	3p	+	53	22763	14529	14298	20822	72412	349	341	400	350	138	180	111	242	177	217	99	225	123	107	56	62	112	122	50	60	14554
*	3p	+	54	22475	14241	13974	21101	71791	367	363	360	317	146	159	106	232	131	218	108	212	100	103	62	56	135	120	48	70	14266
*	3p	+	55	20250	15951	13848	21127	71176	386	337	340	381	130	172	105	197	135	190	93	212	101	129	58	56	137	118	52	65	13996
*	3p	+	56	20418	13861	13695	22601	70575	373	360	325	351	132	162	113	217	151	184	71	187	123	114	48	64	138	105	55	62	13760
*	3p	+	57	20523	13517	13709	22238	69987	340	351	340	348	126	168	97	188	161	199	83	204	128	103	59	62	104	117	55	58	13539
*	3p	+	58	20041	13764	13690	21828	69323	385	328	312	339	139	180	75	202	135	177	88	198	113	94	81	63	125	105	57	55	13274
*	3p	+	59	20104	13745	14917	19874	68640	373	339	328	294	134	137	91	181	140	206	78	182	113	102	74	67	132	92	53	47	13067
*	3p	+	60	20183	15002	13374	19419	67978	325	360	327	336	125	154	132	208	139	205	81	225	117	117	56	60	113	99	63	46	12803
*	3p	+	61	21172	13101	13501	19495	67269	320	290	314	364	123	156	72	201	148	173	116	209	116	107	59	72	120	116	46	46	12564
*	3p	+	62	19414	14717	12731	19769	66631	330	293	330	311	132	134	109	187	137	167	92	219	118	97	81	65	104	109	44	52	12292
*	3p	+	63	20356	12981	12822	19653	65812	362	332	343	323	113	147	77	197	128	184	99	205	120	133	68	60	130	86	48	41	12078
*	3p	+	64	20092	12892	13434	18743	65161	349	318	309	296	138	178	112	220	156	165	80	210	130	147	69	66	108	98	48	62	11806
*	3p	+	65	20543	12899	12660	18379	64481	306	320	316	308	150	148	103	176	142	187	82	200	110	139	69	73	114	107	62	41	11557
*	3p	+	66	20286	12799	12478	18250	63813	279	298	300	306	117	150	80	197	139	192	85	199	112	119	67	67	102	93	58	48	11313
*	3p	+	67	18781	13879	12435	18061	63156	297	337	315	333	141	129	90	317	141	165	69	192	117	129	55	66	102	97	57	48	11067
*	3p	+	68	18491	12250	13414	18318	62473	315	323	272	301	130	139	74	172	139	162	96	201	110	113	61	72	110	86	49	43	10829
*	3p	+	69	18155	12431	13467	17766	61819	289	307	281	289	128	156	84	178	146	165	105	194	111	151	57	57	106	105	43	48	10579
*	3p	+	70	18542	11980	12242	18324	61088	267	290	289	283	104	150	89	194	135	161	73	195	101	127	74	70	117	106	56	55	10324
*	3p	-	1	25003	18612	22210	25900	91725	668	241	372	279	121	146	107	160	185	132	90	166	0	0	0	0	2	3	4	2	31542
*	3p	-	2	29244	17837	16483	28176	91740	524	218	208	277	88	102	45	150	102	137	70	128	1	2	0	1	1	3	0	0	31453
*	3p	-	3	28240	16546	18616	28344	91746	356	199	220	212	80	86	66	149	80	112	47	128	1	3	1	1	0	2	0	0	30891
*	3p	-	4	27667	16746	17887	29397	91697	265	192	206	167	86	119	51	126	91	95	55	133	12	21	9	7	17	17	5	10	30243
*	3p	-	5	27031	17527	17940	29199	91697	277	213	198	212	90	86	73	130	99	96	50	140	16	23	5	10	17	25	4	6	29548
*	3p	-	6	26735	17963	17073	29917	91688	420	397	363	343	162	201	110	234	203	194	117	246	18	19	8	10	16	29	8	8	28683
*	3p	-	7	28499	17495	17610	28069	91673	441	334	327	325	151	174	123	257	183	236	103	210	23	25	7	3	34	28	9	6	28219
*	3p	-	8	28014	17675	18465	27511	91665	390	322	345	334	154	144	122	247	177	239	107	251	18	22	8	10	26	35	10	13	27734
*	3p	-	9	29125	17306	18251	26960	91642	387	338	396	357	161	160	123	269	171	233	111	239	29	26	17	15	37	39	17	15	27206
*	3p	-	10	28120	17698	17219	28585	91622	405	334	333	324	151	191	101	227	160	208	107	240	26	42	27	15	42	53	17	16	26666
*	3p	-	11	26533	18530	18451	28101	91615	407	396	405	392	178	173	128	259	196	237	127	253	33	40	31	33	53	43	21	16	26086
*	3p	-	12	26536	18628	18709	27746	91619	435	387	405	433	153	177	260	242	181	252	117	265	44	46	30	29	55	44	15	16	25675
*	3p	-	13	27385	18146	18098	27979	91608	408	350	396	392	154	191	127	307	215	228	116	245	60	42	26	29	52	40	25	23	25228
*	3p	-	14	27767	17513	18244	28053	91577	411	384	371	396	237	185	106	207	204	247	112	268	43	55	36	32	58	57	32	23	24804
*	3p	-	15	27254	17879	18548	27891	91572	435	359	400	396	180	182	110	248	203	221	161	277	56	71	25	42	74	55	29	20	24355
*	3p	-	16	27093	18312	18009	28161	91575	431	407	397	388	189	192	98	245	206	237	99	281	73	64	33	37	65	55	29	24	23914
*	3p	-	17	27424	17573	18430	28131	91558	456	345	460	360	305	190	95	239	194	232	239	243	54	66	36	42	61	64	32	34	23517
*	3p	-	18	26916	17931	18339	28351	91537	530	368	403	379	160	154	112	265	204	237	129	281	69	50	39	29	77	66	34	33	23134
*	3p	-	19	27375	18215	18133	27828	91551	385	369	365	348	193	155	107	265	177	249	122	286	69	65	41	32	82	40	41	35	22741
*	3p	-	20	25900	17659	17539	26439	87537	458	405	480	408	172	234	107	260	211	224	110	291	85	71	47	39	85	76	35	29	22353
*	3p	-	21	25260	17168	17243	26260	85931	459	447	432	475	158	189	137	267	213	291	132	305	79	76	50	50	90	79	36	30	21977
*	3p	-	22	25420	17162	17010	25698	85290	439	398	498	440	188	190	102	263	216	263	146	282	82	80	48	38	60	77	31	33	21649
*	3p	-	23	25440	17371	16980	25058	84849	454	397	538	406	183	208	109	265	203	263	133	288	88	90	40	47	85	71	36	31	21328
*	3p	-	24	25022	17248	16975	25329	84574	453	387	426	400	186	187	109	244	196	231	150	280	87	84	54	48	77	63	39	36	20994
*	3p	-	25	24867	16943	16953	25389	84152	432	362	404	387	174	190	134	265	185	265	202	281	93	79	50	62	86	88	25	40	20674
*	3p	-	26	24412	17189	17128	25072	83801	442	361	465	451	177	174	126	289	180	310	113	300	95	102	50	50	80	86	47	49	20333
*	3p	-	27	24525	17176	16891	24951	83543	414	405	422	425	148	202	133	277	194	231	116	310	105	98	66	52	103	92	36	38	20024
*	3p	-	28	24274	16990	16785	25266	83315	443	402	446	410	180	173	121	255	210	227	122	348	86	112	60	73	84	96	41	47	19737
*	3p	-	29	24243	16881	16931	25092	83147	407	372	412	418	157	185	131	255	177	230	103	275	108	96	53	80	91	86	42	39	19462
*	3p	-	30	24544	17129	16718	24574	82965	429	410	453	447	195	216	121	258	187	241	129	312	109	119	69	80	83	78	44	46	19149
*	3p	-	31	24404	16969	16578	24576	82527	423	407	418	418	173	179	145	227	163	219	132	309	113	110	79	79	110	86	41	44	18859
*	3p	-	32	24430	16579	16604	24526	82139	412	357	413	413	169	197	129	259	188	227	132	277	122	125	62	92	112	87	53	38	18589
*	3p	-	33	24029	16444	16727	24573	81773	417	408	407	376	220	203	129	256	181	254	128	312	106	126	82	67	105	99	39	54	18335
*	3p	-	34	23751	16871	16502	24292	81416	426	410	394	391	181	189	129	236	200	235	130	300	118	104	59	75	115	106	51	41	18054
*	3p	-	35	24139	16548	16578	23790	81055	416	375	389	388	165	186	128	233	182	238	135	253	121	99	71	61	104	88	49	47	17796
*	3p	-	36	23928	16359	16510	23621	80418	461	390	447	386	173	213	111	240	206	220	130	267	107	125	72	65	107	111	40	41	17469
*	3p	-	37	23533	16101	16465	23854	79953	412	408	409	380	155	164	127	283	183	234	120	269	112	103	67	72	110	90	53	38	17177
*	3p	-	38	23683	16116	16148	23430	79377	458	394	417	370	181	170	135	203	183	245	115	303	126	116	71	64	101	108	37	55	16874
*	3p	-	39	23224	16378	16053	23252	78907	429	360	407	385	184	204	111	219	181	230	136	283	113	107	72	76	88	112	54	39	16625
*	3p	-	40	22838	16241	15661	23699	78439	379	360	407	388	156	231	126	213	178	225	143	317	111	127	69	55	110	108	46	43	16335
*	3p	-	41	22848	15718	15879	23414	77859	408	370	414	406	165	191	107	268	186	213	123	275	108	100	74	68	106	93	38	61	16057
*	3p	-	42	22524	15766	15906	23008	77204	449	363	411	347	156	175	137	247	177	234	137	298	112	116	67	58	113	95	57	36	15829
*	3p	-	43	22565	15314	16073	22723	76675	402	374	418	345	151	171	108	214	168	250	128	375	126	119	64	60	102	95	49	61	15584
*	3p	-	44	22348	15299	15453	23034	76134	386	356	420	421	156	178	101	237	175	235	112	247	113	130	67	67	116	90	44	36	15335
*	3p	-	45	22482	15521	15250	22232	75485	455	389	388	384	172	177	118	248	173	194	122	282	125	119	74	60	103	95	48	53	15063
*	3p	-	46	21781	15364	15178	22508	74831	369	355	423	392	184	189	107	213	164	224	121	240	111	117	84	74	114	101	47	46	14806
*	3p	-	47	21802	15093	15319	21927	74141	410	349	364	373	155	152	133	223	194	228	112	289	120	125	71	67	112	130	43	47	14571
*	3p	-	48	21732	15154	14976	21697	73559	374	383	391	346	151	164	129	207	170	208	96	248	127	117	73	65	103	119	44	53	14319
*	3p	-	49	21584	14933	14907	21505	72929	388	405	401	376	145	177	132	196	152	204	109	216	116	117	70	78	96	118	50	43	14053
*	3p	-	50	21362	14789	15048	21088	72287	415	363	369	335	136	167	105	247	175	214	93	258	123	121	74	52	99	101	51	48	13839
*	3p	-	51	21193	14746	14368	21399	71706	346	327	388	380	153	163	113	224	167	226	123	245	120	123	83	63	93	98	45	53	13616
*	3p	-	52	21100	14509	14283	21195	71087	368	368	379	374	132	172	115	242	176	201	107	226	120	131	77	60	98	111	52	42	13387
*	3p	-	53	20959	14512	14317	20727	70515	375	375	371	347	157	148	122	232	162	194	105	217	121	123	51	67	98	93	62	38	13153
*	3p	-	54	20790	14275	14106	20745	69916	354	376	389	371	145	169	122	219	138	194	105	241	134	113	74	78	106	102	52	42	12910
*	3p	-	55	20498	14436	13893	20445	69272	357	345	359	339	134	170	120	199	138	184	93	215	104	141	67	65	99	112	51	49	12660
*	3p	-	56	20466	13834	13857	20471	68628	352	317	365	352	123	167	122	207	142	182	81	183	110	130	74	60	103	98	49	47	12429
*	3p	-	57	19994	13979	13955	20052	67980	379	322	375	335	142	176	104	203	147	192	101	208	104	126	69	75	95	101	55	47	12218
*	3p	-	58	20016	13888	13327	20151	67382	312	315	312	292	151	136	120	211	153	209	91	229	117	114	67	65	100	102	53	41	11993
*	3p	-	59	19938	13341	13705	19754	66738	371	369	365	316	135	155	128	206	139	176	84	199	118	108	81	58	97	101	50	49	11751
*	3p	-	60	19836	13554	13111	19543	66044	360	334	365	342	154	149	93	213	145	186	87	189	111	132	69	63	109	102	38	54	11521
*	3p	-	61	19607	13108	13190	19485	65390	345	309	356	295	140	155	109	189	132	199	99	202	114	129	89	66	112	105	47	49	11295
*	3p	-	62	19095	13396	13373	18906	64770	322	314	317	318	147	150	128	162	123	202	86	211	110	135	138	66	116	114	48	51	11061
*	3p	-	63	19074	13087	12950	18930	64041	343	368	317	311	119	154	116	170	139	191	102	199	166	130	66	68	120	99	59	48	10833
*	3p	-	64	18857	12765	12801	18945	63368	345	313	308	297	130	149	87	184	142	198	102	229	116	108	62	73	115	114	53	53	10595
*	3p	-	65	18815	12695	12753	18482	62745	349	321	303	297	125	139	112	162	136	166	125	282	119	107	67	65	106	90	47	67	10386
*	3p	-	66	18045	12727	12824	18464	62060	322	304	305	327	127	165	107	175	127	165	78	218	131	101	59	58	88	121	43	51	10162
*	3p	-	67	18264	12559	12157	18422	61402	343	325	307	358	117	142	104	185	126	182	102	199	94	116	71	60	95	104	47	52	9960
*	3p	-	68	18024	12593	12239	17945	60801	297	296	311	297	114	138	96	163	142	149	74	175	118	116	65	65	89	95	44	45	9767
*	3p	-	69	17766	12202	12291	17895	60154	318	304	323	309	122	143	119	157	135	159	75	188	123	112	72	69	93	107	38	34	9558
*	3p	-	70	17703	12195	11893	17742	59533	268	254	311	305	92	118	103	151	128	173	88	183	111	111	62	59	89	89	55	56	9351
*	5p	+	1	25610	25487	19456	23760	94313	239	292	357	442	231	120	136	210	158	148	145	133	0	0	0	0	1	6	4	0	30467
*	5p	+	2	29914	16182	18199	30025	94320	216	322	280	210	86	141	78	139	124	137	58	145	3	1	1	2	0	2	2	1	30393
*	5p	+	3	29543	19797	16248	28744	94332	227	272	206	244	73	78	68	146	56	100	69	139	2	0	0	1	0	0	0	0	29831
*	5p	+	4	31330	18054	17040	27860	94284	245	249	200	212	82	91	58	167	67	110	42	119	44	18	7	3	12	17	9	11	29193
*	5p	+	5	30911	18062	18103	27193	94269	220	194	223	203	81	88	53	143	78	107	85	129	27	18	11	11	23	27	4	9	28495
*	5p	+	6	31703	16738	18547	27263	94251	384	343	375	398	127	195	101	242	150	256	117	243	17	23	9	7	29	31	14	9	27729
*	5p	+	7	28956	17770	17608	29910	94244	363	376	360	396	130	186	91	240	143	208	100	225	17	23	9	13	27	42	11	8	27256
*	5p	+	8	28234	19169	18213	28637	94253	367	389	343	394	135	169	87	217	134	189	137	247	23	20	9	17	36	21	13	11	26760
*	5p	+	9	27211	18924	17038	31052	94225	326	411	361	372	138	180	119	219	145	164	95	210	33	45	14	20	37	44	19	8	26280
*	5p	+	10	29550	17657	17780	29212	94199	320	370	305	356	169	160	102	193	153	200	101	209	49	47	18	22	52	45	15	21	25788
*	5p	+	11	29049	19377	19197	26594	94217	423	386	370	381	158	153	122	260	176	187	141	213	47	39	25	27	46	37	14	20	25256
*	5p	+	12	28424	19526	19182	27051	94183	370	412	460	455	186	189	139	228	179	199	453	263	70	49	20	32	50	64	14	23	24860
*	5p	+	13	28854	18750	18557	28011	94172	360	384	373	404	156	201	103	267	194	200	110	245	54	54	31	23	62	56	15	29	24452
*	5p	+	14	29252	18796	17805	28327	94180	390	390	435	407	176	215	163	250	214	178	114	244	56	55	24	34	58	52	23	21	24041
*	5p	+	15	28630	19256	18724	27548	94158	412	419	415	431	159	186	164	255	173	192	128	243	54	62	28	31	64	57	24	30	23591
*	5p	+	16	28637	18456	18860	28175	94128	406	418	379	411	151	167	118	275	185	200	102	281	69	66	25	38	70	69	33	25	23184
*	5p	+	17	28859	18933	18276	28069	94137	371	391	417	392	161	165	504	227	425	216	100	228	75	56	35	47	74	64	34	24	22827
*	5p	+	18	28988	19175	18546	27405	94114	378	638	377	440	179	164	133	278	173	199	102	243	73	68	31	38	77	75	35	33	22447
*	5p	+	19	29373	18502	18373	27875	94123	385	389	382	390	169	176	114	300	145	208	92	252	70	73	48	43	76	73	32	29	22056
*	5p	+	20	27347	18292	17963	26519	90121	444	390	415	423	153	206	124	247	164	222	126	236	66	70	52	38	88	78	32	32	21693
*	5p	+	21	27413	17618	17678	25766	88475	449	409	485	458	169	217	160	271	166	202	147	247	88	70	40	42	79	87	28	38	21372
*	5p	+	22	26739	17279	17455	26354	87827	441	374	437	433	184	200	126	262	178	227	105	271	98	88	44	47	87	77	32	39	21081
*	5p	+	23	25848	17419	17910	26243	87420	400	441	419	630	174	212	110	273	167	251	127	277	86	117	52	46	71	91	34	37	20738
*	5p	+	24	26210	17459	17893	25570	87132	430	416	439	418	145	218	126	259	157	223	118	231	90	111	45	58	90	82	36	46	20423
*	5p	+	25	26474	17603	17249	25396	86722	431	404	364	407	171	177	274	271	150	223	136	241	111	101	79	42	90	93	42	40	20093
*	5p	+	26	26182	17239	18033	24917	86371	416	429	400	418	152	203	111	289	191	233	120	285	117	93	58	63	91	91	47	51	19777
*	5p	+	27	26003	17724	17567	24806	86100	396	407	404	424	161	188	136	318	180	240	108	255	103	111	69	61	101	97	42	41	19482
*	5p	+	28	26612	17427	17065	24803	85907	460	406	391	409	181	180	118	423	178	198	137	244	107	106	76	74	87	85	50	49	19163
*	5p	+	29	26309	17066	17379	24981	85735	427	376	441	436	164	176	124	282	170	224	115	251	121	117	71	74	103	95	36	51	18845
*	5p	+	30	25665	17308	17792	24778	85543	408	420	500	412	157	202	116	297	156	240	156	262	108	117	70	77	101	99	36	53	18556
*	5p	+	31	25649	17430	17225	24826	85130	407	430	432	433	138	189	139	276	147	227	144	220	104	98	79	73	110	105	38	41	18275
*	5p	+	32	25803	17395	16762	24821	84781	421	418	377	464	158	177	110	302	190	242	120	293	103	133	73	58	101	102	33	47	18026
*	5p	+	33	25483	17176	16991	24742	84392	409	408	418	487	148	202	120	281	231	233	140	258	118	116	60	89	95	120	42	52	17762
*	5p	+	34	25765	17062	17342	23886	84055	415	440	399	420	174	201	123	274	194	226	115	251	117	132	77	65	103	100	41	50	17541
*	5p	+	35	24794	17126	16800	24962	83682	399	391	410	417	163	177	118	270	191	212	137	264	103	129	79	65	98	108	46	46	17266
*	5p	+	36	24125	17548	16763	24545	82981	455	403	401	389	171	189	136	251	187	239	128	248	101	127	62	75	113	107	51	52	17014
*	5p	+	37	24799	16917	16346	24452	82514	419	410	363	382	157	175	140	300	168	227	127	250	120	113	57	75	110	116	52	35	16743
*	5p	+	38	24336	16404	16646	24381	81767	417	453	417	479	177	173	110	282	193	226	160	245	112	103	57	84	93	109	42	53	16478
*	5p	+	39	23760	17124	16765	23625	81274	414	437	398	420	147	178	116	318	175	263	117	269	111	134	71	56	98	100	43	46	16191
*	5p	+	40	24498	16220	16691	23363	80772	432	372	378	417	150	176	105	301	172	214	172	236	125	109	67	70	108	105	48	51	15960
*	5p	+	41	24297	16174	15726	23975	80172	431	384	418	450	151	191	125	309	192	220	122	227	115	114	60	73	107	116	48	50	15714
*	5p	+	42	23596	16288	16390	23231	79505	479	410	402	427	181	195	164	339	197	236	129	249	125	131	63	62	113	106	50	53	15478
*	5p	+	43	23473	16748	15501	23191	78913	381	390	382	419	133	189	112	506	169	239	114	207	117	118	62	64	108	109	48	50	15203
*	5p	+	44	24121	16162	15560	22487	78330	403	404	403	397	154	175	105	257	171	213	147	233	124	108	57	75	109	112	47	53	14977
*	5p	+	45	23423	15721	15715	22900	77759	373	375	384	384	173	175	97	273	170	226	115	244	124	120	69	67	98	101	65	46	14761
*	5p	+	46	23291	15979	15512	22302	77084	400	422	370	606	154	220	125	262	184	223	110	247	124	122	87	73	109	103	59	46	14512
*	5p	+	47	22887	15725	15412	22279	76303	415	405	368	386	128	192	141	430	150	203	108	243	131	104	76	68	116	100	62	54	14281
*	5p	+	48	22461	15732	15465	21986	75644	426	345	366	398	156	185	90	244	140	212	142	247	128	109	79	67	112	99	61	47	14059
*	5p	+	49	22676	14873	15441	21962	74952	411	371	358	399	156	175	101	211	163	232	134	236	116	131	64	66	119	119	49	51	13870
*	5p	+	50	21798	15946	14948	21642	74334	399	374	345	398	139	172	117	255	153	223	152	270	143	132	60	60	116	124	56	39	13661
*	5p	+	51	22105	14789	15052	21785	73731	372	356	350	353	147	162	116	218	165	192	118	248	130	128	82	64	110	99	47	49	13449
*	5p	+	52	21815	14968	14776	21528	73087	335	326	309	367	151	186	111	212	164	216	127	218	138	121	72	62	121	101	46	47	13241
*	5p	+	53	21570	14492	15039	21336	72437	392	349	343	351	140	154	75	233	150	193	139	291	106	110	77	71	111	91	54	63	13033
*	5p	+	54	21830	14713	14315	21005	71863	367	365	373	387	133	168	110	237	157	204	142	219	131	137	67	66	114	95	43	49	12830
*	5p	+	55	21159	14379	15046	20659	71243	358	337	352	380	144	161	94	221	163	187	113	207	144	114	67	77	103	94	47	57	12593
*	5p	+	56	21429	13876	14420	20914	70639	378	319	364	407	132	182	89	179	141	204	157	233	118	117	77	77	88	109	47	53	12386
*	5p	+	57	20539	14254	14466	20740	69999	356	351	368	513	148	162	106	214	149	218	131	216	111	110	92	62	90	131	49	52	12185
*	5p	+	58	20442	13919	14592	20411	69364	398	332	315	308	141	190	102	232	156	208	129	233	123	122	68	65	105	100	49	48	11990
*	5p	+	59	20426	14074	13541	20614	68655	338	336	301	348	142	137	82	192	157	201	147	214	119	111	63	83	105	101	54	49	11786
*	5p	+	60	20310	13409	13789	20491	67999	373	340	348	349	128	141	96	176	153	197	118	223	112	125	66	79	108	95	53	45	11609
*	5p	+	61	20067	13538	13391	20280	67276	331	331	325	305	146	151	96	217	154	177	139	209	116	129	61	67	116	104	50	53	11399
*	5p	+	62	19314	13745	13737	19814	66610	338	311	298	322	131	172	87	213	156	204	125	189	101	131	81	126	117	111	46	44	11214
*	5p	+	63	19733	13191	13558	19304	65786	387	297	323	316	110	163	95	187	132	193	113	201	119	170	71	63	112	109	52	59	11036
*	5p	+	64	19376	13334	13286	19166	65162	330	287	319	315	101	164	104	263	145	179	95	208	97	129	69	68	114	87	57	57	10874
*	5p	+	65	19183	13345	12730	19244	64502	330	317	338	295	137	160	183	409	147	185	115	180	120	111	73	66	120	98	50	40	10697
*	5p	+	66	18838	13544	12997	18456	63835	347	328	337	310	123	146	93	188	148	213	123	208	107	117	58	81	82	94	48	56	10493
*	5p	+	67	18765	12641	12899	18878	63183	370	320	390	294	114	145	130	200	131	202	129	202	130	103	53	55	103	90	48	37	10312
*	5p	+	68	18280	12689	12797	18702	62468	327	311	311	307	106	136	88	174	131	203	137	187	113	110	71	60	117	103	33	42	10129
*	5p	+	69	18429	12976	12384	18055	61844	318	311	335	279	128	129	93	171	139	176	153	168	131	109	63	58	112	87	35	44	9956
*	5p	+	70	18485	12357	12299	18005	61146	319	301	286	281	107	129	85	155	151	159	124	199	128	104	61	78	100	80	55	42	9774
*	5p	-	1	25427	24585	19021	22678	91711	261	227	302	419	207	128	154	192	158	160	168	142	0	0	0	0	0	1	2	2	30785
*	5p	-	2	27546	16187	18735	29265	91733	235	299	256	209	94	111	79	121	93	107	63	131	0	0	0	0	0	2	0	1	30697
*	5p	-	3	27142	21169	15497	27939	91747	220	254	195	222	133	89	61	106	83	106	71	150	0	0	0	0	0	0	0	0	30115
*	5p	-	4	29039	19400	16270	27018	91727	221	214	173	193	92	86	66	129	61	106	49	122	2	1	5	3	4	4	10	2	29495
*	5p	-	5	29088	18127	17468	27034	91717	252	222	202	185	73	69	74	121	73	99	50	123	4	4	9	4	8	5	4	15	28753
*	5p	-	6	30036	16754	19244	25694	91728	426	366	402	329	126	142	140	203	173	208	106	262	8	8	3	4	7	6	4	5	27968
*	5p	-	7	26527	17327	17432	30432	91718	387	406	337	372	146	167	108	183	143	166	109	244	11	10	7	5	11	2	10	9	27496
*	5p	-	8	26242	18809	17870	28784	91705	387	401	315	343	169	165	105	181	140	204	103	232	8	18	5	5	22	11	4	8	27017
*	5p	-	9	25469	18745	16978	30503	91695	358	390	336	374	129	151	156	215	130	180	115	211	16	27	10	15	17	17	8	13	26455
*	5p	-	10	28042	17065	17546	29009	91662	354	375	311	331	144	154	143	205	148	185	85	229	23	31	13	13	30	29	14	15	25947
*	5p	-	11	27416	18803	18161	27282	91662	333	382	373	422	147	189	196	219	181	200	117	252	31	38	15	11	19	31	21	17	25447
*	5p	-	12	26463	20840	17954	26397	91654	398	356	403	402	152	184	674	238	154	189	125	220	33	28	21	20	24	25	23	23	25003
*	5p	-	13	26781	19527	17908	27425	91641	385	434	393	398	139	163	131	223	159	214	94	214	31	31	20	19	44	29	16	20	24567
*	5p	-	14	26872	19875	17985	26901	91633	407	378	369	362	176	183	112	264	165	213	116	256	49	31	22	12	36	36	26	19	24174
*	5p	-	15	28456	18418	17217	27530	91621	366	364	381	366	155	174	122	219	178	175	153	251	46	34	23	25	47	44	22	16	23751
*	5p	-	16	28303	18858	17357	27073	91591	375	374	366	404	157	174	530	221	176	199	91	241	45	38	26	28	50	51	30	20	23305
*	5p	-	17	28549	17958	17632	27461	91600	405	382	374	442	178	175	111	209	160	253	112	220	62	65	25	30	47	52	30	19	22947
*	5p	-	18	26792	18290	19007	27481	91570	404	422	387	364	157	192	108	202	157	206	101	232	58	48	36	28	74	51	21	33	22584
*	5p	-	19	27042	18362	17176	28990	91570	397	369	417	374	134	164	101	180	177	187	109	215	60	75	41	33	56	67	31	25	22207
*	5p	-	20	25750	17599	18463	25758	87570	410	375	413	377	214	184	135	225	189	232	156	269	67	88	36	40	63	64	37	31	21843
*	5p	-	21	24895	17447	16935	26699	85976	410	449	442	433	144	169	122	217	183	249	270	264	75	63	27	46	63	73	29	25	21467
*	5p	-	22	24752	18101	16790	25652	85295	415	376	409	374	165	164	227	221	191	206	121	255	75	67	53	49	72	64	29	32	21122
*	5p	-	23	24646	17194	17116	25884	84840	408	417	363	402	139	193	115	216	169	233	145	269	80	83	48	36	67	81	45	37	20778
*	5p	-	24	24722	17183	18129	24515	84549	455	411	418	380	156	163	108	210	170	221	141	284	56	91	44	46	92	83	32	32	20459
*	5p	-	25	24116	17738	17837	24486	84177	455	408	391	441	135	197	92	247	149	216	104	268	87	72	45	53	63	89	27	35	20151
*	5p	-	26	25223	17590	16843	24183	83839	449	437	438	423	160	211	120	210	190	251	129	272	76	93	54	51	72	84	33	36	19825
*	5p	-	27	25625	16522	16691	24744	83582	426	381	438	476	165	202	106	259	175	211	145	260	112	97	49	48	78	81	33	38	19499
*	5p	-	28	24135	18083	17046	24079	83343	378	420	397	385	160	207	158	211	171	199	115	278	103	105	54	60	89	83	36	34	19209
*	5p	-	29	24346	17166	17409	24205	83126	449	358	399	409	154	178	116	248	184	238	111	231	90	108	63	64	103	87	51	41	18924
*	5p	-	30	24330	16525	16820	25284	82959	424	418	404	394	158	221	118	230	161	256	142	270	101	107	57	59	98	81	37	44	18616
*	5p	-	31	23806	18027	16053	24666	82552	427	428	416	477	232	211	107	235	183	228	104	264	104	102	57	65	84	85	43	45	18329
*	5p	-	32	25094	16919	16602	23548	82163	372	383	415	391	190	198	106	238	176	242	117	272	95	96	72	52	96	89	42	37	18050
*	5p	-	33	25085	17504	15957	23246	81792	386	476	431	395	193	191	129	237	186	239	119	234	99	96	63	66	90	88	49	55	17783
*	5p	-	34	25432	16302	16056	23661	81451	407	391	394	400	166	203	109	273	193	212	144	289	110	113	54	71	83	104	43	48	17499
*	5p	-	35	24878	16455	15967	23765	81065	418	395	429	407	160	200	105	248	177	212	128	253	96	132	72	64	94	86	51	49	17251
*	5p	-	36	23064	16941	15829	24609	80443	452	380	469	393	162	177	130	249	154	214	112	264	107	111	76	71	107	98	44	26	16997
*	5p	-	37	23452	17594	15442	23468	79956	391	460	639	394	135	199	104	286	220	248	106	231	106	126	66	59	92	93	59	45	16748
*	5p	-	38	22715	15947	16189	24540	79391	427	380	393	365	155	183	109	248	176	222	252	241	113	125	74	60	97	104	37	52	16517
*	5p	-	39	22907	16136	15287	24568	78898	397	345	397	421	148	185	110	228	175	223	109	232	118	125	74	69	94	104	58	48	16277
*	5p	-	40	22842	16393	15522	23689	78446	411	400	381	354	166	180	103	216	192	176	110	255	137	116	79	62	79	129	43	50	16023
*	5p	-	41	22319	16476	16611	22411	77817	405	397	395	384	138	164	107	250	241	224	126	264	115	133	85	57	101	117	55	65	15777
*	5p	-	42	22505	16563	15520	22581	77169	404	358	348	391	139	198	105	223	175	234	110	237	129	125	75	77	122	110	50	56	15544
*	5p	-	43	23181	15465	15256	22742	76644	394	355	379	400	143	187	85	222	138	213	90	224	113	137	74	80	109	114	54	61	15298
*	5p	-	44	22056	16150	15174	22714	76094	338	402	396	654	164	186	128	210	164	241	98	213	122	117	75	66	112	102	63	48	15069
*	5p	-	45	21675	15436	15015	23299	75425	411	400	347	384	109	177	108	226	150	242	154	253	114	119	73	75	116	115	61	66	14817
*	5p	-	46	21818	14602	15527	22847	74794	413	342	385	387	134	159	95	188	172	265	122	230	121	113	74	78	107	108	62	69	14586
*	5p	-	47	21756	14525	14455	23415	74151	415	357	364	369	126	167	98	197	162	220	107	254	113	118	70	67	114	117	57	34	14357
*	5p	-	48	21286	14931	15866	21486	73569	443	395	372	344	153	167	92	180	175	221	112	243	118	138	70	62	105	102	42	59	14171
*	5p	-	49	22778	14248	14504	21378	72908	394	355	674	345	140	168	102	217	165	211	100	249	139	109	65	70	101	114	59	54	13924
*	5p	-	50	20976	14664	14462	22191	72293	352	331	371	457	157	153	91	199	180	200	91	261	127	129	67	55	105	90	63	33	13717
*	5p	-	51	20705	14439	15142	21395	71681	402	328	372	344	117	152	101	210	129	213	127	308	125	114	69	59	110	123	40	40	13481
*	5p	-	52	20903	14613	14872	20703	71091	341	373	339	351	135	182	104	224	135	195	253	1003	127	111	64	68	107	95	42	53	13255
*	5p	-	53	20603	14172	14056	21670	70501	382	317	348	385	146	167	108	240	155	195	96	228	120	114	86	56	97	109	51	47	13029
*	5p	-	54	20871	13801	13985	21242	69899	402	329	338	324	131	160	91	186	131	195	99	230	119	127	57	66	94	126	43	57	12823
*	5p	-	55	20543	13366	15338	19992	69239	390	375	342	327	126	168	104	180	121	175	73	247	105	123	75	65	120	117	55	53	12634
*	5p	-	56	21456	13780	13631	19723	68590	403	335	367	309	122	181	109	217	163	212	113	199	113	107	65	63	127	114	50	44	12462
*	5p	-	57	21199	13339	13363	20036	67937	380	314	358	376	132	169	98	189	146	177	93	201	100	115	71	70	107	120	56	57	12253
*	5p	-	58	20991	13453	13222	19683	67349	387	343	320	338	132	160	89	202	141	183	99	191	102	112	75	52	109	110	55	53	12059
*	5p	-	59	19673	14167	13292	19600	66732	365	318	303	270	106	162	82	190	151	191	81	203	103	123	58	66	106	105	46	46	11885
*	5p	-	60	19236	13357	14047	19391	66031	384	337	341	318	141	148	81	169	146	181	108	196	113	120	76	78	104	113	54	44	11668
*	5p	-	61	19161	13324	13052	19845	65382	319	322	308	292	119	162	93	191	136	197	94	197	115	130	69	63	118	96	58	49	11473
*	5p	-	62	19398	12901	13719	18766	64784	346	318	329	323	116	139	103	192	128	177	87	190	116	126	68	62	102	95	54	56	11289
*	5p	-	63	19056	12701	12900	19417	64074	326	318	333	299	128	140	80	187	148	166	85	217	128	129	53	78	104	96	52	42	11106
*	5p	-	64	18581	13026	12494	19299	63400	350	294	269	294	141	171	73	186	143	202	101	211	110	100	91	71	109	97	54	43	10918
*	5p	-	65	18200	12409	12613	19538	62760	336	290	308	290	128	133	56	209	173	182	133	183	122	105	76	63	118	97	34	47	10723
*	5p	-	66	18052	12489	12571	18949	62061	337	305	285	272	130	120	86	210	137	174	87	204	113	111	67	72	107	94	45	54	10514
*	5p	-	67	17933	12298	12824	18339	61394	289	299	322	325	109	118	78	184	151	176	75	273	98	104	88	64	93	115	47	49	10314
*	5p	-	68	17911	12837	11991	18053	60792	333	293	322	284	123	130	87	200	127	169	92	152	107	122	68	72	89	98	48	46	10146
*	5p	-	69	17691	12499	12120	17809	60119	344	250	311	289	124	139	99	179	149	174	81	194	106	120	75	60	110	105	44	45	9932
*	5p	-	70	18027	11833	11788	17877	59525	294	271	309	288	124	149	84	187	141	149	69	138	108	132	50	65	95	86	52	61	9753
