# table produced by mapDamage version 2.2.1
# using mapped file CviAPal001.merged.L103.realn.bam and reference.ssl.Cvi20k_rename.fasta as reference file
# Chr: reference from sam/bam header, End: from which termini of DNA sequences, Std: strand of reads
Chr	End	Std	Pos	A	C	G	T	Total	G>A	C>T	A>G	T>C	A>C	A>T	C>G	C>A	T>G	T>A	G>C	G>T	A>-	T>-	C>-	G>-	->A	->T	->C	->G	S
*	3p	+	1	10392	7763	9256	11328	38739	241	86	151	109	45	70	40	68	75	51	57	69	0	0	0	0	1	2	0	1	14795
*	3p	+	2	12026	8565	6822	11338	38751	198	90	75	117	40	37	35	47	47	43	43	44	0	0	0	0	1	2	1	1	14757
*	3p	+	3	11802	6774	8937	11240	38753	128	82	94	73	40	37	32	50	42	53	27	54	2	0	0	0	0	2	0	1	14532
*	3p	+	4	11767	6947	8627	11404	38745	106	82	69	67	38	41	20	52	33	41	32	66	1	0	2	3	4	1	2	3	14238
*	3p	+	5	12131	7364	7624	11633	38752	107	104	66	74	44	39	21	45	35	48	26	51	2	1	2	3	1	2	1	0	13919
*	3p	+	6	11263	8479	6949	12059	38750	145	146	129	162	70	70	48	121	81	96	75	101	5	5	0	2	0	1	3	2	13571
*	3p	+	7	12816	7764	7370	10785	38735	176	144	153	116	62	66	52	103	65	101	57	85	2	7	1	4	6	4	5	6	13326
*	3p	+	8	12545	7434	7820	10940	38739	159	145	147	190	62	77	43	88	88	85	57	93	4	7	2	4	1	7	3	5	13103
*	3p	+	9	12899	7134	7761	10937	38731	159	149	128	152	64	75	39	109	66	88	88	111	1	5	4	7	13	7	3	2	12844
*	3p	+	10	12624	7502	7241	11364	38731	156	152	132	127	76	67	41	95	69	92	68	92	7	11	4	3	15	3	3	4	12599
*	3p	+	11	11984	7477	7641	11615	38717	171	162	150	174	73	74	55	112	98	106	92	105	16	12	2	12	15	7	9	8	12354
*	3p	+	12	11105	7497	8908	11212	38722	195	141	171	157	72	89	51	91	66	86	499	105	10	10	10	9	10	15	6	3	12171
*	3p	+	13	11516	7430	8373	11383	38702	178	148	144	159	71	97	65	108	71	83	61	87	21	11	10	12	16	16	7	15	11972
*	3p	+	14	11036	7619	8546	11496	38697	170	166	144	138	60	67	53	121	74	101	56	129	25	17	10	9	25	18	5	8	11770
*	3p	+	15	11531	7334	7565	12262	38692	178	165	175	136	62	64	66	109	57	105	55	91	18	18	15	12	26	15	10	13	11578
*	3p	+	16	11240	7257	7859	12339	38695	200	152	145	179	64	70	43	119	79	119	327	117	19	20	10	14	18	24	9	10	11391
*	3p	+	17	11942	7155	7620	11966	38683	224	164	187	177	63	94	56	111	104	113	56	102	18	25	13	12	27	26	8	8	11208
*	3p	+	18	11629	8302	7591	11169	38691	185	160	181	169	63	68	57	118	90	92	35	102	25	29	9	15	22	21	11	8	10992
*	3p	+	19	12621	7320	7514	11236	38691	162	176	136	181	58	87	41	98	79	104	48	88	23	30	14	14	28	19	6	9	10809
*	3p	+	20	10928	8095	7290	10539	36852	167	177	157	187	67	75	97	130	91	104	56	112	27	22	11	23	32	20	7	6	10622
*	3p	+	21	11309	7315	7060	10421	36105	179	177	177	214	74	90	236	122	78	103	66	108	23	36	14	12	26	20	19	12	10452
*	3p	+	22	10646	6960	7765	10439	35810	185	155	204	166	86	73	56	126	83	96	139	111	23	20	24	14	27	23	19	16	10289
*	3p	+	23	11050	7271	7083	10233	35637	180	166	172	169	67	95	79	128	77	95	44	108	34	33	14	20	42	28	16	14	10127
*	3p	+	24	10131	7851	7080	10484	35546	167	151	155	187	88	84	58	143	93	102	54	108	31	26	24	25	35	30	15	11	9980
*	3p	+	25	10307	7812	7324	9944	35387	189	161	162	182	55	76	51	148	87	98	62	128	35	33	26	19	41	26	24	16	9803
*	3p	+	26	10088	6989	7488	10710	35275	184	184	179	172	74	68	59	131	86	112	47	113	30	35	28	25	28	44	17	14	9615
*	3p	+	27	10397	6980	6949	10864	35190	172	167	168	205	65	84	63	111	83	123	46	111	41	36	16	32	37	28	17	18	9474
*	3p	+	28	9889	7272	7990	9936	35087	159	166	174	146	72	71	42	119	62	119	76	132	43	49	24	18	36	34	15	20	9318
*	3p	+	29	9957	7393	7186	10489	35025	154	181	178	163	58	75	59	130	97	122	48	105	39	41	26	26	32	45	22	11	9159
*	3p	+	30	10926	7133	6771	10120	34950	167	168	179	188	64	84	61	129	66	93	48	113	38	48	13	28	35	33	20	23	9008
*	3p	+	31	10205	6608	7867	10112	34792	188	154	192	189	85	102	42	130	113	107	55	98	42	41	23	22	41	34	20	17	8862
*	3p	+	32	9645	6920	7146	10927	34638	165	158	148	151	65	89	39	115	83	120	43	99	38	40	22	27	50	34	17	15	8727
*	3p	+	33	9847	6615	7130	10918	34510	183	140	190	185	63	82	55	101	97	103	48	109	40	42	21	25	31	37	23	18	8569
*	3p	+	34	9925	6628	6659	11136	34348	180	157	155	160	72	60	76	136	90	93	46	142	34	39	22	25	45	39	20	16	8431
*	3p	+	35	10177	6648	6677	10689	34191	163	147	153	161	62	94	40	118	93	119	49	92	42	60	24	20	44	35	20	19	8284
*	3p	+	36	10606	6542	7196	9595	33939	176	156	172	196	66	83	33	101	67	120	48	123	37	47	31	26	37	56	19	16	8156
*	3p	+	37	9854	6343	7567	9955	33719	188	178	157	327	87	88	48	99	63	94	49	121	35	35	27	25	44	42	23	23	8020
*	3p	+	38	10608	6842	6562	9359	33371	142	177	149	158	65	73	88	124	85	88	48	109	48	50	25	31	48	44	29	26	7885
*	3p	+	39	10651	6361	6824	9362	33198	172	139	173	172	71	85	44	111	73	115	50	104	42	47	31	23	43	43	18	29	7758
*	3p	+	40	10394	6432	6598	9564	32988	174	147	166	164	70	91	43	110	88	97	45	80	48	40	26	27	49	47	24	24	7624
*	3p	+	41	9503	7272	6862	9113	32750	171	161	204	171	92	71	46	124	72	106	39	116	50	40	22	29	48	37	21	25	7494
*	3p	+	42	9275	6575	7222	9397	32469	159	186	179	147	83	82	60	102	77	97	48	114	44	43	26	21	42	44	21	27	7345
*	3p	+	43	9577	6141	6517	9990	32225	167	156	167	146	66	84	47	95	79	83	48	102	39	61	23	18	47	40	24	19	7227
*	3p	+	44	9491	6387	6946	9130	31954	149	141	295	174	61	88	52	95	73	88	42	76	41	58	20	26	55	35	27	30	7096
*	3p	+	45	10172	6087	6402	9014	31675	151	133	166	183	72	83	52	93	71	79	42	93	46	44	36	19	47	52	25	18	6977
*	3p	+	46	9899	6387	6209	8936	31431	150	185	164	176	60	89	61	114	62	91	37	82	56	50	28	25	51	37	29	20	6826
*	3p	+	47	9991	6028	6107	9002	31128	163	134	151	153	64	67	49	97	63	101	37	101	56	50	21	31	44	31	21	23	6708
*	3p	+	48	8998	7029	6117	8767	30911	128	152	151	162	53	69	57	102	73	85	35	101	53	53	42	22	38	41	14	14	6596
*	3p	+	49	8844	5991	5985	9799	30619	175	155	109	410	51	70	50	122	80	79	47	77	58	51	27	37	37	49	31	12	6471
*	3p	+	50	9616	5919	6077	8751	30363	150	155	201	141	52	72	44	91	64	90	70	92	52	53	35	31	40	45	19	21	6354
*	3p	+	51	8981	6642	5932	8555	30110	169	141	153	149	57	77	45	130	60	81	32	97	64	50	31	31	42	51	28	16	6234
*	3p	+	52	8690	6553	6016	8567	29826	147	158	131	180	68	67	158	669	63	79	46	104	48	53	34	35	37	63	21	22	6117
*	3p	+	53	9279	5857	5882	8572	29590	144	139	158	123	61	52	33	108	71	80	37	104	59	48	24	34	48	35	21	27	6010
*	3p	+	54	9361	5831	5602	8562	29356	147	139	125	138	53	56	47	76	88	73	47	82	57	55	30	27	51	44	12	26	5903
*	3p	+	55	8288	6592	5588	8619	29087	159	114	139	130	51	57	38	94	73	99	24	98	43	62	34	16	48	52	27	32	5801
*	3p	+	56	8281	5621	5701	9233	28836	125	128	112	137	59	65	60	69	55	89	44	91	44	54	27	28	47	50	13	33	5683
*	3p	+	57	8293	5541	5539	9226	28599	133	119	143	164	53	56	48	69	68	77	44	83	47	46	39	20	46	53	19	23	5558
*	3p	+	58	8151	5569	5598	9086	28404	147	113	125	154	37	53	50	96	79	84	42	107	48	44	27	30	53	42	24	17	5434
*	3p	+	59	8369	5478	6131	8142	28120	145	139	130	141	62	81	47	64	63	72	29	77	54	54	21	23	45	38	25	19	5342
*	3p	+	60	8232	6152	5514	7939	27837	131	143	145	132	56	62	61	67	44	83	41	77	60	39	37	36	53	36	23	19	5237
*	3p	+	61	8671	5325	5593	7981	27570	131	127	156	122	59	73	40	89	71	79	39	93	62	50	33	26	34	46	29	21	5133
*	3p	+	62	7897	5884	5314	8221	27316	135	130	121	127	58	65	35	73	51	70	43	73	61	57	34	28	45	41	18	27	5034
*	3p	+	63	8407	5377	5287	7931	27002	151	120	123	150	53	75	36	65	56	64	36	85	64	52	37	29	44	46	33	22	4934
*	3p	+	64	8215	5214	5571	7771	26771	156	126	138	133	68	47	51	87	58	69	43	72	63	42	44	36	35	50	19	24	4838
*	3p	+	65	8479	5374	5128	7532	26513	130	125	122	118	46	60	47	89	61	70	35	74	60	49	35	35	50	43	13	21	4742
*	3p	+	66	8504	5207	5128	7391	26230	130	118	141	143	39	56	36	71	42	68	27	87	51	43	40	41	25	50	13	28	4644
*	3p	+	67	7925	5785	5050	7194	25954	115	125	136	132	56	62	31	119	45	64	38	77	60	52	33	28	38	39	23	16	4563
*	3p	+	68	7820	4964	5592	7342	25718	116	121	125	137	67	49	32	68	56	66	32	84	47	52	37	26	27	30	20	27	4464
*	3p	+	69	7498	5078	5598	7258	25432	143	121	118	116	45	64	44	63	69	62	59	97	42	54	37	29	42	42	22	14	4359
*	3p	+	70	7799	4766	5084	7494	25143	97	117	117	112	72	48	41	71	56	78	42	90	58	64	26	25	35	45	21	13	4253
*	3p	-	1	10155	7403	9124	10591	37273	274	100	147	149	45	50	40	52	68	46	28	74	0	0	0	0	2	0	1	2	13208
*	3p	-	2	11744	7350	6627	11557	37278	196	70	82	97	45	40	22	49	42	60	22	57	1	2	1	0	1	0	0	0	13176
*	3p	-	3	11607	6672	7453	11545	37277	135	91	105	72	34	37	26	59	36	53	16	54	1	1	0	1	1	1	0	0	12973
*	3p	-	4	11278	6820	7198	11967	37263	120	70	84	76	31	38	18	38	52	38	28	62	6	7	2	3	7	2	6	4	12708
*	3p	-	5	11275	7001	7160	11828	37264	77	86	88	67	27	35	34	51	30	44	21	55	6	9	1	4	8	6	4	0	12393
*	3p	-	6	11115	7370	6937	11840	37262	163	136	175	170	63	89	46	101	66	105	29	90	4	6	8	7	6	8	4	2	12045
*	3p	-	7	11682	7167	7071	11345	37265	203	133	144	127	70	83	43	99	53	95	35	86	8	5	3	6	9	3	2	3	11850
*	3p	-	8	11252	7234	7527	11246	37259	159	122	145	135	51	90	53	102	83	96	38	102	8	11	5	7	9	8	5	1	11619
*	3p	-	9	11867	6815	7468	11089	37239	153	134	155	152	74	58	34	93	73	101	53	98	15	10	5	6	21	14	3	4	11400
*	3p	-	10	11364	7257	6948	11658	37227	163	141	144	124	59	73	58	88	59	84	58	91	17	19	10	7	19	19	3	13	11160
*	3p	-	11	11014	7418	7503	11298	37233	160	151	158	156	72	65	43	97	70	82	59	108	24	27	13	7	15	20	9	4	10935
*	3p	-	12	10755	7541	7474	11475	37245	180	140	162	169	77	68	125	91	72	96	48	103	20	16	11	15	10	17	5	4	10779
*	3p	-	13	11057	7432	7267	11461	37217	152	126	144	152	67	60	44	89	85	97	50	112	29	20	9	11	25	23	7	10	10622
*	3p	-	14	11271	7099	7256	11588	37214	171	143	170	160	116	73	48	98	86	87	53	115	23	19	18	7	25	22	11	8	10417
*	3p	-	15	11249	7285	7390	11285	37209	182	126	169	169	88	78	44	94	72	98	55	121	31	22	16	13	26	21	11	14	10245
*	3p	-	16	11148	7419	7261	11389	37217	167	130	173	157	71	75	38	120	76	97	50	124	20	18	16	15	26	18	12	8	10062
*	3p	-	17	11059	7270	7526	11358	37213	168	123	173	160	156	64	50	103	85	96	141	111	26	22	13	14	27	24	6	12	9905
*	3p	-	18	11111	7384	7404	11313	37212	248	153	169	150	54	85	44	104	74	91	42	116	33	30	16	11	33	22	9	6	9773
*	3p	-	19	11165	7421	7138	11479	37203	145	151	161	178	77	70	38	105	74	94	49	109	37	35	16	10	29	25	12	12	9628
*	3p	-	20	10634	7024	7164	10519	35341	155	139	175	167	73	86	41	95	73	111	50	149	32	29	17	38	41	34	9	12	9456
*	3p	-	21	10215	6932	6936	10525	34608	180	181	170	170	60	87	68	120	96	92	44	133	41	36	16	17	25	34	12	13	9291
*	3p	-	22	10051	6894	6756	10620	34321	163	164	173	168	89	76	37	102	90	96	63	119	43	39	17	26	24	36	7	18	9145
*	3p	-	23	10328	6830	6827	10177	34162	167	173	231	156	75	89	38	100	80	110	51	115	41	25	26	20	28	42	14	15	8987
*	3p	-	24	9993	7175	6731	10129	34028	165	185	181	168	66	80	52	105	82	106	51	121	37	41	22	16	42	35	21	14	8836
*	3p	-	25	10052	6773	6909	10170	33904	169	158	180	164	69	88	58	101	68	92	104	110	40	34	20	20	35	40	16	22	8693
*	3p	-	26	9854	6995	6733	10194	33776	178	158	171	163	61	85	56	118	80	107	47	124	39	39	20	11	32	44	18	17	8554
*	3p	-	27	9965	6964	6752	10022	33703	153	154	165	154	81	73	57	124	95	108	55	112	43	42	20	26	44	32	13	21	8418
*	3p	-	28	9925	6708	6731	10242	33606	174	171	171	160	75	78	52	122	96	92	40	151	49	47	15	23	33	40	16	15	8303
*	3p	-	29	9952	6795	6748	10042	33537	170	182	160	199	52	69	52	97	76	98	53	104	51	51	30	19	46	45	12	15	8179
*	3p	-	30	9657	7077	6631	10112	33477	194	164	199	177	79	74	47	112	67	125	51	114	42	38	26	21	34	44	15	17	8060
*	3p	-	31	9897	6843	6627	9951	33318	187	144	190	177	65	94	63	95	67	107	56	117	43	43	30	28	42	41	15	15	7929
*	3p	-	32	9757	6654	6895	9878	33184	180	145	192	173	74	77	51	114	57	108	46	118	48	34	21	29	40	35	20	18	7803
*	3p	-	33	9790	6575	6711	9963	33039	169	169	154	164	99	79	58	102	70	93	56	114	42	38	45	27	41	43	19	15	7683
*	3p	-	34	9651	6814	6496	9956	32917	156	165	129	155	83	88	45	88	76	94	48	101	47	44	26	17	36	37	16	16	7551
*	3p	-	35	10054	6494	6629	9596	32773	161	179	159	154	74	79	43	101	86	100	52	84	49	39	40	28	37	43	20	7	7426
*	3p	-	36	9635	6613	6778	9521	32547	174	165	174	169	70	70	40	99	79	103	53	116	42	49	27	31	42	44	10	27	7305
*	3p	-	37	9707	6367	6582	9672	32328	157	151	162	184	82	90	51	87	77	94	44	117	59	47	26	30	52	49	16	18	7211
*	3p	-	38	9676	6501	6368	9525	32070	158	141	182	145	77	80	58	90	63	82	54	105	56	46	23	33	52	44	15	21	7120
*	3p	-	39	9437	6549	6615	9249	31850	159	151	168	154	69	92	69	101	69	85	46	117	55	56	29	24	49	45	24	22	7006
*	3p	-	40	9131	6686	6264	9570	31651	148	164	175	155	61	74	54	88	65	99	56	96	36	55	36	24	44	49	19	18	6910
*	3p	-	41	9429	6190	6243	9561	31423	173	170	172	154	66	80	57	83	68	97	63	124	47	51	27	25	42	54	23	12	6813
*	3p	-	42	9221	6494	6310	9101	31126	185	178	165	155	63	87	51	105	67	90	55	125	48	51	26	21	44	40	19	23	6707
*	3p	-	43	9064	6204	6456	9190	30914	179	172	153	152	63	77	56	82	82	108	45	166	34	47	18	33	36	43	26	9	6612
*	3p	-	44	9054	6121	6224	9308	30707	159	158	162	163	60	80	53	90	75	81	47	111	53	49	25	25	34	34	19	19	6484
*	3p	-	45	9031	6122	6149	9129	30431	156	136	185	176	60	55	42	92	74	83	44	107	54	47	33	27	38	56	17	17	6368
*	3p	-	46	8740	6109	6169	9133	30151	140	145	182	134	65	58	36	87	72	83	51	81	56	43	23	24	37	48	22	20	6246
*	3p	-	47	8715	6037	6107	8999	29858	181	157	133	145	39	79	58	87	67	84	48	148	47	51	22	24	52	50	18	19	6139
*	3p	-	48	8793	6105	6025	8693	29616	171	148	184	171	75	64	62	86	63	76	41	108	35	42	40	26	39	58	21	20	6022
*	3p	-	49	8632	5929	5831	8993	29385	132	141	155	122	62	77	44	72	70	83	40	101	35	41	26	29	40	45	30	12	5920
*	3p	-	50	8421	5936	6154	8626	29137	145	136	158	133	49	62	52	102	60	83	35	102	51	42	24	31	42	47	19	13	5814
*	3p	-	51	8636	5935	5794	8530	28895	116	141	146	143	72	63	54	77	65	89	43	118	54	37	26	28	43	42	27	14	5713
*	3p	-	52	8533	5876	5779	8502	28690	132	137	143	145	58	61	53	85	69	69	44	82	56	45	29	24	45	31	18	21	5623
*	3p	-	53	8271	5895	5711	8578	28455	135	155	140	131	82	56	55	83	69	77	40	102	39	46	30	27	42	35	24	17	5533
*	3p	-	54	8387	5719	5697	8446	28249	137	121	153	139	57	67	62	68	52	85	39	83	48	36	34	31	44	37	25	16	5418
*	3p	-	55	8223	5801	5703	8266	27993	141	140	163	119	43	63	41	77	61	81	35	99	41	51	22	33	53	44	22	15	5319
*	3p	-	56	8233	5757	5571	8212	27773	143	136	153	152	52	62	50	90	54	80	42	84	33	47	32	28	36	43	18	18	5217
*	3p	-	57	8238	5703	5509	8091	27541	135	120	187	132	65	70	60	85	71	76	41	82	40	36	25	26	43	40	22	19	5131
*	3p	-	58	7955	5831	5537	7974	27297	134	124	138	150	52	75	64	81	54	85	44	98	40	35	27	30	44	37	31	15	5042
*	3p	-	59	8114	5440	5411	8122	27087	132	139	150	120	61	64	58	87	68	75	40	88	44	41	28	34	38	42	18	15	4951
*	3p	-	60	8123	5354	5422	7921	26820	131	117	147	126	49	67	56	81	55	77	35	87	47	63	26	33	38	43	22	15	4851
*	3p	-	61	8055	5201	5344	7972	26572	125	113	132	128	60	54	48	58	61	64	49	97	52	38	33	23	43	40	18	19	4744
*	3p	-	62	7724	5510	5410	7684	26328	128	123	126	104	66	56	53	82	60	70	39	68	43	55	43	24	33	39	21	19	4644
*	3p	-	63	7631	5340	5254	7772	25997	121	150	122	139	62	51	49	51	71	74	41	91	58	50	25	37	42	35	19	17	4559
*	3p	-	64	7562	5139	5232	7798	25731	129	118	136	149	44	55	37	68	56	69	41	80	42	49	34	29	47	40	22	15	4455
*	3p	-	65	7721	5077	5192	7504	25494	96	113	126	117	48	62	39	71	59	74	64	127	48	46	35	29	52	23	15	19	4368
*	3p	-	66	7373	5187	5239	7442	25241	123	134	129	120	51	45	55	82	56	81	46	62	51	51	31	29	47	34	17	16	4281
*	3p	-	67	7416	5026	5061	7506	25009	106	132	118	130	57	61	48	62	52	70	45	78	46	49	24	35	33	37	21	18	4201
*	3p	-	68	7285	5151	5033	7289	24758	118	108	122	107	48	49	56	73	51	70	47	80	52	57	31	20	42	35	15	18	4103
*	3p	-	69	7139	5041	4991	7287	24458	130	132	125	121	50	57	43	71	62	68	36	79	53	45	30	29	56	39	19	18	3993
*	3p	-	70	7138	5039	4806	7202	24185	112	127	120	111	44	58	44	77	49	64	43	76	43	48	38	28	37	42	19	27	3894
*	5p	+	1	10732	10766	7746	9504	38748	95	117	153	181	80	46	39	81	62	68	68	53	0	0	0	0	1	0	0	0	13283
*	5p	+	2	12349	6597	7567	12234	38747	83	133	133	76	47	42	27	71	45	48	18	59	3	0	0	0	1	0	0	0	13241
*	5p	+	3	12086	8075	6622	11968	38751	72	83	79	95	36	33	16	62	33	35	26	63	0	0	0	1	0	0	0	1	13015
*	5p	+	4	12838	7229	7012	11660	38739	85	86	68	83	29	43	20	63	26	45	23	45	16	6	5	2	5	4	2	5	12745
*	5p	+	5	12459	7453	7591	11230	38733	79	72	75	96	41	33	28	45	45	53	24	58	7	5	6	3	7	8	3	5	12435
*	5p	+	6	12898	6881	7515	11435	38729	178	150	167	145	52	71	48	88	59	104	45	95	8	12	4	9	9	13	3	2	12089
*	5p	+	7	12056	7248	7195	12225	38724	129	166	150	136	51	63	34	113	55	85	35	86	16	9	3	6	10	15	3	4	11889
*	5p	+	8	11716	7982	7521	11512	38731	148	123	141	160	69	67	53	85	63	72	39	93	10	6	5	3	9	8	5	3	11665
*	5p	+	9	11489	7739	7027	12460	38715	145	146	152	121	70	72	45	87	61	69	30	92	14	13	12	3	16	18	3	4	11433
*	5p	+	10	12177	7169	7412	11952	38710	166	136	136	147	59	71	44	82	73	74	39	82	16	17	11	12	14	15	13	4	11207
*	5p	+	11	12084	7718	7805	11089	38696	159	121	150	152	83	76	48	97	79	78	51	101	20	11	9	15	14	22	9	15	10990
*	5p	+	12	11863	7888	8088	10853	38692	145	185	188	180	93	75	51	91	54	74	222	101	24	19	7	14	20	29	7	8	10821
*	5p	+	13	11897	7558	7686	11544	38685	127	149	189	177	62	86	40	81	68	71	47	93	20	21	12	18	20	25	12	14	10640
*	5p	+	14	11979	7742	7349	11609	38679	152	151	157	166	71	78	48	95	96	69	41	104	30	26	11	18	29	16	14	18	10482
*	5p	+	15	11778	7857	7592	11451	38678	146	176	151	182	56	77	60	100	86	90	40	85	25	32	18	18	18	37	9	14	10313
*	5p	+	16	11777	7437	7764	11689	38667	168	156	173	175	58	72	43	115	77	90	48	107	31	24	13	18	29	31	14	14	10086
*	5p	+	17	11649	7827	7664	11537	38677	154	164	162	172	69	69	247	86	220	99	33	104	31	33	21	16	31	21	16	11	9931
*	5p	+	18	11836	7916	7461	11456	38669	140	317	169	191	68	83	46	123	63	89	32	88	26	39	16	11	34	27	16	10	9783
*	5p	+	19	12109	7533	7400	11632	38674	138	163	150	170	53	64	42	105	66	88	38	73	30	33	25	14	36	20	15	11	9641
*	5p	+	20	10960	7601	7335	10931	36827	173	165	176	165	54	73	53	107	78	82	49	106	25	38	17	11	42	24	10	14	9475
*	5p	+	21	11100	7128	7129	10728	36085	204	171	195	178	73	88	66	112	76	92	59	95	23	32	17	19	31	34	19	13	9335
*	5p	+	22	11064	7103	6963	10658	35788	172	158	175	186	70	90	42	96	72	67	37	88	30	34	17	20	43	34	15	14	9182
*	5p	+	23	10366	6926	7272	11064	35628	142	157	187	278	65	65	62	107	72	91	44	105	39	29	15	21	42	30	23	14	9026
*	5p	+	24	10683	7111	7404	10334	35532	172	179	143	161	68	78	45	93	62	100	46	103	43	26	22	18	31	34	22	17	8893
*	5p	+	25	10967	7002	6930	10478	35377	159	166	175	186	52	81	111	111	59	93	51	106	30	32	19	20	43	33	19	22	8765
*	5p	+	26	10778	7107	7482	9898	35265	136	181	183	170	68	92	54	116	67	94	51	82	28	33	20	28	29	52	13	19	8618
*	5p	+	27	10813	7072	7206	10061	35152	165	157	177	133	77	65	49	121	104	87	58	134	40	50	26	25	51	45	22	20	8493
*	5p	+	28	10926	7051	6925	10146	35048	181	185	170	206	68	71	50	185	66	85	55	113	42	45	28	33	54	48	26	16	8358
*	5p	+	29	10833	6991	7138	10031	34993	177	159	206	170	67	67	54	108	82	81	67	98	50	45	15	25	53	52	24	14	8246
*	5p	+	30	10628	6953	7404	9946	34931	195	177	216	181	58	75	59	109	80	83	54	103	48	39	25	21	40	45	22	24	8134
*	5p	+	31	10484	7083	7024	10188	34779	180	162	156	185	53	96	51	112	75	83	66	122	51	43	28	30	49	40	14	23	8014
*	5p	+	32	10694	6992	6781	10145	34612	166	200	164	166	53	78	53	131	72	87	58	98	45	52	20	23	49	35	29	30	7909
*	5p	+	33	10455	7103	6975	9925	34458	163	181	157	177	69	84	56	91	87	88	65	103	54	39	22	31	58	58	28	17	7808
*	5p	+	34	10593	6854	6966	9893	34306	152	150	179	181	71	70	45	110	87	109	55	100	48	50	22	32	53	55	22	32	7694
*	5p	+	35	10320	6939	6597	10296	34152	143	160	170	175	63	73	70	101	70	93	59	114	47	44	21	32	53	52	20	30	7573
*	5p	+	36	9884	7211	6719	10106	33920	178	158	155	181	64	83	47	111	85	87	51	103	37	51	21	33	55	47	25	20	7459
*	5p	+	37	10148	6952	6532	10076	33708	179	162	156	174	69	75	56	115	79	97	62	95	38	48	28	23	44	55	25	19	7342
*	5p	+	38	9972	6548	6547	10306	33373	159	170	160	168	61	69	57	103	92	98	58	81	42	48	21	25	52	50	24	19	7227
*	5p	+	39	9483	6965	6858	9892	33198	165	139	158	167	61	67	50	141	69	83	63	86	47	44	31	21	49	42	24	17	7116
*	5p	+	40	10110	6593	6803	9492	32998	191	161	163	194	61	61	52	114	79	98	52	99	53	42	26	31	45	53	15	18	7025
*	5p	+	41	10169	6530	6352	9697	32748	150	147	169	162	55	87	60	117	74	87	56	90	51	51	16	27	38	41	23	31	6932
*	5p	+	42	9540	6579	6734	9603	32456	189	147	171	199	53	78	66	133	81	91	46	93	40	57	31	32	46	62	15	23	6832
*	5p	+	43	9481	6919	6239	9575	32214	159	159	156	189	72	64	56	299	84	97	61	114	56	40	39	34	43	46	22	28	6715
*	5p	+	44	10031	6637	6178	9106	31952	178	155	196	190	62	66	54	95	71	80	58	82	54	48	28	37	57	47	26	18	6613
*	5p	+	45	9438	6309	6529	9386	31662	181	160	169	167	73	69	49	119	59	93	57	89	58	45	32	34	55	49	28	21	6523
*	5p	+	46	9704	6450	6152	9113	31419	161	168	167	276	81	75	53	117	56	73	54	68	57	52	34	29	45	57	26	20	6439
*	5p	+	47	9326	6544	6299	8924	31093	159	157	144	152	56	85	70	219	78	84	56	97	48	56	39	30	57	50	25	20	6362
*	5p	+	48	9144	6337	6252	9128	30861	186	156	124	175	57	73	45	97	76	88	78	114	48	62	35	39	64	45	25	22	6280
*	5p	+	49	9440	6096	6304	8760	30600	161	154	131	156	72	80	47	98	63	104	52	95	68	64	25	37	55	47	26	21	6186
*	5p	+	50	8973	6520	6041	8818	30352	154	167	149	167	56	76	50	88	67	82	52	106	61	51	38	38	54	41	26	16	6075
*	5p	+	51	9095	5973	6235	8810	30113	188	145	138	159	63	83	39	101	73	66	55	92	61	54	28	33	56	33	19	27	5982
*	5p	+	52	8986	6122	6001	8720	29829	128	128	147	133	58	61	42	90	49	93	50	96	60	47	35	31	52	47	23	20	5890
*	5p	+	53	9015	5827	6273	8475	29590	163	127	152	137	55	81	42	71	61	76	51	126	54	56	28	35	40	49	20	23	5816
*	5p	+	54	8885	5952	5799	8713	29349	140	139	152	165	51	72	43	82	77	90	46	86	55	47	20	42	54	43	20	24	5729
*	5p	+	55	8525	5874	6294	8407	29100	138	144	131	137	49	71	50	78	56	82	49	97	51	66	26	29	50	56	18	22	5630
*	5p	+	56	8770	5861	5725	8487	28843	147	128	151	158	62	56	32	90	59	82	66	96	55	54	25	35	41	41	30	25	5545
*	5p	+	57	8573	5849	5796	8381	28599	157	139	122	238	60	68	39	75	71	103	59	115	54	52	38	24	45	51	19	27	5467
*	5p	+	58	8383	5635	6235	8151	28404	168	155	128	152	43	75	48	88	69	84	57	86	66	45	31	41	48	45	23	17	5375
*	5p	+	59	8410	5593	5552	8554	28109	133	127	118	152	62	70	43	93	84	107	52	92	57	47	36	25	49	49	21	19	5286
*	5p	+	60	8086	5499	5575	8674	27834	147	121	133	169	53	47	50	97	58	88	47	93	53	57	35	30	48	46	22	18	5198
*	5p	+	61	8175	5422	5583	8391	27571	159	135	145	117	47	65	49	73	60	74	51	72	52	46	30	29	44	40	24	21	5111
*	5p	+	62	7867	5575	5811	8081	27334	161	134	137	107	54	63	33	74	67	59	55	84	47	52	27	43	42	37	14	18	5021
*	5p	+	63	8397	5467	5419	7747	27030	146	137	128	122	60	52	37	84	59	71	39	89	39	70	21	32	38	41	20	19	4946
*	5p	+	64	8124	5495	5469	7682	26770	136	117	134	114	58	74	35	71	61	77	42	100	46	54	28	21	49	40	19	20	4875
*	5p	+	65	7868	5521	5156	7988	26533	130	107	124	137	44	53	99	181	60	79	53	64	42	42	29	20	27	43	22	17	4794
*	5p	+	66	7599	5684	5214	7746	26243	123	125	131	121	60	49	47	93	55	95	48	88	43	43	29	25	33	36	15	19	4713
*	5p	+	67	7775	5240	5234	7718	25967	123	145	150	130	55	57	49	68	49	73	40	89	50	45	22	27	33	35	19	16	4642
*	5p	+	68	7582	5124	5435	7589	25730	144	125	115	121	65	48	37	74	58	77	47	63	35	59	23	33	24	31	25	12	4560
*	5p	+	69	7519	5327	5159	7437	25442	133	129	151	111	46	61	36	60	48	58	47	81	44	34	31	36	35	41	12	22	4488
*	5p	+	70	7458	5192	5037	7457	25144	125	118	119	140	52	44	34	78	61	77	48	80	32	43	24	35	29	43	25	15	4420
*	5p	-	1	10451	9977	7695	9149	37272	111	102	132	162	98	51	68	69	69	72	61	63	0	0	0	0	0	1	0	1	13115
*	5p	-	2	11264	6529	7825	11662	37280	95	103	95	78	51	47	45	34	40	65	20	45	0	0	0	0	0	0	0	0	13078
*	5p	-	3	11070	8783	6099	11330	37282	83	100	72	88	37	51	28	43	25	40	34	50	0	1	0	0	0	0	0	0	12859
*	5p	-	4	11652	8107	6423	11098	37280	90	93	71	78	38	29	24	44	29	43	22	54	0	2	2	2	1	0	0	1	12576
*	5p	-	5	11797	7241	7126	11110	37274	104	69	86	85	23	28	29	39	31	40	23	64	1	2	2	1	3	0	1	3	12290
*	5p	-	6	12147	6783	8082	10262	37274	179	144	182	136	60	61	64	78	61	59	41	111	1	2	1	1	4	1	2	1	11961
*	5p	-	7	10817	6855	7202	12392	37266	142	160	140	130	56	67	50	71	56	76	42	99	5	3	2	1	4	2	4	6	11776
*	5p	-	8	10638	7540	7127	11957	37262	123	148	141	153	69	78	50	66	60	67	35	99	6	6	2	0	5	9	3	2	11559
*	5p	-	9	10295	7496	6893	12577	37261	136	147	127	143	56	61	69	90	57	71	44	95	7	8	3	6	9	7	3	2	11340
*	5p	-	10	11406	6855	7106	11891	37258	132	146	135	147	55	90	57	77	59	87	41	89	4	3	10	6	7	4	4	8	11137
*	5p	-	11	11295	7540	7304	11104	37243	144	132	173	174	48	74	77	74	53	88	47	90	11	13	7	4	13	12	7	7	10931
*	5p	-	12	10860	8583	7264	10536	37243	133	150	164	167	76	56	402	93	57	65	33	71	12	17	6	8	12	9	7	10	10753
*	5p	-	13	10895	8101	7106	11140	37242	131	156	133	160	66	57	60	59	79	84	42	102	17	16	9	7	11	16	6	7	10588
*	5p	-	14	10953	8171	7115	10992	37231	142	142	161	166	53	69	39	99	57	61	54	89	10	10	11	13	15	20	8	8	10415
*	5p	-	15	11927	7292	6995	11009	37223	154	144	172	156	59	88	45	85	59	75	48	92	16	20	9	7	18	19	11	11	10246
*	5p	-	16	11733	7587	6976	10926	37222	165	176	163	151	56	80	286	80	57	88	40	103	14	18	14	9	17	21	9	11	10086
*	5p	-	17	11472	7389	7140	11207	37208	158	148	137	183	58	74	42	80	59	77	52	84	19	23	11	9	27	24	9	10	9931
*	5p	-	18	11064	7176	7835	11141	37216	160	145	158	126	66	84	37	70	58	83	43	93	22	15	13	9	21	18	16	8	9754
*	5p	-	19	10875	7412	7008	11916	37211	146	139	161	164	69	67	43	91	55	90	32	108	21	21	11	16	20	30	10	8	9615
*	5p	-	20	10297	7187	7544	10342	35370	158	159	174	153	91	82	52	93	83	116	78	129	31	28	16	13	26	24	11	6	9477
*	5p	-	21	10178	6874	6830	10721	34603	144	157	193	169	64	82	47	63	65	96	115	99	23	30	15	15	22	30	18	19	9350
*	5p	-	22	9974	7445	6709	10196	34324	162	181	159	197	65	79	108	98	61	99	44	120	26	31	12	13	24	33	14	11	9214
*	5p	-	23	9977	6811	6844	10529	34161	172	171	148	167	74	80	38	93	78	88	69	110	32	30	17	16	29	33	26	12	9068
*	5p	-	24	9823	6899	7377	9935	34034	164	179	155	186	70	67	36	95	66	84	47	121	33	28	21	14	45	25	14	20	8923
*	5p	-	25	9598	7150	7360	9817	33925	165	173	160	169	64	72	36	95	60	90	40	126	30	30	17	21	32	30	12	18	8779
*	5p	-	26	10379	7005	6523	9891	33798	177	168	171	145	83	88	43	91	64	81	52	131	34	36	16	13	29	28	15	17	8661
*	5p	-	27	10479	6671	6849	9715	33714	171	163	167	146	64	95	43	94	60	84	47	117	34	36	20	15	40	31	15	14	8529
*	5p	-	28	9601	7608	6767	9640	33616	177	189	184	161	78	72	78	89	65	104	48	99	31	38	23	22	32	36	14	12	8388
*	5p	-	29	9981	6940	7084	9550	33555	181	149	179	151	76	79	50	98	69	95	51	132	39	35	22	8	36	40	11	13	8270
*	5p	-	30	9709	6551	6760	10469	33489	144	160	163	139	68	84	52	82	71	92	46	110	40	34	20	21	31	32	23	12	8138
*	5p	-	31	9544	7295	6346	10125	33310	156	175	189	213	91	72	44	116	63	96	44	116	33	37	28	16	40	35	22	24	8029
*	5p	-	32	10362	6769	6669	9382	33182	136	159	176	153	64	71	37	95	88	92	46	111	33	42	18	24	32	52	15	16	7910
*	5p	-	33	10368	6995	6401	9284	33048	161	172	149	145	64	88	55	102	62	92	57	102	34	43	33	18	32	36	24	17	7810
*	5p	-	34	10440	6549	6471	9445	32905	178	159	144	151	70	66	51	81	81	95	66	119	38	37	34	18	37	39	17	24	7702
*	5p	-	35	10348	6422	6382	9592	32744	168	138	152	163	68	90	47	87	59	88	66	109	44	46	21	17	42	46	26	22	7601
*	5p	-	36	9188	6926	6235	10196	32545	199	163	142	139	76	70	46	94	70	108	49	101	30	42	32	30	47	38	21	20	7489
*	5p	-	37	9401	7113	6289	9539	32342	159	178	248	180	58	85	55	95	81	99	49	100	36	51	26	23	39	45	18	19	7400
*	5p	-	38	9114	6465	6340	10170	32089	161	119	174	177	53	70	42	97	76	85	89	77	39	35	31	32	33	38	22	20	7303
*	5p	-	39	9260	6576	6105	9933	31874	182	164	173	167	56	71	40	90	61	107	48	105	36	52	19	20	26	47	25	18	7220
*	5p	-	40	9260	6625	6214	9551	31650	159	170	171	143	61	72	45	75	72	85	51	110	39	34	30	25	43	36	24	28	7114
*	5p	-	41	8978	6565	6773	9111	31427	158	130	183	171	59	78	37	100	100	93	56	98	38	36	19	23	56	42	11	18	6994
*	5p	-	42	9061	6796	6271	8996	31124	161	155	141	179	60	67	40	111	61	81	58	95	34	40	30	33	39	42	20	27	6888
*	5p	-	43	9478	6275	6042	9097	30892	151	162	163	157	68	75	42	97	69	83	67	88	40	35	24	21	50	43	20	23	6773
*	5p	-	44	8918	6612	6129	9018	30677	146	124	147	285	59	70	53	96	79	103	37	78	36	42	28	25	43	43	26	24	6683
*	5p	-	45	8674	6255	5873	9611	30413	147	147	145	150	54	67	44	80	72	72	47	77	45	50	19	26	50	45	28	23	6590
*	5p	-	46	8821	5870	6151	9286	30128	166	135	138	146	61	77	45	82	62	87	47	93	48	47	27	26	48	62	22	18	6470
*	5p	-	47	8791	5790	5762	9499	29842	156	153	133	132	81	71	47	71	64	70	59	103	49	46	26	27	53	57	24	21	6371
*	5p	-	48	8430	5949	6542	8685	29606	142	157	150	133	62	73	32	81	68	87	53	121	47	32	32	20	50	47	29	22	6293
*	5p	-	49	9330	5745	5817	8483	29375	167	128	316	121	62	62	47	64	71	95	42	111	59	36	27	24	43	54	18	22	6197
*	5p	-	50	8412	5825	5737	9139	29113	143	119	144	172	47	56	40	76	57	82	34	121	50	45	21	27	62	38	24	20	6090
*	5p	-	51	8319	5779	6135	8653	28886	144	142	139	162	51	52	38	104	62	86	42	130	47	43	29	22	44	49	22	20	5983
*	5p	-	52	8371	5925	5944	8434	28674	155	151	139	143	49	58	30	85	72	85	123	503	54	43	26	29	40	52	19	19	5900
*	5p	-	53	8324	5550	5579	8981	28434	128	140	151	143	52	63	44	87	50	76	54	91	49	59	29	33	52	49	20	18	5825
*	5p	-	54	8201	5524	5636	8876	28237	159	120	125	136	62	71	40	79	61	70	41	103	58	53	31	34	38	42	28	26	5724
*	5p	-	55	8334	5470	6259	7919	27982	137	145	153	149	48	61	49	73	59	74	44	90	62	42	30	38	52	49	24	20	5636
*	5p	-	56	8730	5572	5409	8036	27747	156	125	146	123	47	63	42	72	64	78	40	90	61	55	27	24	47	48	12	34	5544
*	5p	-	57	8701	5374	5314	8128	27517	141	115	116	120	45	60	36	87	64	73	47	64	60	47	33	31	48	53	18	29	5473
*	5p	-	58	8673	5409	5259	7938	27279	146	142	131	128	55	57	39	82	52	92	38	84	61	49	32	28	50	43	25	27	5399
*	5p	-	59	8023	5790	5377	7883	27073	148	132	114	126	57	70	42	72	54	68	36	92	48	57	29	29	41	44	18	24	5315
*	5p	-	60	7764	5238	5794	8017	26813	165	117	135	126	62	72	38	67	63	79	59	86	46	56	41	33	28	50	19	28	5242
*	5p	-	61	7782	5531	5148	8087	26548	155	132	149	113	53	58	30	72	76	80	29	83	48	44	38	34	52	48	23	21	5157
*	5p	-	62	7854	5092	5555	7782	26283	141	126	130	114	46	71	40	71	60	81	43	90	51	46	32	30	55	45	29	28	5049
*	5p	-	63	7654	5059	5216	8038	25967	117	125	140	121	57	61	46	68	48	75	38	77	58	48	23	29	48	44	29	23	4975
*	5p	-	64	7377	5329	5148	7872	25726	161	163	131	139	66	47	35	76	58	75	37	82	45	37	25	28	61	32	16	20	4891
*	5p	-	65	7405	4898	5085	8091	25479	139	127	121	106	56	49	34	65	78	52	50	73	63	42	30	21	49	44	17	15	4802
*	5p	-	66	7358	4907	5034	7940	25239	141	114	135	129	43	61	35	73	53	75	34	99	41	49	26	37	41	35	26	14	4735
*	5p	-	67	7155	4981	5378	7479	24993	145	103	131	127	49	52	38	69	37	73	33	106	53	47	27	29	44	39	18	24	4637
*	5p	-	68	7142	5388	4827	7390	24747	129	119	112	114	52	50	31	63	62	74	36	65	38	41	32	24	41	43	17	20	4560
*	5p	-	69	7088	5187	4938	7254	24467	140	106	124	122	58	43	48	87	48	75	32	78	48	38	27	23	39	44	22	18	4477
*	5p	-	70	7239	4833	4827	7290	24189	129	94	129	114	55	48	32	75	56	57	38	95	43	48	23	27	32	49	25	15	4388
