# table produced by mapDamage version 2.2.1
# using mapped file CviAPal033.merged.L103.realn.bam and reference.ssl.Cvi20k_rename.fasta as reference file
# Chr: reference from sam/bam header, End: from which termini of DNA sequences, Std: strand of reads
Chr	End	Std	Pos	A	C	G	T	Total	G>A	C>T	A>G	T>C	A>C	A>T	C>G	C>A	T>G	T>A	G>C	G>T	A>-	T>-	C>-	G>-	->A	->T	->C	->G	S
*	3p	+	1	34088	23374	30237	36779	124478	1778	345	555	411	205	237	152	218	240	206	161	215	0	0	0	0	2	3	4	2	43190
*	3p	+	2	43279	23188	20993	37023	124483	1283	319	289	370	132	158	70	243	127	213	98	131	0	0	0	0	1	4	1	2	43147
*	3p	+	3	39535	20914	26500	37535	124484	821	315	306	276	101	149	97	224	123	149	108	146	0	0	0	1	4	2	0	1	42222
*	3p	+	4	39370	20226	25153	39712	124461	638	336	275	260	103	126	113	192	138	132	93	174	6	4	7	3	6	12	6	8	41127
*	3p	+	5	39204	20994	23909	40353	124460	495	337	272	267	117	146	72	165	125	129	86	178	11	8	11	10	4	11	8	8	39856
*	3p	+	6	37710	23446	22268	41027	124451	789	536	457	483	237	291	126	401	229	290	150	310	13	13	15	17	6	17	11	9	38581
*	3p	+	7	43560	21592	22725	36554	124431	779	460	488	440	218	239	135	371	217	316	170	293	13	24	12	12	16	11	19	13	37813
*	3p	+	8	41638	21921	24563	36291	124413	684	449	517	415	174	234	146	365	234	340	143	290	18	25	18	20	24	28	18	9	37033
*	3p	+	9	42641	21125	24592	36040	124398	694	457	470	467	199	228	160	367	237	309	195	336	39	40	22	26	32	28	22	13	36182
*	3p	+	10	41391	22086	21932	38954	124363	655	456	463	455	208	262	135	346	216	322	175	295	51	33	27	31	46	51	16	17	35392
*	3p	+	11	38658	22557	24532	38565	124312	679	494	547	491	234	255	154	372	266	334	207	317	66	54	18	30	56	54	38	32	34595
*	3p	+	12	38097	22267	26407	37553	124324	733	511	497	559	201	238	160	368	241	304	990	305	62	63	36	35	56	63	32	17	33998
*	3p	+	13	39413	22074	24725	38092	124304	699	507	520	525	229	286	157	291	231	342	174	300	104	85	30	37	77	61	25	25	33344
*	3p	+	14	38994	22387	24838	38047	124266	648	522	489	477	225	280	149	343	244	327	160	348	78	88	35	50	88	84	19	33	32717
*	3p	+	15	39760	21948	23411	39116	124235	659	488	500	463	210	274	204	349	224	355	150	298	80	101	50	36	97	84	38	40	32111
*	3p	+	16	38954	21908	23820	39539	124221	643	506	523	538	230	269	144	377	258	338	662	334	79	103	53	49	101	88	36	47	31470
*	3p	+	17	39370	22125	23553	39164	124212	605	487	608	504	208	288	142	324	264	346	160	303	88	94	47	54	97	103	41	41	30918
*	3p	+	18	39053	24007	23606	37523	124189	692	544	497	512	227	243	183	401	226	345	143	345	116	107	46	40	111	109	30	55	30314
*	3p	+	19	41153	22000	23154	37877	124184	605	549	500	531	226	283	144	327	207	320	132	318	118	107	47	46	120	101	41	47	29743
*	3p	+	20	36690	22683	22498	36111	117982	656	570	531	547	242	311	231	461	265	354	141	339	99	120	57	56	132	116	57	53	29193
*	3p	+	21	36692	21517	22519	34986	115714	731	605	587	623	240	290	423	421	240	322	149	340	114	124	73	64	136	117	50	57	28664
*	3p	+	22	36828	20633	22343	34964	114768	702	575	558	561	248	272	142	375	253	350	253	326	125	138	66	77	136	128	47	54	28141
*	3p	+	23	36605	21325	21977	34334	114241	653	536	530	542	200	296	187	387	255	327	163	315	139	145	57	78	165	132	47	55	27631
*	3p	+	24	35075	21964	21986	34890	113915	723	587	565	523	257	272	210	364	264	362	161	323	122	154	72	71	134	131	49	63	27125
*	3p	+	25	35392	22142	22088	33780	113402	663	543	584	493	220	287	180	371	259	333	150	340	122	148	68	70	151	130	54	55	26689
*	3p	+	26	35313	20246	21820	35592	112971	636	554	540	525	225	310	152	379	238	348	133	318	134	158	69	80	154	147	73	44	26237
*	3p	+	27	35463	21053	21016	35057	112589	616	566	632	600	206	299	151	370	256	323	145	307	160	163	62	93	156	164	47	57	25781
*	3p	+	28	34461	20999	22650	34129	112239	647	584	531	551	239	283	133	372	231	371	212	378	148	163	75	96	154	165	59	62	25302
*	3p	+	29	34520	21085	21951	34441	111997	650	554	543	538	197	289	154	358	239	353	125	323	167	148	83	72	165	164	56	50	24845
*	3p	+	30	36019	21165	20570	33936	111690	593	581	537	539	219	273	141	351	261	315	139	360	154	163	72	97	181	157	48	82	24396
*	3p	+	31	35221	19980	22319	33601	111121	633	528	540	529	210	289	155	382	405	367	155	355	192	180	90	88	165	175	54	70	23977
*	3p	+	32	33519	20431	21469	35146	110565	610	595	541	566	200	298	134	373	263	334	149	322	180	206	94	94	181	177	67	52	23570
*	3p	+	33	33692	19801	21717	34878	110088	669	581	520	582	220	309	177	355	264	335	140	371	192	194	84	99	176	146	56	68	23168
*	3p	+	34	34229	19857	20053	35336	109475	657	590	544	551	205	278	173	351	240	336	116	346	201	193	80	83	181	167	59	55	22760
*	3p	+	35	33558	19886	20808	34637	108889	652	600	548	538	204	297	149	352	235	343	128	363	195	198	98	87	176	194	65	65	22353
*	3p	+	36	34915	19741	20881	32321	107858	620	624	499	502	209	313	150	311	246	317	168	338	170	201	98	103	184	198	74	57	21969
*	3p	+	37	33357	19420	21481	32821	107079	593	560	492	894	198	287	147	327	240	358	143	366	186	177	105	96	178	192	57	62	21585
*	3p	+	38	33975	19894	19873	32348	106090	603	596	507	525	259	307	172	336	232	325	120	331	201	203	105	96	186	167	70	74	21225
*	3p	+	39	33495	19157	20863	31833	105348	677	545	562	571	208	277	166	339	238	316	142	320	201	193	89	106	180	164	54	74	20864
*	3p	+	40	33611	19155	19560	32244	104570	592	542	498	518	217	277	149	343	223	265	143	338	219	202	81	80	193	153	69	78	20492
*	3p	+	41	31773	19985	20472	31399	103629	569	569	523	517	219	268	153	340	228	288	148	329	205	180	92	105	163	187	52	79	20157
*	3p	+	42	31916	19226	20061	31315	102518	566	572	567	474	200	289	172	343	220	336	129	361	206	205	88	100	186	184	70	83	19789
*	3p	+	43	32144	18359	19124	32018	101645	553	520	528	521	187	274	118	308	216	274	136	347	198	206	94	96	193	182	65	62	19457
*	3p	+	44	31470	18688	19567	30944	100669	586	554	601	496	225	276	144	309	201	334	127	338	194	204	88	99	173	178	62	70	19101
*	3p	+	45	31951	18337	18682	30572	99542	602	593	531	500	215	245	166	324	193	309	160	299	194	181	108	94	192	193	56	72	18760
*	3p	+	46	31369	18671	17888	30462	98390	537	569	542	522	207	264	193	337	221	274	105	310	187	199	106	106	185	178	67	61	18412
*	3p	+	47	31527	17870	17707	30136	97240	570	523	487	487	197	255	145	331	233	304	125	310	188	209	91	97	162	162	59	66	18082
*	3p	+	48	30005	18861	17657	29561	96084	613	546	485	478	222	257	142	329	207	302	162	300	163	194	117	101	170	171	61	79	17743
*	3p	+	49	29557	17465	16960	30968	94950	532	514	453	922	197	250	127	320	222	261	123	338	184	188	91	88	168	160	61	60	17417
*	3p	+	50	30436	17189	17205	28962	93792	525	452	479	473	184	258	118	337	202	299	132	287	186	202	82	92	162	152	56	71	17106
*	3p	+	51	29272	17671	17128	28581	92652	509	507	457	507	196	234	129	350	200	268	148	318	207	193	86	83	167	171	51	71	16812
*	3p	+	52	28448	17575	17169	28259	91451	528	514	397	470	169	233	227	1068	197	291	103	302	191	176	85	75	174	169	59	66	16502
*	3p	+	53	29032	16739	16411	28069	90251	526	486	451	481	182	247	121	299	218	280	118	291	169	173	94	95	185	154	55	70	16208
*	3p	+	54	28630	16705	16159	27516	89010	493	505	397	424	171	270	120	250	185	254	118	316	192	184	84	97	191	168	61	66	15922
*	3p	+	55	26850	17301	15916	27602	87669	496	504	445	445	169	217	118	270	179	272	120	302	188	176	94	71	189	179	60	65	15605
*	3p	+	56	26584	15840	15669	28289	86382	487	475	372	468	188	254	118	259	169	244	124	281	185	196	70	90	161	193	66	58	15320
*	3p	+	57	26421	15652	15365	27615	85053	493	555	408	430	174	240	123	247	181	263	126	306	156	212	78	84	172	173	57	57	15041
*	3p	+	58	26108	15255	15029	27371	83763	477	472	416	415	152	223	107	236	201	244	121	285	172	154	83	79	169	172	62	60	14756
*	3p	+	59	25729	15095	15705	25805	82334	477	458	412	395	144	204	91	250	173	246	106	314	178	175	81	90	149	151	73	79	14450
*	3p	+	60	25816	15861	14553	24805	81035	430	487	389	426	160	223	133	270	191	190	121	262	169	169	76	89	159	171	77	61	14193
*	3p	+	61	25562	14489	14835	24775	79661	422	448	401	377	178	223	99	238	164	249	104	290	153	191	86	87	189	155	45	57	13898
*	3p	+	62	24317	15130	13903	24851	78201	390	469	363	380	177	276	107	269	186	243	98	241	161	156	93	93	176	159	67	59	13629
*	3p	+	63	24422	14200	14021	24147	76790	464	495	391	415	152	218	107	238	195	256	107	268	157	177	85	83	155	160	68	51	13360
*	3p	+	64	24144	13875	13886	23467	75372	417	437	377	348	141	193	93	242	182	200	90	231	163	184	95	73	158	174	46	58	13069
*	3p	+	65	24156	13592	13264	22909	73921	423	383	356	386	167	196	108	229	149	222	100	241	185	167	76	88	142	168	61	57	12768
*	3p	+	66	23398	13462	13241	22310	72411	430	426	358	367	159	196	107	219	156	213	97	232	171	183	82	82	169	163	66	48	12517
*	3p	+	67	22359	13719	12887	21979	70944	405	381	318	397	145	197	86	217	133	211	82	231	155	166	87	83	178	147	49	49	12254
*	3p	+	68	21920	12829	13032	21666	69447	360	397	399	324	134	188	95	207	169	192	93	241	147	152	89	84	140	145	57	46	11996
*	3p	+	69	21166	12582	13077	21148	67973	362	390	364	346	142	235	85	162	157	186	104	266	159	170	80	75	165	127	42	52	11733
*	3p	+	70	21112	12182	12238	20904	66436	313	421	369	301	140	192	82	212	138	191	98	236	153	162	72	76	141	152	47	62	11420
*	3p	-	1	32217	23051	28709	35626	119603	1804	352	536	412	175	210	139	208	241	198	125	173	0	0	0	0	8	4	5	3	39634
*	3p	-	2	41436	21365	19686	37131	119618	1297	305	276	334	124	152	71	219	125	225	78	149	7	6	2	0	7	1	0	1	39584
*	3p	-	3	37835	21075	23064	37645	119619	824	317	319	281	96	135	86	211	148	160	83	174	5	1	2	2	6	2	0	0	38741
*	3p	-	4	37178	20552	22431	39373	119534	627	296	323	259	83	145	80	170	102	164	64	189	37	35	11	12	41	35	11	6	37730
*	3p	-	5	36826	20914	21412	40384	119536	501	282	254	275	95	124	91	185	132	110	70	201	33	24	15	14	42	27	11	13	36611
*	3p	-	6	35834	22171	20516	40981	119502	706	494	455	460	184	303	133	297	220	319	161	306	46	30	18	18	50	51	12	14	35416
*	3p	-	7	39905	21375	21689	36560	119529	675	421	461	391	191	230	131	337	211	298	144	305	58	39	15	13	41	35	10	12	34782
*	3p	-	8	38567	21639	22169	37124	119499	723	444	505	407	196	213	152	322	211	273	134	295	61	54	13	17	40	57	10	22	34044
*	3p	-	9	39956	21395	22448	35666	119465	676	418	510	474	184	250	148	351	221	324	147	290	68	67	28	31	64	70	14	16	33313
*	3p	-	10	37865	21845	20595	39139	119444	648	497	423	457	199	277	138	302	230	303	150	320	62	79	36	24	63	72	20	28	32579
*	3p	-	11	35459	23221	22728	37973	119381	639	470	535	507	200	232	177	324	238	318	130	302	80	81	41	44	95	89	37	26	31815
*	3p	-	12	36030	23035	23302	36995	119362	637	553	516	498	203	265	193	333	264	289	144	316	101	89	40	37	102	92	26	43	31246
*	3p	-	13	37183	22179	22114	37866	119342	645	518	510	457	222	221	135	374	201	322	133	298	96	92	43	38	124	101	31	31	30632
*	3p	-	14	37562	21727	21757	38276	119322	586	499	514	492	313	261	110	312	222	342	131	296	115	92	54	48	119	118	35	31	30094
*	3p	-	15	37033	22187	22227	37867	119314	634	449	493	480	251	271	152	349	241	303	160	348	120	113	47	60	132	108	34	40	29494
*	3p	-	16	37277	22722	21991	37325	119315	616	484	468	507	224	281	127	347	219	293	161	331	101	128	61	51	114	111	50	37	28887
*	3p	-	17	36972	21939	22063	38321	119295	665	532	479	424	239	248	135	363	219	305	226	311	123	111	48	74	124	127	40	40	28386
*	3p	-	18	36483	22488	21920	38380	119271	640	511	500	513	207	264	134	321	225	300	146	309	134	99	65	78	116	139	59	41	27867
*	3p	-	19	36921	22478	22091	37760	119250	588	495	470	491	194	253	139	325	219	290	147	320	142	112	71	65	142	130	41	60	27350
*	3p	-	20	34573	21613	21238	35645	113069	648	546	560	532	201	296	208	350	245	318	153	350	153	130	66	73	138	132	53	52	26864
*	3p	-	21	33936	20709	20692	35395	110732	683	599	528	634	217	313	167	378	248	362	163	334	158	138	93	74	143	146	58	53	26381
*	3p	-	22	33682	21288	20497	34366	109833	633	535	572	546	219	263	140	331	259	347	128	317	149	124	86	81	139	161	56	58	25952
*	3p	-	23	33906	20693	20184	34575	109358	669	541	561	521	195	279	144	331	223	343	153	390	177	139	64	59	135	151	57	58	25540
*	3p	-	24	33495	21145	20048	34311	108999	583	573	566	529	221	286	140	371	290	319	179	351	173	148	83	63	148	181	54	49	25140
*	3p	-	25	33580	20275	20010	34609	108474	640	575	522	558	186	293	163	333	217	324	182	360	173	166	91	67	158	156	55	63	24741
*	3p	-	26	33176	20645	19964	34277	108062	608	514	544	523	222	300	156	341	250	339	157	331	173	137	84	61	152	147	57	64	24315
*	3p	-	27	32953	20910	19944	33826	107633	598	546	559	512	236	285	159	386	247	359	137	385	154	145	89	71	182	160	71	60	23928
*	3p	-	28	33111	20827	19891	33490	107319	633	572	547	490	209	303	162	371	256	296	135	401	155	151	87	85	158	174	60	57	23557
*	3p	-	29	33054	20145	19684	34182	107065	587	546	518	503	195	279	146	326	219	315	146	315	164	184	86	77	180	157	57	69	23177
*	3p	-	30	32535	20615	20059	33593	106802	619	634	521	616	204	270	158	327	247	300	172	327	166	188	82	80	160	191	73	61	22780
*	3p	-	31	32685	20474	19867	33233	106259	649	550	473	535	219	316	157	351	228	321	150	368	175	172	93	75	186	196	47	61	22418
*	3p	-	32	32606	20302	19844	33018	105770	630	531	545	501	188	271	139	352	194	342	149	392	184	155	92	88	154	152	53	76	22090
*	3p	-	33	32459	19989	19545	33270	105263	556	506	541	494	251	289	136	319	237	345	177	369	164	204	68	85	148	157	55	64	21701
*	3p	-	34	32031	20483	19310	32840	104664	589	553	536	500	226	262	149	325	230	368	142	354	185	169	72	96	172	155	57	61	21361
*	3p	-	35	32240	19561	19290	33020	104111	594	599	492	524	227	271	144	323	208	310	141	344	168	195	93	82	153	176	64	78	21024
*	3p	-	36	31930	19999	19292	31982	103203	586	562	545	558	238	285	159	311	202	283	150	335	177	166	115	81	182	179	61	56	20694
*	3p	-	37	31982	19542	18966	31897	102387	588	546	534	520	220	286	174	295	217	313	152	360	192	183	99	82	186	205	61	52	20338
*	3p	-	38	31345	19202	18874	32185	101606	587	549	544	489	256	295	166	309	248	346	134	353	174	183	89	105	173	194	71	87	20009
*	3p	-	39	30978	19512	18881	31514	100885	565	618	543	463	214	259	143	323	231	319	160	316	212	208	83	93	178	203	64	72	19728
*	3p	-	40	30743	19675	18386	31385	100189	532	566	543	519	203	309	173	278	212	300	148	353	186	217	95	94	181	182	73	70	19402
*	3p	-	41	30911	18540	18572	31273	99296	590	534	514	509	191	281	141	313	200	296	169	299	204	219	99	89	180	191	68	90	19069
*	3p	-	42	30334	18913	18300	30711	98258	596	545	501	497	210	329	124	333	229	318	130	327	190	210	103	95	194	172	48	62	18755
*	3p	-	43	30549	18487	18124	30263	97423	544	545	491	429	188	252	151	299	188	271	143	345	195	198	97	96	166	166	65	61	18424
*	3p	-	44	29670	18144	18233	30463	96510	560	491	492	499	183	259	152	290	213	319	103	343	208	155	107	97	174	146	58	52	18142
*	3p	-	45	29626	17815	17959	30017	95417	545	533	473	472	197	254	128	325	196	310	153	320	194	183	97	93	182	170	63	73	17825
*	3p	-	46	29351	17967	17172	29842	94332	628	514	528	447	187	260	141	290	202	289	142	328	178	202	86	83	179	154	72	69	17541
*	3p	-	47	29033	17564	17357	29240	93194	511	506	479	496	208	260	136	291	219	309	142	335	193	181	102	71	170	182	64	56	17245
*	3p	-	48	28819	17323	17133	28826	92101	541	509	440	458	180	255	156	271	190	272	115	315	178	193	90	75	164	174	68	48	16959
*	3p	-	49	28412	17191	16809	28600	91012	558	498	433	456	197	259	122	285	213	266	123	304	168	197	90	90	154	182	63	58	16643
*	3p	-	50	28206	16673	16594	28344	89817	529	512	476	445	193	260	143	278	175	260	108	311	202	223	90	75	175	181	49	53	16373
*	3p	-	51	27646	17087	16249	27796	88778	458	479	512	442	170	243	148	290	200	268	135	279	186	181	86	89	161	171	60	57	16070
*	3p	-	52	27104	16571	16347	27607	87629	496	493	443	434	160	235	141	273	194	250	120	317	167	189	101	81	171	161	51	54	15767
*	3p	-	53	26944	16411	15825	27195	86375	462	487	416	422	179	237	147	263	197	293	126	288	203	152	95	69	150	178	62	46	15493
*	3p	-	54	26434	15954	15822	26999	85209	458	485	416	446	175	261	123	271	226	254	130	298	175	186	83	84	153	158	64	43	15233
*	3p	-	55	26390	15929	15340	26320	83979	483	441	398	398	173	220	125	283	184	270	142	281	167	154	89	107	135	166	50	54	14928
*	3p	-	56	26052	15586	15224	25922	82784	449	469	392	423	174	236	123	280	150	234	125	267	175	150	86	69	135	150	49	62	14638
*	3p	-	57	25603	15635	15184	25083	81505	492	467	490	434	181	220	119	260	172	255	103	280	160	167	91	76	134	144	53	55	14358
*	3p	-	58	25372	15258	14523	25071	80224	442	457	396	426	182	235	118	252	174	247	123	247	175	142	75	83	136	155	50	58	14090
*	3p	-	59	24772	14771	14838	24645	79026	438	422	424	410	169	260	133	249	160	215	126	284	149	169	77	74	140	115	50	50	13823
*	3p	-	60	24647	14563	14187	24298	77695	472	418	399	374	165	210	108	238	161	216	105	283	148	153	96	74	151	150	57	43	13588
*	3p	-	61	24130	14226	13912	24043	76311	394	450	386	386	173	206	119	223	142	229	108	264	156	134	78	76	139	152	60	52	13308
*	3p	-	62	23549	14047	13877	23559	75032	466	397	344	370	177	208	141	234	163	234	96	276	153	139	96	64	145	131	55	59	13057
*	3p	-	63	23043	13864	13384	23333	73624	407	436	356	376	154	193	123	213	158	212	106	258	176	121	58	71	139	143	42	54	12805
*	3p	-	64	22572	13652	13469	22604	72297	418	443	346	374	131	212	95	223	161	243	91	260	132	141	68	73	124	128	52	43	12578
*	3p	-	65	22111	13379	13163	22205	70858	375	362	355	362	144	191	130	229	152	216	97	281	155	132	79	59	123	140	36	37	12312
*	3p	-	66	21601	13160	12758	21870	69389	423	388	333	349	162	180	117	187	126	214	94	237	127	140	80	66	114	131	49	48	12024
*	3p	-	67	21358	12789	12359	21417	67923	370	383	340	355	168	191	97	207	139	195	94	230	143	150	64	64	125	134	52	28	11780
*	3p	-	68	21108	12234	12307	20820	66469	350	357	321	324	178	199	110	215	148	181	93	230	139	141	75	77	136	113	43	44	11542
*	3p	-	69	20360	12142	12159	20390	65051	381	345	342	357	155	192	111	196	129	203	92	221	134	128	61	73	114	112	34	48	11271
*	3p	-	70	19953	11905	11617	20130	63605	374	371	324	305	110	162	110	195	145	207	92	228	122	157	72	57	116	107	42	42	10973
*	5p	+	1	36383	30789	25588	31707	124467	450	478	524	663	305	205	165	303	234	238	183	169	0	0	0	0	10	4	5	5	36938
*	5p	+	2	39144	19848	22880	42598	124470	335	641	440	330	131	211	90	187	175	160	56	214	6	10	0	6	6	10	0	0	36869
*	5p	+	3	39487	24186	21551	39258	124482	346	403	325	384	170	163	70	245	91	168	94	313	3	0	4	2	2	7	1	1	36131
*	5p	+	4	41936	22731	21168	38546	124381	338	389	312	348	134	142	67	225	126	161	81	248	49	34	10	16	42	48	9	13	35197
*	5p	+	5	42834	22135	22162	37245	124376	343	382	312	294	109	131	59	211	108	193	76	245	35	38	16	8	39	56	5	18	34161
*	5p	+	6	43569	20700	22621	37460	124350	492	560	486	422	182	235	169	288	231	305	119	366	46	39	17	24	52	62	15	15	32918
*	5p	+	7	38166	22108	22207	41857	124338	470	549	466	417	168	273	143	323	190	248	127	351	51	70	21	22	50	69	18	19	32287
*	5p	+	8	38236	23582	22625	39878	124321	480	533	459	501	177	264	119	299	196	290	136	341	49	65	25	28	61	70	19	23	31585
*	5p	+	9	36915	23370	21988	42034	124307	458	564	485	529	195	293	173	325	192	267	152	352	78	88	22	23	67	79	31	9	30845
*	5p	+	10	40646	21407	22758	39429	124240	492	530	414	480	172	249	149	270	191	273	135	350	76	70	38	39	112	83	39	19	30184
*	5p	+	11	39849	23648	24281	36448	124226	529	562	503	573	205	277	154	358	254	296	142	368	103	90	51	34	104	86	36	40	29431
*	5p	+	12	38862	24154	23966	37237	124219	542	533	594	566	251	255	142	301	238	305	301	415	91	92	45	50	105	101	37	31	28872
*	5p	+	13	39591	22699	23458	38452	124200	503	556	520	491	191	267	127	324	255	285	116	367	111	95	43	44	119	94	46	35	28295
*	5p	+	14	39952	22773	22519	38916	124160	526	525	489	537	203	287	133	308	351	306	121	350	107	125	45	50	140	116	27	50	27755
*	5p	+	15	39232	23066	23298	38586	124182	529	564	515	574	204	256	163	353	257	280	135	359	114	124	73	45	123	112	39	38	27196
*	5p	+	16	39218	22713	23730	38526	124187	529	558	529	528	199	294	129	348	195	293	144	348	125	121	42	51	105	115	47	31	26633
*	5p	+	17	39824	22804	22905	38629	124162	500	584	477	542	196	285	397	319	328	311	151	350	128	112	61	54	119	133	44	35	26103
*	5p	+	18	39854	23314	23027	37921	124116	501	649	549	551	210	289	150	363	195	280	145	333	136	113	61	55	135	131	47	64	25610
*	5p	+	19	39411	22804	23640	38227	124082	561	504	524	523	184	243	105	342	192	291	123	360	133	133	55	65	146	156	61	48	25150
*	5p	+	20	37299	22302	22330	35994	117925	576	595	570	576	241	271	144	373	226	369	152	363	142	146	60	69	171	150	46	49	24692
*	5p	+	21	37418	21230	21757	35241	115646	721	619	609	550	246	276	168	328	231	337	147	357	137	142	66	81	151	137	69	71	24227
*	5p	+	22	36545	20988	22083	35078	114694	521	624	575	558	229	285	142	325	247	339	130	346	143	180	85	69	166	147	69	56	23811
*	5p	+	23	36144	20846	21715	35507	114212	579	622	532	589	213	271	157	313	225	318	150	337	165	171	75	84	166	141	52	62	23400
*	5p	+	24	35752	20931	22226	34953	113862	581	599	534	598	195	286	150	322	248	312	177	404	165	196	83	84	172	143	53	62	22971
*	5p	+	25	36691	20485	21385	34777	113338	597	537	505	546	216	299	222	344	195	321	185	363	148	178	79	81	163	169	59	64	22551
*	5p	+	26	36263	21009	21505	34132	112909	593	536	571	574	234	333	145	340	244	318	181	385	169	161	72	70	158	166	81	74	22103
*	5p	+	27	36241	20790	21420	34078	112529	600	589	559	627	237	286	154	357	207	317	155	344	166	164	74	88	173	184	67	60	21745
*	5p	+	28	35685	20834	21554	34118	112191	596	550	536	514	235	285	161	412	231	296	182	377	174	163	89	97	148	216	61	64	21377
*	5p	+	29	36074	20794	20784	34279	111931	597	569	569	585	201	294	137	361	211	325	138	378	172	214	97	90	155	212	70	63	20991
*	5p	+	30	35089	20790	21771	34001	111651	700	611	591	551	237	264	190	340	246	346	183	393	177	214	92	87	184	176	60	88	20640
*	5p	+	31	34887	20846	21301	34067	111101	565	585	544	538	197	260	151	328	226	313	164	331	193	199	87	116	191	180	53	61	20258
*	5p	+	32	34862	21178	20901	33632	110573	578	599	558	562	187	303	148	388	251	298	169	336	197	193	91	109	178	178	66	50	19930
*	5p	+	33	34760	20694	20750	33859	110063	562	589	559	537	211	272	177	352	299	349	174	366	225	216	79	92	155	197	59	63	19624
*	5p	+	34	34714	20446	20988	33309	109457	569	598	493	519	202	292	146	354	258	344	139	330	224	174	95	97	170	163	74	72	19309
*	5p	+	35	34119	20535	20155	34098	108907	624	570	556	577	200	296	143	375	237	295	164	344	185	200	90	111	171	167	72	74	18981
*	5p	+	36	32906	20568	20691	33709	107874	561	564	524	533	222	260	155	308	242	328	153	340	200	219	97	94	183	179	61	75	18677
*	5p	+	37	33681	19952	20035	33391	107059	570	589	524	534	200	271	149	400	216	294	177	337	191	190	106	97	181	209	52	66	18363
*	5p	+	38	33328	19633	19976	33128	106065	605	605	502	569	197	292	156	319	247	328	183	324	166	189	95	103	211	168	72	73	18081
*	5p	+	39	32766	19753	20105	32665	105289	579	532	502	570	236	263	156	387	186	315	161	320	181	199	95	104	202	167	82	81	17785
*	5p	+	40	32562	19698	20396	31909	104565	632	572	494	524	216	286	138	388	234	326	178	327	203	201	81	94	190	166	72	69	17484
*	5p	+	41	32998	18985	19328	32293	103604	671	536	522	552	195	263	154	357	251	327	156	326	173	210	84	107	171	193	72	68	17179
*	5p	+	42	31880	19122	19834	31725	102561	646	568	525	578	205	289	126	340	243	339	130	292	194	212	70	94	181	168	63	66	16905
*	5p	+	43	31852	19192	19070	31555	101669	619	552	512	512	178	286	161	500	212	327	176	322	178	185	74	104	174	162	69	75	16636
*	5p	+	44	31778	18980	18933	30954	100645	586	537	496	530	177	263	153	300	241	305	163	267	164	189	73	85	181	174	65	85	16341
*	5p	+	45	31144	18442	19021	30957	99564	573	505	522	498	210	249	135	332	211	337	160	320	178	184	79	93	178	181	69	61	16074
*	5p	+	46	30959	18112	18575	30725	98371	587	531	476	644	194	288	145	303	205	315	155	313	157	195	95	91	188	179	62	77	15788
*	5p	+	47	30630	18300	18125	30130	97185	616	535	470	497	196	288	174	402	227	279	177	306	180	174	99	89	189	183	61	69	15540
*	5p	+	48	30043	18114	18020	29896	96073	614	572	517	487	188	233	145	313	207	317	160	274	189	174	91	82	181	187	75	50	15277
*	5p	+	49	30229	17267	17860	29541	94897	608	525	476	460	179	255	164	276	183	282	160	321	198	178	83	88	188	173	70	71	15023
*	5p	+	50	29509	17736	17306	29184	93735	595	483	476	478	177	247	140	310	200	289	132	327	183	175	88	102	192	177	50	80	14735
*	5p	+	51	29146	17033	17727	28754	92660	570	509	479	459	159	259	112	314	197	301	148	275	162	189	88	97	185	154	53	59	14470
*	5p	+	52	28539	16975	17219	28710	91443	581	462	500	430	185	237	120	291	181	279	138	276	173	196	79	94	177	170	67	61	14234
*	5p	+	53	28064	16622	17528	28051	90265	603	495	478	440	195	227	125	279	203	245	162	327	177	164	85	100	168	153	59	71	14011
*	5p	+	54	27996	16461	16934	27658	89049	561	447	474	440	195	231	114	299	199	233	145	279	183	178	83	104	168	158	54	68	13798
*	5p	+	55	27613	15955	16769	27375	87712	539	458	404	436	183	219	128	271	188	269	129	284	167	180	87	88	164	141	70	75	13576
*	5p	+	56	27575	15835	16318	26720	86448	565	440	445	419	201	217	121	248	194	272	152	266	173	164	80	107	153	141	60	58	13352
*	5p	+	57	26984	15817	15860	26443	85104	537	466	433	552	170	231	140	286	191	274	132	281	197	163	84	76	145	150	51	62	13139
*	5p	+	58	26298	15108	16224	26173	83803	566	423	391	398	189	225	108	232	191	266	136	270	161	174	96	66	157	157	50	58	12922
*	5p	+	59	26009	15135	15336	25898	82378	528	444	391	419	168	263	167	268	207	254	161	261	155	181	90	87	156	147	47	58	12713
*	5p	+	60	25231	14899	15182	25764	81076	508	469	383	418	190	203	131	255	202	244	160	254	175	175	71	85	146	162	56	63	12499
*	5p	+	61	24922	14605	14939	25234	79700	487	407	375	386	152	211	108	246	216	224	112	268	155	163	83	80	140	147	60	58	12285
*	5p	+	62	24320	14580	14701	24650	78251	531	450	399	394	153	211	107	266	184	260	126	249	147	185	61	105	152	142	46	63	12100
*	5p	+	63	24330	14053	14460	23978	76821	479	449	366	381	174	197	120	234	168	228	126	253	159	172	92	81	145	134	65	60	11891
*	5p	+	64	23387	14078	14235	23716	75416	532	420	371	372	153	221	108	252	157	230	115	259	148	145	58	95	140	131	54	66	11682
*	5p	+	65	23020	13627	13723	23607	73977	476	387	343	347	145	206	104	347	180	218	119	224	138	150	84	79	147	137	43	48	11487
*	5p	+	66	22765	13664	13526	22554	72509	536	394	389	374	148	187	100	247	163	257	126	225	143	151	84	61	137	119	40	49	11286
*	5p	+	67	22215	13289	13436	22076	71016	498	397	366	336	153	172	120	218	147	228	122	213	142	142	69	62	143	119	37	51	11107
*	5p	+	68	21684	12711	13287	21813	69495	444	374	342	371	156	206	87	229	197	210	121	205	144	151	61	72	129	114	40	56	10906
*	5p	+	69	21519	12718	12636	21144	68017	476	391	325	351	126	193	107	233	151	217	105	201	130	140	63	81	133	128	46	34	10713
*	5p	+	70	20916	12253	12445	20854	66468	458	364	328	342	152	185	91	214	158	201	120	207	125	141	67	74	141	135	40	54	10495
*	5p	-	1	34601	30170	23672	31166	119609	354	432	459	634	261	176	159	278	201	256	205	176	0	0	0	0	4	5	1	3	36169
*	5p	-	2	35753	19878	22196	41783	119610	332	572	414	291	149	226	103	152	114	172	71	214	1	0	0	0	3	4	0	3	36101
*	5p	-	3	36265	25422	19706	38224	119617	332	415	313	355	138	153	93	207	113	159	95	277	2	2	2	0	4	3	2	1	35405
*	5p	-	4	38952	23940	19036	37666	119594	378	385	271	333	128	147	76	207	112	167	93	238	5	15	6	9	11	5	8	10	34493
*	5p	-	5	39670	22702	20574	36629	119575	377	342	273	280	119	126	87	180	120	165	94	237	9	10	12	15	13	9	14	17	33459
*	5p	-	6	40334	20977	22337	35919	119567	586	527	518	460	187	245	150	310	219	290	146	349	10	14	12	13	20	11	15	16	32302
*	5p	-	7	35175	21736	20412	42245	119568	481	582	427	477	189	264	167	274	198	241	116	341	27	14	9	12	20	20	5	14	31656
*	5p	-	8	35293	23596	20798	39871	119558	440	560	459	510	198	287	129	269	196	256	125	374	26	24	11	17	22	24	14	10	30905
*	5p	-	9	34413	23687	20115	41307	119522	472	613	477	467	203	254	162	293	201	233	155	378	38	32	21	25	35	38	16	17	30181
*	5p	-	10	37949	21083	20955	39499	119486	537	523	427	471	161	274	149	293	180	295	121	359	42	53	29	22	40	60	18	25	29481
*	5p	-	11	37215	23897	22209	36126	119447	513	524	514	533	206	260	195	327	219	275	145	340	59	58	26	22	51	62	34	35	28744
*	5p	-	12	36275	25234	21267	36655	119431	488	606	507	556	234	250	667	267	200	284	148	377	56	85	28	18	60	65	40	32	28225
*	5p	-	13	36619	23883	21209	37709	119420	535	561	499	490	219	291	181	311	212	254	130	322	67	79	28	24	74	84	26	24	27630
*	5p	-	14	36609	23746	21414	37640	119409	516	545	508	527	236	279	147	315	206	286	128	362	79	57	46	30	76	74	37	33	27099
*	5p	-	15	37153	23013	21222	38006	119394	542	600	529	523	204	254	116	303	207	288	168	376	67	88	45	49	82	77	34	39	26560
*	5p	-	16	37414	23196	21197	37566	119373	510	536	514	471	213	291	468	269	225	285	140	345	90	81	48	47	70	100	45	31	25943
*	5p	-	17	37920	22912	21189	37339	119360	467	554	503	570	215	305	145	327	197	314	137	359	106	93	44	47	102	87	48	31	25471
*	5p	-	18	36646	22764	22565	37337	119312	519	550	539	545	182	273	130	303	196	299	164	357	82	109	58	45	123	107	39	48	24989
*	5p	-	19	36688	22829	20983	38812	119312	497	502	519	472	212	275	134	275	227	293	136	358	118	95	57	47	93	132	41	49	24510
*	5p	-	20	34732	22128	21409	34852	113121	533	528	550	503	205	293	139	309	244	342	200	362	107	102	46	64	115	118	47	47	24046
*	5p	-	21	33902	21711	20244	34915	110772	580	578	543	581	187	283	154	294	229	290	264	357	127	116	55	40	117	134	53	57	23589
*	5p	-	22	33521	21364	20052	34949	109886	569	577	509	518	216	251	191	322	228	309	151	359	119	117	62	67	130	129	59	44	23168
*	5p	-	23	33250	21182	20320	34594	109346	582	571	463	520	204	252	133	294	212	306	167	339	144	131	77	64	167	140	57	45	22731
*	5p	-	24	33309	21329	20327	34057	109022	546	561	535	575	208	303	140	341	227	311	162	353	148	127	68	68	149	137	71	51	22295
*	5p	-	25	32917	21255	20677	33653	108502	567	561	522	504	224	301	134	351	230	276	153	344	154	141	73	61	140	160	59	45	21874
*	5p	-	26	33647	21185	19556	33709	108097	591	584	512	510	206	276	150	300	213	356	138	381	145	116	75	77	137	135	54	59	21462
*	5p	-	27	33745	20296	19933	33716	107690	598	539	546	597	214	316	134	310	214	319	163	347	140	140	65	76	152	164	58	43	21103
*	5p	-	28	32411	21669	19964	33317	107361	566	537	489	546	212	292	161	343	220	332	134	330	150	149	80	68	142	167	58	43	20735
*	5p	-	29	33032	20942	19960	33140	107074	586	573	479	539	210	283	139	289	213	300	128	377	159	146	75	75	155	182	63	54	20386
*	5p	-	30	32476	20259	19576	34501	106812	526	538	501	564	230	294	127	292	211	305	149	346	159	158	82	73	160	177	76	63	19996
*	5p	-	31	32740	21108	19032	33428	106308	531	582	475	539	355	293	145	325	214	363	135	320	187	164	68	75	165	170	52	55	19678
*	5p	-	32	33236	20624	19534	32359	105753	577	549	505	549	243	274	150	364	220	307	136	338	165	173	84	76	173	168	57	54	19343
*	5p	-	33	33364	20694	19143	32051	105252	607	619	551	479	222	274	128	320	211	307	154	356	157	180	99	76	148	162	64	60	18984
*	5p	-	34	33508	19523	19049	32564	104644	572	556	548	483	223	285	120	306	229	287	154	336	177	192	81	79	166	172	78	51	18672
*	5p	-	35	33103	19875	19025	32094	104097	567	544	501	466	199	304	124	341	211	312	145	347	170	185	104	100	183	181	55	64	18381
*	5p	-	36	31591	20112	18923	32571	103197	639	562	516	501	217	303	130	303	213	295	126	330	178	199	89	105	188	183	63	51	18075
*	5p	-	37	31578	20364	18413	32075	102430	544	559	695	513	221	277	133	340	222	319	157	305	181	171	92	78	166	176	59	61	17786
*	5p	-	38	30840	19237	18965	32607	101649	552	563	502	520	188	236	114	288	228	317	183	315	177	202	88	95	189	162	69	62	17437
*	5p	-	39	30807	19619	18336	32141	100903	585	609	511	537	209	296	158	312	186	291	112	309	169	192	116	89	181	192	63	65	17131
*	5p	-	40	31223	18830	18383	31778	100214	591	552	487	477	201	242	140	287	232	302	141	326	182	202	95	91	161	187	66	67	16857
*	5p	-	41	30446	19335	19115	30447	99343	577	525	521	508	203	281	126	309	263	327	133	332	163	199	100	72	169	175	61	78	16566
*	5p	-	42	30453	18910	18351	30521	98235	612	509	495	551	189	272	132	313	200	296	160	319	192	178	93	90	172	192	62	71	16271
*	5p	-	43	30667	18414	17919	30370	97370	572	545	544	501	192	284	129	262	200	344	124	356	178	204	87	81	186	176	72	75	15990
*	5p	-	44	29787	18526	17841	30254	96408	582	526	461	569	190	248	127	271	212	295	124	287	175	184	82	82	201	206	60	64	15712
*	5p	-	45	29460	17973	17525	30423	95381	538	533	483	470	174	271	140	286	217	302	171	326	170	195	90	89	186	200	62	74	15443
*	5p	-	46	29396	17153	17599	30137	94285	608	475	481	511	215	231	127	266	192	302	160	306	197	190	85	72	197	186	69	67	15174
*	5p	-	47	28795	17184	17094	30085	93158	598	498	440	451	196	237	121	297	183	264	145	334	182	179	115	82	202	170	74	60	14917
*	5p	-	48	28273	16925	17919	28958	92075	548	519	441	459	199	243	130	287	175	301	155	313	176	192	98	90	162	187	59	70	14665
*	5p	-	49	29388	16459	16740	28404	90991	557	462	690	398	190	246	128	307	194	314	117	271	190	168	116	88	180	175	58	61	14443
*	5p	-	50	27998	16548	16561	28686	89793	515	503	484	460	181	237	133	306	193	282	138	326	202	195	96	81	185	176	65	53	14175
*	5p	-	51	27732	16290	16840	27903	88765	534	475	437	427	180	214	112	304	195	286	122	325	193	187	74	94	151	187	63	58	13933
*	5p	-	52	27464	16347	16605	27199	87615	498	472	430	415	202	239	113	275	181	258	170	800	172	182	98	76	181	151	56	62	13709
*	5p	-	53	26905	16000	15900	27566	86371	550	408	429	422	195	233	115	287	181	299	124	275	200	178	79	81	144	177	56	61	13483
*	5p	-	54	26678	15372	15936	27211	85197	585	428	445	416	169	223	103	274	194	256	116	239	195	179	81	96	150	175	51	54	13262
*	5p	-	55	26384	15285	16546	25756	83971	565	510	397	371	153	251	104	273	191	257	125	272	203	173	77	95	143	150	52	68	13046
*	5p	-	56	26797	14926	15406	25648	82777	529	423	469	411	164	201	115	242	175	246	123	254	196	165	106	88	154	136	55	59	12824
*	5p	-	57	26040	14750	14912	25793	81495	590	395	434	393	154	229	129	243	184	248	103	240	172	173	90	95	159	139	47	51	12611
*	5p	-	58	25539	14392	14939	25329	80199	503	413	408	388	150	253	129	286	179	267	98	260	188	187	79	83	149	152	57	66	12388
*	5p	-	59	24750	14922	14718	24558	78948	540	433	384	388	166	203	111	268	153	234	105	242	155	168	83	85	158	166	48	60	12169
*	5p	-	60	24136	14151	15073	24320	77680	517	397	373	371	155	218	110	259	170	235	111	219	154	184	96	70	161	142	55	59	11982
*	5p	-	61	24010	14020	14136	24156	76322	508	387	399	346	153	233	107	221	181	261	104	231	163	147	74	87	145	143	51	54	11786
*	5p	-	62	23750	13433	14574	23290	75047	522	391	360	359	171	217	106	248	162	251	116	240	177	135	78	83	130	141	49	50	11582
*	5p	-	63	23327	13186	13650	23497	73660	488	351	406	351	150	199	88	205	163	236	96	221	151	148	71	80	127	130	42	43	11376
*	5p	-	64	22660	13458	13340	22825	72283	471	423	346	315	167	203	99	230	175	226	96	194	152	161	52	77	141	125	53	45	11184
*	5p	-	65	22154	12703	13254	22723	70834	470	344	377	355	165	169	86	203	162	228	106	216	156	143	94	76	145	119	44	57	10975
*	5p	-	66	21612	12587	13051	22111	69361	500	343	360	356	130	207	80	230	169	238	105	198	169	162	74	73	137	153	41	39	10763
*	5p	-	67	21236	12231	13031	21395	67893	482	336	362	329	128	158	85	235	153	225	97	222	152	147	64	66	128	150	51	42	10540
*	5p	-	68	21087	12284	12486	20588	66445	505	325	344	328	138	176	102	204	152	211	108	198	163	141	63	67	129	135	46	51	10346
*	5p	-	69	20279	12137	12316	20277	65009	483	362	346	327	139	184	86	201	144	221	80	198	138	140	62	65	137	131	37	46	10169
*	5p	-	70	20223	11485	11730	20123	63561	465	329	292	315	119	174	80	224	140	191	79	182	144	145	64	71	124	132	46	49	9984
