# table produced by mapDamage version 2.2.1
# using mapped file CviAPal011.merged.L103.realn.bam and reference.ssl.Cvi20k_rename.fasta as reference file
# Chr: reference from sam/bam header, End: from which termini of DNA sequences, Std: strand of reads
Chr	End	Std	Pos	A	C	G	T	Total	G>A	C>T	A>G	T>C	A>C	A>T	C>G	C>A	T>G	T>A	G>C	G>T	A>-	T>-	C>-	G>-	->A	->T	->C	->G	S
*	3p	+	1	22072	15465	18200	23055	78792	787	179	272	234	102	136	88	147	150	154	110	140	0	0	0	0	0	4	1	0	36691
*	3p	+	2	25355	16420	13992	23035	78802	544	157	140	165	68	76	38	111	68	84	70	82	0	0	1	1	2	3	0	0	36641
*	3p	+	3	24257	13528	17701	23315	78801	342	147	169	163	46	67	43	97	75	77	57	73	1	2	1	0	0	3	0	1	36100
*	3p	+	4	24397	13710	16864	23815	78786	289	151	155	132	51	73	24	93	55	72	45	91	7	2	5	2	9	4	6	2	35373
*	3p	+	5	24772	14267	15552	24194	78785	218	161	125	142	61	81	33	100	58	75	61	110	6	7	4	4	3	5	9	4	34622
*	3p	+	6	23435	16237	14424	24684	78780	376	277	227	252	110	141	85	193	106	163	106	162	7	3	11	4	11	3	7	6	33805
*	3p	+	7	26900	14776	14805	22299	78780	353	220	270	240	119	106	67	162	103	156	109	176	2	9	4	3	9	8	3	7	33235
*	3p	+	8	25689	14750	15950	22387	78776	344	238	279	246	127	125	80	181	120	175	120	153	9	7	5	6	7	13	8	3	32690
*	3p	+	9	26147	14203	15782	22631	78763	367	210	254	266	96	96	49	191	116	158	144	166	12	8	14	16	8	19	6	12	32125
*	3p	+	10	25796	14523	14811	23616	78746	346	259	231	219	102	127	78	169	117	155	113	186	18	19	10	10	15	22	14	11	31587
*	3p	+	11	24835	14449	15796	23656	78736	364	245	262	251	136	127	76	170	131	199	151	211	17	19	8	15	26	25	9	11	30964
*	3p	+	12	23228	14738	17408	23347	78721	344	233	313	272	105	119	80	183	147	190	832	172	31	19	13	17	32	29	17	12	30497
*	3p	+	13	24264	14721	16606	23137	78728	394	249	273	273	115	133	87	170	133	175	93	177	30	24	14	22	25	28	18	11	30003
*	3p	+	14	24193	14506	16853	23165	78717	296	256	264	274	128	124	73	160	136	171	109	234	40	20	12	18	47	21	8	15	29544
*	3p	+	15	24396	14378	15328	24606	78708	305	294	270	250	118	154	103	160	145	165	94	182	25	33	21	25	36	30	16	20	29026
*	3p	+	16	23915	14498	15775	24524	78712	314	240	243	249	91	138	91	203	141	187	615	197	38	43	18	21	33	36	11	18	28566
*	3p	+	17	24473	14386	15391	24441	78691	309	235	330	274	114	159	90	184	130	197	90	169	53	45	15	18	49	36	11	24	28068
*	3p	+	18	24364	16068	15253	22998	78683	337	285	300	276	129	117	88	219	125	180	91	176	60	39	19	25	39	45	20	24	27603
*	3p	+	19	25619	14827	15135	23106	78687	336	263	240	294	113	128	89	202	109	190	73	178	54	40	22	25	50	32	23	18	27138
*	3p	+	20	20682	14269	13553	19662	68166	316	261	296	299	110	142	174	219	144	223	95	194	58	64	26	30	60	49	25	24	26667
*	3p	+	21	20392	12389	13042	18685	64508	351	313	289	329	119	144	318	208	146	186	100	178	54	50	37	33	51	49	24	17	26230
*	3p	+	22	19562	11945	13278	18461	63246	349	264	289	287	97	123	94	231	126	174	179	186	61	62	27	31	63	46	21	20	25797
*	3p	+	23	19568	12304	12816	17959	62647	357	262	307	288	112	117	110	218	143	179	81	181	61	55	28	38	81	51	33	26	25380
*	3p	+	24	18323	13084	12648	18307	62362	331	312	343	289	142	123	87	235	128	172	82	201	60	64	32	40	65	44	29	34	24917
*	3p	+	25	18351	13238	12850	17519	61958	330	310	303	300	124	130	88	236	110	196	77	204	72	44	22	45	61	59	29	27	24465
*	3p	+	26	18133	11949	12877	18654	61613	343	323	312	315	100	148	96	192	126	182	65	175	70	53	44	31	78	66	43	32	24008
*	3p	+	27	18149	12257	12093	18893	61392	324	344	304	314	96	135	86	189	139	147	68	185	81	69	38	37	83	60	34	33	23572
*	3p	+	28	17772	12195	13599	17631	61197	299	270	295	314	102	137	86	196	136	195	112	216	73	64	35	37	69	81	34	34	23165
*	3p	+	29	17711	12585	12339	18414	61049	300	295	257	310	106	135	83	206	123	168	76	168	60	81	39	40	76	68	48	30	22761
*	3p	+	30	19014	12408	11893	17582	60897	315	294	269	309	117	126	70	220	111	176	86	162	54	77	31	45	75	75	32	33	22355
*	3p	+	31	18372	11213	13420	17601	60606	297	281	302	299	89	121	72	222	258	189	79	205	70	74	28	35	79	63	26	22	21985
*	3p	+	32	17385	11603	12550	18719	60257	344	290	311	283	122	123	85	205	173	178	77	210	75	57	58	47	78	62	28	29	21608
*	3p	+	33	17418	11372	12313	18761	59864	322	277	256	281	126	142	86	183	159	187	68	195	97	79	46	53	73	57	31	32	21248
*	3p	+	34	17597	11433	11470	18982	59482	288	306	290	293	107	126	109	185	124	189	84	196	93	84	46	38	82	70	23	30	20866
*	3p	+	35	17688	11248	11807	18371	59114	281	293	296	275	120	121	82	196	151	201	64	202	85	97	39	54	81	60	25	24	20513
*	3p	+	36	18620	11326	12254	16342	58542	329	354	254	314	122	125	82	197	126	174	77	187	77	83	39	52	81	61	24	32	20184
*	3p	+	37	17316	10939	12687	17130	58072	311	257	285	606	130	116	82	160	127	202	84	221	63	83	54	46	65	69	28	31	19817
*	3p	+	38	18150	11464	11531	16275	57420	298	290	280	300	89	137	134	165	126	173	89	180	91	96	40	47	75	70	29	38	19484
*	3p	+	39	17998	10807	11915	16263	56983	301	293	289	236	86	113	87	170	109	166	67	186	78	69	39	53	80	71	32	29	19156
*	3p	+	40	17712	10828	11388	16559	56487	269	268	255	245	122	138	79	190	121	149	64	183	92	65	44	54	81	95	25	29	18825
*	3p	+	41	16131	11885	11909	16034	55959	294	286	242	275	105	124	76	210	143	169	70	200	85	81	30	40	88	68	31	27	18462
*	3p	+	42	16542	11029	11937	15915	55423	330	293	282	264	114	154	58	171	133	183	83	163	90	59	57	51	80	71	34	40	18121
*	3p	+	43	16443	10690	11033	16725	54891	312	261	287	287	106	113	65	171	103	164	73	172	83	75	53	50	93	75	37	34	17805
*	3p	+	44	16373	10737	11636	15580	54326	283	272	409	293	102	119	73	161	100	139	79	186	88	65	51	46	85	87	32	37	17453
*	3p	+	45	17135	10434	10718	15394	53681	292	257	263	260	107	133	101	186	104	161	90	145	85	79	44	52	81	92	41	31	17107
*	3p	+	46	16576	10770	10190	15497	53033	261	264	247	301	93	115	78	166	105	162	78	147	87	81	57	49	86	72	30	35	16786
*	3p	+	47	16721	10162	10147	15342	52372	227	284	254	277	93	111	66	177	95	160	75	152	88	91	45	47	85	62	26	40	16474
*	3p	+	48	15166	11480	10029	15038	51713	284	269	231	281	121	137	83	214	128	144	61	171	85	80	45	43	81	68	27	33	16151
*	3p	+	49	15023	9905	9729	16399	51056	270	229	262	641	96	113	82	197	97	136	70	158	89	70	45	36	86	69	31	30	15858
*	3p	+	50	16024	9758	9839	14759	50380	237	264	276	232	97	115	69	166	85	138	59	160	94	101	50	41	71	65	35	41	15516
*	3p	+	51	15145	10401	9673	14569	49788	276	266	248	247	90	116	85	186	114	156	61	162	82	98	41	47	86	81	30	29	15223
*	3p	+	52	14480	10272	10126	14258	49136	236	251	223	233	108	130	153	969	82	163	61	152	92	80	41	40	93	73	28	34	14893
*	3p	+	53	15416	9447	9506	14132	48501	213	229	253	200	82	106	58	165	105	149	72	186	97	84	37	45	75	95	15	41	14571
*	3p	+	54	15203	9438	9223	13974	47838	224	249	226	252	81	120	51	154	117	139	56	136	77	93	36	54	85	81	39	27	14294
*	3p	+	55	13641	10451	9088	14072	47252	254	256	232	223	80	121	53	153	84	129	80	150	84	82	48	47	73	73	25	38	14028
*	3p	+	56	13430	9142	9007	15015	46594	250	243	209	226	96	107	62	134	109	133	60	147	87	72	35	59	68	78	34	42	13730
*	3p	+	57	13655	8784	8687	14831	45957	213	281	225	217	93	121	64	137	100	147	60	130	79	69	47	42	77	83	29	28	13458
*	3p	+	58	13321	8916	8629	14464	45330	281	219	183	202	67	107	68	144	90	120	54	165	77	61	37	44	80	69	35	32	13138
*	3p	+	59	13278	8740	9376	13261	44655	246	204	235	190	88	104	77	139	93	119	59	139	69	70	37	44	87	67	19	30	12865
*	3p	+	60	13430	9252	8376	12915	43973	222	241	199	223	107	110	71	126	88	121	61	149	65	86	47	29	76	65	25	30	12581
*	3p	+	61	13449	8507	8616	12713	43285	181	235	184	210	106	88	51	125	81	116	57	133	81	79	31	46	74	67	27	30	12315
*	3p	+	62	12460	8984	8154	12994	42592	195	208	218	225	77	91	45	117	83	127	78	138	73	84	46	30	71	56	25	33	12043
*	3p	+	63	13002	8284	7981	12546	41813	230	234	218	203	83	104	58	113	74	140	70	139	69	72	28	47	74	65	28	24	11764
*	3p	+	64	12679	8041	8454	11952	41126	230	234	175	195	79	81	53	112	94	113	57	114	52	74	42	38	69	64	29	17	11509
*	3p	+	65	12894	7825	7638	12061	40418	202	204	195	223	85	100	65	111	83	116	61	127	75	74	34	44	65	58	19	27	11241
*	3p	+	66	12707	7910	7606	11458	39681	181	204	191	183	75	87	62	114	84	117	40	122	73	58	39	46	58	58	32	24	10963
*	3p	+	67	11690	8452	7513	11331	38986	199	232	193	202	62	85	62	181	84	99	57	134	88	63	29	28	55	53	26	25	10722
*	3p	+	68	11634	7340	8006	11276	38256	184	181	161	174	67	101	53	99	75	105	33	117	63	62	33	30	54	54	24	31	10433
*	3p	+	69	11418	7398	7772	10957	37545	173	215	162	185	72	78	60	101	79	99	62	130	63	61	33	30	63	53	19	25	10165
*	3p	+	70	11325	7116	7202	11160	36803	164	208	186	154	77	89	50	108	70	116	37	130	62	72	26	24	72	56	22	22	9892
*	3p	-	1	19986	14645	16668	20888	72187	749	158	236	220	105	100	78	118	127	113	75	132	0	0	0	0	0	1	0	1	33514
*	3p	-	2	23584	13722	12463	22419	72188	503	130	140	170	74	59	29	91	61	93	55	80	1	0	3	0	0	2	0	0	33482
*	3p	-	3	22406	13523	14073	22183	72185	339	125	122	124	37	59	35	92	63	69	39	97	1	1	1	0	3	2	0	1	33005
*	3p	-	4	21944	13512	13472	23217	72145	261	128	139	99	43	70	41	82	56	55	35	98	7	23	5	8	17	18	8	5	32408
*	3p	-	5	21739	13572	13444	23387	72142	225	132	140	127	45	43	41	81	62	67	32	75	8	13	9	7	21	23	5	2	31738
*	3p	-	6	21409	13951	12976	23816	72152	346	236	222	230	83	125	75	153	111	158	96	171	16	19	5	5	13	11	6	9	30995
*	3p	-	7	22826	13760	13494	22075	72155	346	224	232	214	81	140	63	162	94	153	61	187	17	12	10	9	22	6	6	3	30502
*	3p	-	8	22430	14008	13619	22092	72149	313	230	237	209	96	120	79	180	110	161	61	165	22	22	10	9	13	22	2	6	29996
*	3p	-	9	23252	13317	13899	21659	72127	323	203	220	201	86	119	63	166	106	175	93	180	22	35	12	8	28	26	3	7	29475
*	3p	-	10	22166	13933	13192	22818	72109	312	230	215	216	92	130	65	158	111	152	66	176	37	26	12	15	27	31	10	13	28992
*	3p	-	11	21407	14307	14047	22331	72092	288	246	230	214	102	120	71	201	131	162	76	188	34	32	19	20	41	30	11	14	28491
*	3p	-	12	21353	14249	14249	22240	72091	309	225	236	253	101	112	133	141	123	190	80	175	36	34	19	23	36	39	10	13	28064
*	3p	-	13	21862	14045	13704	22462	72073	299	240	243	248	121	101	75	179	112	153	63	164	42	30	27	20	33	38	23	20	27610
*	3p	-	14	21966	13627	13716	22756	72065	303	190	252	252	181	96	62	179	122	158	88	204	43	37	31	28	32	54	19	14	27198
*	3p	-	15	21961	13847	13944	22322	72074	286	241	243	266	142	113	65	175	131	161	86	187	43	43	29	28	37	45	13	21	26771
*	3p	-	16	21800	14276	13517	22473	72066	288	214	240	221	112	132	78	196	122	173	57	182	52	42	24	24	41	38	21	24	26336
*	3p	-	17	21863	13741	13647	22788	72039	263	225	288	212	174	122	74	162	139	176	136	175	56	39	27	37	57	60	16	16	25905
*	3p	-	18	21862	13832	13870	22479	72043	346	206	235	239	106	102	78	161	136	162	82	209	55	44	28	32	52	56	17	20	25466
*	3p	-	19	21490	14308	13643	22606	72047	269	239	260	251	106	135	63	161	118	161	59	174	64	52	31	29	49	50	22	22	25049
*	3p	-	20	18380	12256	11786	19110	61532	295	269	274	252	107	129	77	152	131	169	78	195	62	46	39	25	52	54	26	20	24635
*	3p	-	21	17217	11329	11262	17989	57797	307	264	267	296	95	145	85	178	136	151	94	185	58	58	41	34	64	50	24	32	24246
*	3p	-	22	16695	11696	10841	17286	56518	290	272	240	254	131	118	74	187	121	158	81	199	75	61	42	38	60	64	29	20	23867
*	3p	-	23	16883	11366	10714	17033	55996	286	249	305	250	126	124	70	181	131	158	84	205	71	77	37	25	64	46	23	27	23465
*	3p	-	24	16457	11582	10669	16971	55679	299	277	280	260	105	127	77	182	107	223	67	184	81	58	31	26	61	61	20	21	23044
*	3p	-	25	16283	11236	10713	17032	55264	275	277	233	252	97	134	110	167	108	188	116	201	65	47	45	36	71	74	18	30	22706
*	3p	-	26	16302	11332	10747	16624	55005	286	249	247	227	122	143	76	186	120	172	69	197	70	62	34	29	61	64	29	21	22358
*	3p	-	27	15748	11516	10866	16619	54749	272	247	276	249	110	131	73	193	122	168	75	189	68	75	27	33	68	65	29	24	21998
*	3p	-	28	15835	11374	10591	16744	54544	282	289	257	238	114	147	87	171	122	159	78	221	65	62	42	31	67	75	26	18	21659
*	3p	-	29	15904	10845	10711	16933	54393	246	250	273	273	105	115	87	187	116	159	84	168	72	67	48	30	69	75	24	36	21320
*	3p	-	30	15982	11173	10569	16517	54241	320	260	254	302	92	108	83	163	110	161	74	167	64	54	33	38	71	77	29	20	21008
*	3p	-	31	15960	11000	10629	16334	53923	270	254	279	246	113	104	88	147	133	175	62	216	70	68	33	27	71	75	32	24	20669
*	3p	-	32	15762	10979	10604	16264	53609	302	263	261	260	105	116	77	149	112	164	67	179	77	60	35	38	64	76	21	32	20348
*	3p	-	33	15648	10821	10532	16224	53225	295	270	267	242	128	129	98	160	102	162	105	197	65	58	37	26	61	85	35	27	20046
*	3p	-	34	15427	10998	10409	16045	52879	296	244	254	260	101	130	74	192	108	148	79	171	70	53	47	30	66	84	34	27	19715
*	3p	-	35	15722	10526	10510	15771	52529	283	252	293	258	107	119	84	172	107	160	102	180	76	54	37	35	67	79	39	29	19393
*	3p	-	36	15431	10702	10478	15344	51955	281	288	268	241	102	117	89	191	131	125	77	210	70	74	58	41	85	69	24	31	19063
*	3p	-	37	15381	10441	10250	15463	51535	278	224	272	245	102	129	90	151	104	147	71	215	87	63	52	38	77	56	26	20	18740
*	3p	-	38	15176	10377	10108	15442	51103	298	242	301	266	96	113	87	165	126	142	91	178	79	82	35	27	72	64	22	25	18451
*	3p	-	39	15013	10390	10255	15014	50672	280	258	278	229	79	133	103	153	93	146	90	203	66	78	54	43	58	77	22	34	18125
*	3p	-	40	14760	10497	9872	15114	50243	269	233	265	257	105	115	66	150	105	145	69	176	85	83	51	31	66	73	23	32	17825
*	3p	-	41	14794	9866	9895	15183	49738	280	239	283	259	95	114	66	158	99	151	84	212	73	78	46	39	60	58	22	35	17504
*	3p	-	42	14546	9981	9944	14672	49143	273	262	244	222	104	116	65	145	100	146	87	196	82	95	41	30	67	79	22	23	17214
*	3p	-	43	14460	9759	9729	14721	48669	284	256	263	236	114	132	64	143	99	158	57	253	66	80	43	33	66	72	31	19	16860
*	3p	-	44	14385	9603	9684	14503	48175	248	226	257	226	98	116	80	142	108	163	60	171	80	75	52	39	69	84	22	23	16549
*	3p	-	45	14231	9658	9453	14224	47566	232	251	236	246	112	107	76	111	111	126	68	160	86	68	36	32	62	82	28	24	16277
*	3p	-	46	13842	9680	9358	14087	46967	256	245	292	224	105	103	68	142	113	147	74	174	76	74	36	43	72	83	38	22	15976
*	3p	-	47	13728	9459	9281	13862	46330	243	238	236	207	93	99	76	147	103	151	74	185	77	82	44	24	70	88	21	31	15698
*	3p	-	48	13710	9091	9037	13881	45719	241	215	241	242	102	95	83	125	100	133	75	163	83	72	34	32	68	66	33	23	15412
*	3p	-	49	13462	9065	8991	13658	45176	257	214	212	192	98	130	75	155	92	130	69	147	85	84	37	53	61	86	31	19	15125
*	3p	-	50	13304	8848	8971	13464	44587	232	208	244	221	94	111	74	131	92	117	49	125	78	79	47	43	66	72	24	32	14837
*	3p	-	51	13127	9009	8701	13218	44055	254	211	215	197	88	79	67	125	96	127	61	144	68	72	41	44	56	68	23	26	14556
*	3p	-	52	13053	8804	8752	12930	43539	226	206	192	217	80	98	70	128	88	133	60	151	73	67	43	48	61	63	18	30	14263
*	3p	-	53	12675	8727	8455	13084	42941	208	204	213	213	75	84	99	155	96	156	57	169	85	70	38	35	45	67	25	18	13971
*	3p	-	54	12770	8351	8391	12803	42315	197	197	222	218	82	89	78	118	98	129	63	155	101	63	33	33	74	54	31	20	13691
*	3p	-	55	12246	8606	8387	12460	41699	225	239	212	213	64	100	80	116	79	143	69	146	65	69	44	30	71	53	26	24	13440
*	3p	-	56	12261	8264	8089	12535	41149	245	210	209	196	89	103	86	136	70	138	59	137	66	69	35	41	51	64	30	23	13189
*	3p	-	57	12066	8138	8109	12237	40550	214	225	220	227	86	103	72	120	75	119	57	139	69	65	40	44	67	63	25	29	12890
*	3p	-	58	11874	8096	7884	12163	40017	205	229	192	191	70	118	73	100	94	118	58	157	74	76	42	37	67	58	30	23	12610
*	3p	-	59	11912	7818	7930	11774	39434	210	201	177	175	81	97	85	126	95	112	64	157	68	73	35	46	52	46	25	28	12353
*	3p	-	60	11979	7807	7651	11400	38837	214	203	193	183	91	90	67	116	76	114	49	112	81	66	34	39	59	51	26	21	12087
*	3p	-	61	11586	7719	7633	11280	38218	207	178	177	169	81	98	73	99	73	116	65	138	65	54	38	35	64	58	25	26	11825
*	3p	-	62	11219	7664	7645	11069	37597	204	202	195	176	78	84	76	114	59	93	43	146	55	52	64	30	51	68	25	19	11575
*	3p	-	63	11172	7475	7290	10995	36932	218	191	171	183	77	86	77	102	85	91	51	118	78	56	35	30	63	58	21	18	11329
*	3p	-	64	10829	7308	7316	10861	36314	204	183	185	162	81	75	77	77	80	122	37	149	54	69	30	38	62	55	21	20	11073
*	3p	-	65	10788	7054	7074	10716	35632	174	196	163	161	76	84	65	96	79	91	55	136	61	69	30	36	60	57	26	23	10840
*	3p	-	66	10352	7191	7017	10504	35064	176	177	146	173	63	71	70	93	85	98	57	125	59	59	38	34	45	62	18	16	10565
*	3p	-	67	10265	6853	6822	10485	34425	185	173	161	173	68	74	74	96	77	101	49	98	59	67	46	28	50	53	21	16	10332
*	3p	-	68	10126	6855	6747	10040	33768	165	159	168	158	72	75	63	114	65	106	43	122	67	54	41	39	51	55	27	22	10083
*	3p	-	69	9613	6767	6730	9989	33099	183	153	176	167	69	75	66	92	65	91	44	108	60	67	35	20	46	62	22	25	9818
*	3p	-	70	9643	6461	6445	9867	32416	169	178	170	154	56	70	61	79	76	88	36	102	69	69	31	35	48	51	29	24	9527
*	5p	+	1	22257	19119	16845	20573	78794	214	248	313	323	145	89	98	154	117	119	111	103	0	0	0	0	2	2	2	3	32643
*	5p	+	2	24991	13496	15315	25000	78802	169	304	234	186	52	95	52	98	78	106	36	101	3	1	0	6	1	0	0	0	32598
*	5p	+	3	24345	15649	14310	24503	78807	170	217	146	197	84	67	46	104	48	67	47	113	2	3	1	4	0	2	0	0	32166
*	5p	+	4	25798	14641	14506	23819	78764	170	189	144	184	73	69	38	110	56	81	40	118	23	12	7	11	15	17	7	6	31642
*	5p	+	5	25730	14714	14929	23391	78764	127	161	145	157	81	54	42	96	44	76	54	111	20	15	7	8	15	22	4	6	31008
*	5p	+	6	26289	13606	15298	23574	78767	289	266	268	212	92	113	94	157	99	189	78	203	18	17	6	9	16	17	6	5	30287
*	5p	+	7	23980	14679	14812	25282	78753	219	286	237	232	111	134	53	193	94	134	75	169	21	24	9	13	21	24	4	8	29883
*	5p	+	8	23898	15314	15102	24424	78738	258	283	212	302	106	133	71	187	114	159	99	192	29	26	14	16	33	26	4	9	29474
*	5p	+	9	23652	15213	14333	25523	78721	214	264	247	263	119	110	75	180	110	152	64	189	37	24	16	12	33	37	6	13	29024
*	5p	+	10	25217	14405	14916	24177	78715	261	277	245	269	105	130	76	159	111	154	75	173	43	34	15	19	38	32	9	14	28637
*	5p	+	11	24557	15626	15679	22831	78693	271	298	279	272	98	124	93	161	110	162	80	166	33	36	18	24	41	43	13	18	28213
*	5p	+	12	24186	15564	15767	23180	78697	269	279	285	306	123	114	105	163	132	138	246	158	45	43	16	24	38	40	19	13	27887
*	5p	+	13	24441	15058	15187	23971	78657	249	312	300	267	107	102	76	145	144	162	81	162	31	57	20	25	50	61	20	19	27519
*	5p	+	14	24839	14852	14705	24270	78666	276	315	268	265	109	151	84	161	242	159	54	195	40	52	26	23	55	44	19	23	27209
*	5p	+	15	24264	15262	15324	23811	78661	241	283	285	287	91	132	103	199	157	153	75	179	48	39	28	30	49	56	18	23	26848
*	5p	+	16	24482	14872	15487	23812	78653	239	291	265	287	99	139	85	196	127	143	82	220	49	43	21	30	58	52	18	23	26499
*	5p	+	17	24574	15068	15102	23916	78660	270	322	271	272	104	102	321	164	216	130	74	195	62	50	26	27	49	56	24	19	26186
*	5p	+	18	24745	15379	15057	23462	78643	216	395	263	317	122	126	87	202	103	161	67	170	55	43	28	40	41	65	30	29	25863
*	5p	+	19	24846	15076	15091	23644	78657	256	269	270	306	104	128	63	205	107	161	71	185	54	49	23	33	48	48	28	25	25569
*	5p	+	20	20771	13472	13587	20335	68165	298	326	294	317	130	156	81	214	140	208	81	193	52	66	26	28	56	62	24	18	25230
*	5p	+	21	20105	12541	12799	19027	64472	311	322	363	315	129	138	83	185	122	173	105	223	66	81	21	44	57	74	21	27	24948
*	5p	+	22	19496	12230	12589	18915	63230	271	318	330	317	120	147	88	186	136	168	92	167	68	65	41	44	64	58	22	23	24709
*	5p	+	23	18831	12071	12859	18892	62653	305	279	318	374	112	139	107	169	99	180	78	209	91	69	31	42	66	65	31	23	24445
*	5p	+	24	18853	12260	12908	18338	62359	344	314	286	318	97	129	91	188	126	155	91	203	60	70	31	42	61	66	34	15	24176
*	5p	+	25	19611	11985	12189	18139	61924	290	293	269	286	110	136	143	186	103	147	114	196	79	64	27	43	70	76	32	33	23908
*	5p	+	26	19136	11935	12741	17834	61646	294	303	270	328	112	154	85	199	133	189	79	179	73	72	38	27	68	68	28	21	23640
*	5p	+	27	18884	11885	12908	17732	61409	291	293	268	317	122	136	78	211	122	171	86	234	70	74	52	44	64	65	29	35	23389
*	5p	+	28	18943	11862	12455	17987	61247	352	302	272	308	110	100	86	248	132	170	88	179	83	74	46	48	60	64	23	21	23114
*	5p	+	29	19093	12049	12131	17806	61079	296	301	287	337	103	127	85	201	118	156	102	203	90	76	43	46	68	62	32	30	22837
*	5p	+	30	18870	11818	12744	17468	60900	290	273	373	299	100	157	84	174	126	182	94	216	95	76	48	48	80	67	17	47	22591
*	5p	+	31	18346	12085	12377	17774	60582	252	271	278	263	105	127	79	159	132	181	126	193	80	83	42	55	65	75	38	36	22329
*	5p	+	32	18570	11989	12016	17638	60213	303	292	284	295	95	110	80	196	106	184	94	177	88	82	43	37	88	91	31	34	22064
*	5p	+	33	18516	12026	11849	17430	59821	312	283	291	293	107	137	114	200	146	168	101	185	82	73	40	51	91	71	26	49	21851
*	5p	+	34	18422	11698	12167	17177	59464	294	254	265	308	118	116	105	169	122	206	71	190	69	81	33	43	78	77	35	35	21602
*	5p	+	35	17889	11793	11550	17854	59086	288	263	286	310	110	116	76	189	142	154	86	164	75	85	39	40	87	78	23	31	21382
*	5p	+	36	17235	11887	11973	17421	58516	323	263	307	307	107	135	79	180	111	164	107	188	63	85	45	50	78	76	31	40	21158
*	5p	+	37	17423	11807	11671	17167	58068	287	288	254	288	103	130	84	220	128	164	118	146	80	79	46	44	73	57	41	27	20912
*	5p	+	38	17484	11259	11552	17126	57421	306	295	256	349	102	117	69	209	142	152	114	161	77	78	48	34	82	59	42	29	20660
*	5p	+	39	16967	11572	11735	16713	56987	327	278	278	301	89	127	78	233	124	158	104	181	91	73	37	46	76	72	28	34	20405
*	5p	+	40	17199	11352	11869	16070	56490	264	308	252	272	118	127	87	197	110	164	101	184	85	76	33	44	81	68	39	40	20153
*	5p	+	41	17047	11191	11033	16678	55949	302	275	273	324	103	138	81	198	134	181	88	184	80	77	48	48	79	80	41	27	19925
*	5p	+	42	16628	11023	11518	16259	55428	320	297	264	335	107	148	70	193	124	162	83	160	92	68	43	44	84	77	33	26	19687
*	5p	+	43	16293	11297	10982	16373	54945	285	302	252	288	104	112	72	343	142	166	85	165	88	65	56	35	60	67	29	27	19446
*	5p	+	44	16625	11130	10804	15817	54376	328	286	265	301	95	134	77	188	106	134	69	159	70	73	38	51	62	59	29	41	19235
*	5p	+	45	16190	10708	10790	16027	53715	277	295	263	264	112	111	102	199	103	171	91	177	73	71	39	45	67	80	29	35	19008
*	5p	+	46	16071	10602	10712	15659	53044	305	271	256	399	87	105	87	148	126	148	79	155	94	60	43	33	80	67	35	30	18755
*	5p	+	47	15927	10600	10510	15327	52364	313	246	264	248	106	111	109	262	110	146	110	163	79	79	40	43	78	80	34	30	18553
*	5p	+	48	15575	10584	10359	15202	51720	283	289	250	290	91	115	74	148	83	150	115	162	69	79	56	42	83	74	19	27	18343
*	5p	+	49	15498	9889	10704	14996	51087	249	232	246	251	95	99	65	133	93	140	95	171	89	86	37	57	61	61	29	33	18119
*	5p	+	50	15006	10441	10108	14844	50399	285	243	257	261	96	117	57	182	93	148	89	185	72	73	58	45	71	69	26	26	17882
*	5p	+	51	15068	9894	10242	14604	49808	292	226	229	257	77	105	65	147	121	141	97	162	79	81	47	51	67	73	27	38	17675
*	5p	+	52	14600	9941	9746	14885	49172	234	249	248	233	112	106	68	134	107	121	84	165	73	80	42	42	69	81	22	20	17459
*	5p	+	53	14605	9666	10116	14142	48529	271	236	226	239	88	106	63	140	94	147	78	213	82	68	49	51	72	67	33	26	17261
*	5p	+	54	14514	9639	9415	14290	47858	299	202	215	266	93	112	64	139	123	124	96	155	84	82	36	35	87	77	17	31	17058
*	5p	+	55	14146	9424	9865	13824	47259	287	237	219	234	90	110	64	135	95	132	80	166	90	79	37	35	77	70	25	29	16860
*	5p	+	56	14147	9248	9323	13903	46621	249	221	229	237	107	108	55	154	94	129	100	173	68	76	38	43	82	64	23	27	16626
*	5p	+	57	13721	9330	9264	13661	45976	242	269	244	346	70	107	69	144	87	135	84	152	73	73	31	50	71	73	33	22	16413
*	5p	+	58	13395	8993	9421	13550	45359	240	203	230	223	56	114	66	158	92	137	89	157	69	83	43	36	58	63	36	30	16182
*	5p	+	59	13478	8835	8792	13579	44684	243	227	187	214	65	108	55	126	100	140	127	136	65	69	43	43	63	56	23	33	15982
*	5p	+	60	13269	8570	8730	13423	43992	284	218	208	229	86	110	55	116	75	155	89	131	66	74	31	36	74	58	16	28	15779
*	5p	+	61	13113	8465	8483	13246	43307	243	204	210	190	78	116	59	132	109	114	84	111	69	70	48	30	57	69	22	28	15568
*	5p	+	62	12538	8604	8750	12707	42599	287	220	187	216	89	101	64	134	94	125	96	117	67	66	30	64	69	61	21	24	15356
*	5p	+	63	12607	8189	8475	12560	41831	232	196	206	216	64	106	67	138	96	103	83	134	67	89	40	35	63	53	30	27	15145
*	5p	+	64	12178	8372	8340	12240	41130	225	205	166	181	69	87	57	114	86	99	76	142	67	63	43	35	63	62	22	28	14936
*	5p	+	65	11929	8206	7925	12343	40403	234	179	186	168	74	90	79	213	70	114	67	129	54	68	33	35	76	54	22	33	14735
*	5p	+	66	11627	8244	7974	11833	39678	212	213	185	161	75	98	53	146	94	129	88	123	64	57	45	31	65	61	28	21	14524
*	5p	+	67	11741	7794	7778	11668	38981	270	211	169	188	81	103	70	129	83	111	80	111	57	68	34	34	49	75	14	25	14340
*	5p	+	68	11479	7433	7823	11530	38265	246	200	187	184	84	92	53	120	77	127	78	113	58	54	44	33	65	50	19	19	14129
*	5p	+	69	11033	7746	7590	11176	37545	225	182	176	178	73	87	60	103	80	131	84	107	57	53	31	25	51	61	19	29	13933
*	5p	+	70	11041	7357	7441	10974	36813	225	185	165	178	59	92	59	101	86	107	94	112	61	44	32	33	61	57	28	16	13695
*	5p	-	1	20545	17424	14805	19401	72175	173	196	234	299	148	73	92	112	134	104	101	93	0	0	0	0	2	2	3	1	31883
*	5p	-	2	21471	12699	14534	23474	72178	162	236	168	124	66	82	67	64	74	89	34	102	0	0	0	1	2	2	2	1	31827
*	5p	-	3	21450	15865	12392	22475	72182	160	186	129	138	45	54	44	82	57	88	46	129	1	0	0	0	4	0	2	0	31439
*	5p	-	4	22318	15103	12626	22127	72174	155	182	134	143	60	62	51	88	37	82	27	105	1	3	2	4	5	1	3	4	30959
*	5p	-	5	22723	14300	13200	21953	72176	136	187	133	162	55	69	40	73	52	86	43	107	4	3	2	10	1	4	3	5	30363
*	5p	-	6	23254	13285	14384	21250	72173	283	251	249	212	82	89	88	126	98	151	53	177	6	10	3	7	4	3	4	4	29712
*	5p	-	7	20597	13539	13317	24720	72173	242	266	203	234	77	122	73	134	106	151	52	144	5	11	2	5	4	8	3	2	29289
*	5p	-	8	20903	14603	13306	23358	72170	205	251	251	218	119	126	90	130	103	133	63	157	14	8	2	9	3	9	3	5	28912
*	5p	-	9	20901	14494	12883	23867	72145	212	256	214	201	85	118	104	132	97	117	67	179	15	13	18	16	13	19	5	7	28491
*	5p	-	10	22110	13499	13192	23328	72129	215	242	188	195	77	103	100	127	91	123	58	170	13	26	14	12	21	20	11	7	28089
*	5p	-	11	22092	14497	13457	22075	72121	254	240	255	229	84	111	104	134	110	159	74	161	13	25	10	9	23	25	10	10	27651
*	5p	-	12	21255	15837	13530	21505	72127	252	302	270	261	93	127	581	135	101	161	74	177	24	27	15	12	22	23	12	8	27325
*	5p	-	13	21518	15066	13419	22119	72122	284	260	248	276	91	121	81	131	109	134	63	163	26	22	21	14	20	25	15	9	26985
*	5p	-	14	21352	15269	13470	22008	72099	230	245	223	236	89	116	87	178	90	126	75	175	26	36	29	12	30	36	18	8	26635
*	5p	-	15	22395	14386	13131	22185	72097	239	228	250	264	96	97	68	126	93	170	106	162	29	24	23	15	28	37	21	10	26267
*	5p	-	16	22411	14544	13311	21824	72090	245	254	216	251	98	122	393	148	96	126	69	162	24	36	12	21	22	40	22	15	25939
*	5p	-	17	22591	14359	13042	22075	72067	249	247	228	273	106	115	68	152	111	156	63	177	39	45	26	15	54	41	14	16	25649
*	5p	-	18	21379	14055	14420	22214	72068	260	253	275	239	85	114	55	135	90	145	80	193	49	36	22	16	43	41	20	21	25368
*	5p	-	19	21479	14006	13379	23196	72060	236	239	246	229	103	122	59	126	119	138	61	164	45	26	24	17	43	42	24	24	25067
*	5p	-	20	17987	12591	12479	18497	61554	282	290	302	261	131	140	73	155	124	170	135	193	36	44	24	18	43	55	18	15	24810
*	5p	-	21	16884	11809	11089	18042	57824	309	267	313	267	97	119	77	170	134	165	148	171	53	37	21	24	34	59	26	23	24520
*	5p	-	22	16547	11876	10743	17382	56548	279	252	257	232	108	135	141	129	122	152	83	191	44	52	29	27	40	63	23	17	24221
*	5p	-	23	16456	11559	10911	17079	56005	257	266	252	219	121	113	87	149	98	125	76	163	63	49	25	22	54	46	28	22	23955
*	5p	-	24	16530	11499	11339	16327	55695	270	287	268	283	116	126	79	152	104	149	86	198	59	54	30	28	50	52	23	23	23686
*	5p	-	25	15930	11656	11319	16412	55317	268	267	265	255	95	119	69	156	110	152	86	185	61	52	44	30	46	51	23	23	23401
*	5p	-	26	16493	11527	10767	16241	55028	285	279	262	237	101	131	74	168	115	133	68	179	66	49	31	39	52	49	24	29	23124
*	5p	-	27	16885	10924	10754	16188	54751	285	278	282	285	94	146	77	132	102	162	82	193	72	65	32	44	53	76	16	42	22889
*	5p	-	28	15625	12094	10833	15983	54535	296	236	252	261	104	139	74	168	125	182	74	197	66	61	51	38	55	71	36	34	22649
*	5p	-	29	16200	11451	10969	15782	54402	276	261	255	262	86	112	82	133	121	142	72	166	93	49	28	40	68	68	25	36	22418
*	5p	-	30	15678	10740	10677	17176	54271	261	246	262	274	95	103	52	150	112	142	78	169	66	59	31	37	59	58	26	26	22184
*	5p	-	31	15897	11731	10073	16271	53972	240	246	272	289	216	123	82	162	115	177	54	195	59	74	40	29	55	52	26	25	21911
*	5p	-	32	16395	11289	10322	15616	53622	285	231	253	279	128	140	71	143	116	141	69	186	68	73	41	42	72	62	28	19	21653
*	5p	-	33	16573	11262	10201	15216	53252	258	283	274	253	127	121	64	166	110	162	67	164	75	81	46	39	79	59	20	25	21422
*	5p	-	34	16619	10384	10174	15720	52897	292	257	219	230	105	107	70	172	100	146	97	179	75	88	33	55	67	66	26	34	21182
*	5p	-	35	16155	10660	10202	15549	52566	253	247	263	251	118	124	60	159	111	137	69	163	74	65	49	30	67	69	19	22	20954
*	5p	-	36	14824	10982	9904	16259	51969	303	267	254	237	104	94	62	147	119	146	79	184	59	58	39	42	57	79	28	31	20732
*	5p	-	37	15334	11391	9753	15027	51505	238	245	422	209	94	128	72	178	129	156	56	156	60	56	49	43	68	81	24	36	20519
*	5p	-	38	14679	10254	10079	16056	51068	307	251	267	237	103	122	69	161	126	151	106	172	60	81	46	40	78	85	24	31	20346
*	5p	-	39	14615	10489	9678	15878	50660	276	274	252	261	103	133	78	165	119	159	66	170	61	62	43	39	78	67	27	34	20146
*	5p	-	40	14812	10167	9720	15523	50222	268	283	251	214	81	94	65	154	116	156	63	182	83	81	37	35	99	69	22	26	19900
*	5p	-	41	14580	10295	10382	14440	49697	284	253	243	222	89	112	79	133	116	143	87	187	79	69	55	33	78	75	37	26	19682
*	5p	-	42	14277	10436	9829	14571	49113	272	265	193	216	88	115	66	161	114	151	76	184	75	67	44	39	82	71	35	33	19457
*	5p	-	43	14754	9797	9532	14535	48618	264	238	236	227	97	94	70	130	97	126	65	152	77	76	48	37	90	85	36	29	19235
*	5p	-	44	14085	10307	9576	14178	48146	264	263	250	327	102	117	65	133	98	153	67	148	82	86	47	40	80	76	29	42	19032
*	5p	-	45	13996	9578	9042	14919	47535	255	258	206	276	78	118	68	154	100	169	83	166	88	83	40	51	75	83	33	37	18807
*	5p	-	46	13661	9200	9631	14464	46956	283	239	232	222	89	120	73	154	105	137	51	144	89	80	39	45	83	76	28	39	18585
*	5p	-	47	13737	9012	8936	14627	46312	248	266	258	211	93	114	64	129	87	121	70	164	71	96	42	40	70	95	31	32	18349
*	5p	-	48	13184	9085	9812	13612	45693	302	238	218	207	85	89	55	111	90	152	77	203	72	81	41	38	84	77	25	31	18146
*	5p	-	49	14399	8769	8758	13245	45171	260	220	507	191	91	121	60	144	105	145	73	158	89	75	47	39	78	60	38	25	17928
*	5p	-	50	13131	8867	8680	13912	44590	237	222	229	251	71	113	66	120	98	138	49	175	86	62	55	37	61	73	27	30	17725
*	5p	-	51	12979	8664	9164	13223	44030	266	224	219	201	95	104	50	119	99	146	73	171	84	75	49	36	67	64	31	31	17493
*	5p	-	52	12895	8844	9033	12760	43532	237	224	205	189	94	97	49	163	73	118	144	666	92	71	50	50	60	51	32	34	17269
*	5p	-	53	12794	8359	8491	13260	42904	249	204	225	178	104	102	60	145	112	128	57	157	91	80	44	47	62	80	30	17	17080
*	5p	-	54	12525	8230	8257	13306	42318	232	214	215	200	83	134	56	130	83	110	65	139	82	80	37	39	62	70	23	20	16879
*	5p	-	55	12522	8016	9050	12105	41693	245	210	189	199	77	107	48	125	77	149	46	154	93	68	41	32	67	62	21	31	16665
*	5p	-	56	13147	8083	7891	12026	41147	256	213	204	202	107	84	65	150	89	111	46	135	73	66	45	32	53	59	33	24	16465
*	5p	-	57	12894	7934	7741	11995	40564	261	216	193	181	87	103	48	118	73	117	50	134	68	74	39	47	54	63	29	24	16266
*	5p	-	58	12447	7817	7971	11773	40008	268	243	161	193	67	92	50	111	94	140	64	117	63	79	48	33	67	63	28	25	16059
*	5p	-	59	11720	8162	7824	11688	39394	264	200	176	193	85	80	71	132	65	120	71	126	77	64	46	27	72	67	28	23	15847
*	5p	-	60	11420	7705	8184	11492	38801	242	220	178	180	62	74	42	123	95	103	64	144	75	60	47	33	74	69	35	15	15643
*	5p	-	61	11389	7549	7490	11792	38220	206	177	156	153	70	94	55	114	83	98	43	94	71	66	38	45	54	64	28	26	15432
*	5p	-	62	11312	7226	7838	11206	37582	242	164	218	176	62	85	57	100	62	127	45	141	64	76	33	40	73	58	22	17	15222
*	5p	-	63	11112	7118	7230	11468	36928	213	163	182	193	65	86	44	115	86	126	37	122	81	69	23	34	51	63	28	22	15005
*	5p	-	64	10701	7455	7009	11131	36296	237	190	191	161	73	85	42	112	72	124	49	102	61	57	35	35	69	57	31	18	14802
*	5p	-	65	10569	6955	6916	11185	35625	230	175	179	192	70	79	55	113	79	119	59	105	66	57	43	33	69	68	16	24	14610
*	5p	-	66	10271	6803	6903	11058	35035	231	161	107	183	84	90	52	108	61	106	51	116	71	52	38	39	63	68	20	19	14428
*	5p	-	67	10111	6700	7213	10378	34402	207	154	158	163	46	85	51	111	83	104	44	138	54	54	40	32	51	65	24	23	14242
*	5p	-	68	10067	6933	6592	10191	33783	191	154	165	163	60	62	53	111	85	99	39	99	76	62	20	22	36	56	26	22	14054
*	5p	-	69	9732	6844	6534	10003	33113	225	172	153	166	66	78	43	111	83	118	44	98	64	55	37	43	50	48	24	21	13861
*	5p	-	70	9683	6348	6408	9986	32425	202	139	158	126	51	76	42	106	64	107	47	92	62	65	33	30	51	54	16	22	13660
