# table produced by mapDamage version 2.2.1
# using mapped file CviAPal037.merged.L103.realn.bam and reference.ssl.Cvi20k_rename.fasta as reference file
# Chr: reference from sam/bam header, End: from which termini of DNA sequences, Std: strand of reads
Chr	End	Std	Pos	A	C	G	T	Total	G>A	C>T	A>G	T>C	A>C	A>T	C>G	C>A	T>G	T>A	G>C	G>T	A>-	T>-	C>-	G>-	->A	->T	->C	->G	S
*	3p	+	1	58328	43875	54311	59947	216461	2703	559	778	675	303	322	272	343	353	330	284	327	0	0	0	0	1	5	6	8	82117
*	3p	+	2	69616	44993	40443	61445	216497	1771	477	439	545	225	217	123	346	220	297	210	245	0	1	0	1	5	4	7	0	81989
*	3p	+	3	65675	38864	50449	61506	216494	1132	450	525	453	149	214	154	323	191	235	145	241	1	5	0	3	3	4	7	4	80507
*	3p	+	4	65302	38864	48057	64239	216462	799	484	481	432	152	232	132	306	164	200	149	243	11	9	17	10	12	8	14	19	78735
*	3p	+	5	65868	40319	45410	64851	216448	734	463	477	434	149	197	115	260	185	197	151	257	13	11	18	15	16	18	18	15	76726
*	3p	+	6	62838	45146	42030	66419	216433	1082	829	760	807	309	376	230	468	355	459	333	500	19	9	14	14	24	27	17	14	74609
*	3p	+	7	71498	41798	43019	60109	216424	1116	745	795	713	315	316	215	543	345	432	281	444	24	24	17	28	22	25	21	23	73302
*	3p	+	8	68239	41581	46316	60285	216421	1049	701	730	778	284	351	205	533	372	519	281	392	36	31	21	17	31	34	14	13	71858
*	3p	+	9	70040	40604	45572	60166	216382	1009	745	791	835	286	347	242	532	303	496	391	490	38	45	36	23	49	44	20	23	70464
*	3p	+	10	69344	41849	42024	63130	216347	942	751	762	666	332	349	226	499	340	490	308	475	52	43	47	40	61	54	29	23	69004
*	3p	+	11	64574	42493	46074	63151	216292	1017	728	832	840	359	376	262	572	428	488	387	484	80	56	37	40	80	74	40	30	67615
*	3p	+	12	62630	41747	49800	62091	216268	1043	756	919	796	310	323	264	543	399	467	1733	524	82	85	34	58	90	78	38	46	66444
*	3p	+	13	64939	41971	47151	62193	216254	985	768	897	850	324	357	201	535	354	450	288	514	83	83	44	43	81	87	48	50	65255
*	3p	+	14	63920	42144	48145	61978	216187	1055	831	821	786	315	396	269	610	371	527	287	575	96	93	50	55	102	108	57	62	64096
*	3p	+	15	65353	41320	45149	64350	216172	998	771	829	796	292	357	288	560	380	506	252	518	120	94	59	67	122	132	33	63	62978
*	3p	+	16	63896	41400	45337	65523	216156	1054	737	840	825	325	350	228	536	401	529	1411	490	93	121	74	80	121	108	63	66	61819
*	3p	+	17	64155	41801	45136	65063	216155	929	768	924	820	326	425	282	543	464	547	272	482	104	110	85	72	127	121	50	60	60782
*	3p	+	18	64848	44790	44900	61589	216127	982	832	857	765	344	377	322	581	409	486	227	511	119	123	72	82	115	109	61	98	59686
*	3p	+	19	68379	41847	44265	61602	216093	922	831	855	832	343	370	236	550	365	523	224	465	114	145	71	68	142	127	53	96	58633
*	3p	+	20	58495	43020	42247	56950	200712	941	876	931	863	349	420	517	690	468	548	244	510	150	146	77	83	179	139	71	86	57617
*	3p	+	21	59342	39355	41523	54847	195067	1043	882	979	963	370	507	547	624	407	471	238	514	154	140	78	102	171	168	70	88	56658
*	3p	+	22	57952	37997	42057	54870	192876	979	865	912	914	376	405	273	586	424	523	505	529	168	123	90	107	171	153	80	97	55654
*	3p	+	23	57525	39321	41144	53800	191790	1041	791	910	848	372	404	297	607	398	529	261	508	156	180	94	95	182	168	47	97	54722
*	3p	+	24	54921	41093	40616	54486	191116	1041	906	977	958	390	366	236	639	378	511	250	519	149	170	108	111	168	174	72	98	53776
*	3p	+	25	54714	41105	41873	52482	190174	1058	902	859	849	345	348	256	613	384	477	265	571	178	188	99	118	168	181	73	90	52874
*	3p	+	26	54420	38082	41518	55356	189376	1036	993	909	833	347	391	283	603	401	509	266	558	172	179	103	130	178	158	85	92	51991
*	3p	+	27	54782	39124	39318	55483	188707	1007	862	1070	967	331	391	248	541	406	543	240	513	206	230	109	122	220	185	83	91	51067
*	3p	+	28	53711	39017	42729	52711	188168	969	870	897	857	372	362	248	547	383	496	290	518	197	213	105	133	181	159	75	110	50195
*	3p	+	29	53204	39551	41275	53737	187767	950	902	848	893	315	361	247	572	367	517	251	537	212	202	133	122	200	162	93	106	49368
*	3p	+	30	57110	38623	38768	52822	187323	904	876	916	835	369	380	252	632	385	482	274	502	201	238	110	141	202	164	80	121	48526
*	3p	+	31	55747	36540	41777	52314	186378	913	818	976	858	347	409	274	544	788	512	215	608	241	224	136	138	187	181	89	92	47690
*	3p	+	32	52609	37829	40207	54840	185485	908	818	969	945	327	391	224	565	485	566	254	501	228	243	138	133	195	173	81	93	46854
*	3p	+	33	52419	36837	40159	55078	184493	1117	832	871	929	356	383	252	544	447	519	259	519	209	233	128	150	214	169	103	117	46114
*	3p	+	34	53537	36749	37554	55657	183497	896	860	871	881	369	365	306	563	383	502	236	547	230	241	139	136	233	192	79	112	45347
*	3p	+	35	52498	36496	38581	54864	182439	949	856	912	961	316	407	244	533	394	479	223	561	227	241	128	142	202	198	94	116	44576
*	3p	+	36	54739	36063	39511	50226	180539	945	895	939	933	342	384	238	521	374	433	244	501	227	245	120	125	213	236	98	116	43835
*	3p	+	37	51616	35859	40642	51051	179168	967	856	821	1642	363	339	245	541	350	448	240	582	228	226	134	133	204	242	78	121	43141
*	3p	+	38	54414	36820	37027	49358	177619	876	886	791	841	368	361	412	512	355	451	200	507	231	234	158	169	230	197	109	103	42412
*	3p	+	39	53481	35538	38306	48994	176319	948	842	906	782	326	377	242	484	364	449	268	504	231	216	134	163	222	194	114	114	41679
*	3p	+	40	52934	35059	37060	49959	175012	941	776	817	839	305	395	256	552	359	461	225	464	233	218	128	130	231	201	90	110	40916
*	3p	+	41	48944	38071	37845	48505	173365	892	839	867	822	366	340	248	560	339	496	218	498	217	233	133	142	231	214	92	114	40189
*	3p	+	42	49275	35865	37846	48603	171589	874	886	950	800	339	361	244	517	328	517	221	538	221	271	141	142	222	205	101	128	39541
*	3p	+	43	49702	34190	35833	50246	169971	868	809	873	798	305	357	209	477	372	463	185	521	213	246	129	125	249	221	100	90	38849
*	3p	+	44	48947	34716	37091	47546	168300	870	775	1171	764	314	379	232	519	338	454	234	477	219	255	132	129	263	221	112	98	38166
*	3p	+	45	51189	33420	34931	46795	166335	862	781	851	824	322	377	337	485	368	442	213	501	257	222	148	141	233	236	95	123	37511
*	3p	+	46	49327	34496	33480	47086	164389	806	869	846	870	297	367	219	475	326	377	206	468	218	243	153	146	211	222	113	107	36840
*	3p	+	47	49768	33080	33287	46287	162422	808	754	760	770	290	387	212	505	340	427	207	446	213	236	140	138	219	223	90	119	36141
*	3p	+	48	46227	36130	33145	45014	160516	899	800	767	811	301	372	282	553	352	438	214	475	253	205	133	134	223	241	87	96	35441
*	3p	+	49	45628	32416	31893	48553	158490	775	790	732	1464	296	333	209	518	308	460	200	470	237	248	131	127	236	193	108	103	34786
*	3p	+	50	47024	32209	32558	44621	156412	775	759	918	746	260	340	218	517	290	420	237	458	234	229	134	135	206	206	108	109	34178
*	3p	+	51	44989	33225	31773	44493	154480	734	742	802	727	278	294	207	557	285	390	221	483	229	221	112	173	222	226	97	97	33518
*	3p	+	52	43884	33043	31732	43854	152513	736	748	748	715	279	289	550	2059	285	407	191	470	243	243	154	128	216	223	97	97	32862
*	3p	+	53	46105	30933	30866	42598	150502	730	724	773	725	244	368	208	454	306	383	194	502	233	231	117	152	207	195	90	102	32252
*	3p	+	54	44885	30865	29672	42956	148378	716	744	712	695	292	302	200	424	288	367	224	409	210	215	138	115	205	189	77	82	31627
*	3p	+	55	41365	32967	29372	42550	146254	782	700	710	738	244	327	188	398	266	395	177	424	212	246	115	125	177	218	92	80	31074
*	3p	+	56	41231	29354	28929	44552	144066	684	721	725	717	264	339	185	393	280	422	191	394	201	208	128	142	235	178	70	91	30447
*	3p	+	57	41100	28673	28402	43756	141931	689	687	662	773	275	333	193	420	287	414	203	443	208	219	133	137	221	194	93	87	29866
*	3p	+	58	40029	28637	28355	42782	139803	727	699	629	663	273	294	175	397	280	352	180	384	212	206	121	141	206	196	92	93	29285
*	3p	+	59	40219	27737	29425	40137	137518	666	639	686	640	248	299	193	394	284	376	168	423	212	233	129	111	189	192	96	91	28711
*	3p	+	60	39469	29668	27380	38699	135216	680	691	675	696	257	258	237	368	269	313	187	422	196	238	124	113	195	184	75	91	28130
*	3p	+	61	39970	26876	27563	38503	132912	610	589	625	665	245	296	163	378	257	301	190	401	184	232	128	129	171	186	73	97	27541
*	3p	+	62	37457	28213	26143	38838	130651	636	655	636	629	189	239	194	412	258	298	201	367	186	211	106	122	175	168	99	106	26986
*	3p	+	63	38389	26400	25720	37612	128121	603	663	608	621	261	293	170	350	243	289	169	405	171	214	125	95	157	222	92	78	26460
*	3p	+	64	37719	25550	26132	36335	125736	641	630	576	586	243	259	162	324	253	305	205	388	190	193	130	91	194	183	96	77	25906
*	3p	+	65	37715	25076	24763	35818	123372	604	577	565	578	248	236	184	357	233	320	132	372	161	175	113	123	177	178	84	82	25321
*	3p	+	66	37093	25109	24024	34745	120971	573	588	633	582	228	245	168	356	208	322	160	318	174	176	111	101	161	153	87	85	24752
*	3p	+	67	34646	25997	23709	34160	118512	567	577	565	613	209	237	146	461	250	349	133	354	169	190	104	99	189	186	75	60	24197
*	3p	+	68	33940	23325	25015	33825	116105	579	572	541	532	227	211	132	323	248	313	128	353	173	190	104	101	157	159	84	84	23619
*	3p	+	69	33264	23333	24091	32989	113677	540	575	567	531	199	258	142	340	220	272	162	357	160	182	102	95	149	160	72	78	23031
*	3p	+	70	33361	22188	22739	32968	111256	531	583	512	499	195	256	129	318	233	287	148	351	175	170	93	94	153	162	71	79	22423
*	3p	-	1	51318	39547	46811	53473	191149	2678	503	713	586	260	286	225	323	314	292	179	309	0	0	0	0	9	6	13	7	71491
*	3p	-	2	61068	38018	34233	57866	191185	1629	440	389	531	191	195	99	259	194	298	153	215	8	9	9	2	3	6	7	3	71382
*	3p	-	3	58098	36073	39467	57554	191192	1040	396	422	353	164	175	111	294	163	203	98	229	4	8	5	1	2	1	8	0	70098
*	3p	-	4	57287	36016	37973	59825	191101	738	392	447	380	129	181	119	250	190	180	98	251	30	56	11	19	31	43	24	12	68582
*	3p	-	5	56432	37057	37001	60595	191085	637	383	401	395	153	160	112	220	169	168	103	208	28	26	21	20	52	52	11	11	66897
*	3p	-	6	55589	38292	35673	61519	191073	938	656	700	784	300	385	204	479	296	431	260	444	48	49	23	13	45	50	26	19	65028
*	3p	-	7	60234	36984	37197	56661	191076	986	680	659	614	242	336	198	529	342	461	189	463	56	48	17	26	55	53	14	16	64046
*	3p	-	8	58021	37942	38425	56653	191041	927	679	757	666	278	321	204	488	321	408	205	435	55	59	29	29	56	69	18	28	62836
*	3p	-	9	60264	36914	38479	55349	191006	926	626	640	634	288	292	238	472	341	417	231	418	86	77	34	34	69	78	35	28	61618
*	3p	-	10	57422	38521	36260	58742	190945	853	638	638	654	280	309	229	482	271	407	215	437	91	68	44	52	105	99	33	28	60438
*	3p	-	11	54675	39423	39157	57686	190941	840	701	770	728	341	353	255	490	321	414	247	504	95	82	69	44	87	94	53	34	59138
*	3p	-	12	54862	39420	39560	57047	190889	867	653	771	790	305	318	336	503	355	441	208	481	113	107	65	59	104	119	48	49	58244
*	3p	-	13	56635	38752	38358	57134	190879	834	682	719	740	313	327	230	501	309	467	203	510	118	98	58	51	108	119	57	46	57279
*	3p	-	14	56589	38050	37836	58377	190852	853	689	738	785	577	296	205	525	369	433	223	442	121	102	67	71	133	135	44	39	56278
*	3p	-	15	56181	38449	38827	57415	190872	871	697	657	782	371	306	242	478	336	480	215	453	114	126	71	84	110	121	52	53	55334
*	3p	-	16	55505	39616	38182	57553	190856	813	660	708	751	352	338	207	532	358	451	211	465	155	138	63	67	115	123	67	48	54394
*	3p	-	17	55984	38224	38089	58505	190802	811	677	792	690	419	286	217	501	352	434	315	447	153	160	92	90	139	143	59	65	53559
*	3p	-	18	55572	39041	38204	57949	190766	931	655	730	815	305	330	209	509	322	452	208	457	144	151	89	82	159	140	74	64	52703
*	3p	-	19	55755	39137	38053	57839	190784	789	618	709	687	276	296	199	466	367	435	209	479	150	153	97	80	132	154	65	72	51896
*	3p	-	20	50345	36667	35958	52392	175362	852	710	796	766	324	366	236	504	389	518	203	507	160	150	103	101	187	174	72	57	51041
*	3p	-	21	48881	35365	34571	50917	169734	856	801	839	863	283	352	277	528	359	454	215	518	156	177	105	92	178	161	76	67	50205
*	3p	-	22	48115	35650	34238	49576	167579	909	733	840	756	304	348	208	490	349	497	251	494	159	199	99	103	181	194	67	69	49415
*	3p	-	23	48179	34758	33967	49618	166522	889	775	941	795	354	328	215	553	370	457	249	498	193	195	100	86	150	166	95	83	48641
*	3p	-	24	47768	35588	33557	48970	165883	878	766	783	862	303	345	207	563	337	488	229	472	190	185	107	94	153	170	93	79	47882
*	3p	-	25	47739	35001	33598	48562	164900	815	721	817	791	300	365	275	483	358	461	278	512	197	170	94	107	193	177	78	72	47127
*	3p	-	26	46939	34814	33537	48782	164072	825	740	776	738	332	360	220	445	409	487	228	495	181	176	109	81	194	179	76	90	46399
*	3p	-	27	46711	34565	33869	48324	163469	837	798	867	769	306	289	234	545	367	440	226	528	183	174	118	110	185	181	92	85	45731
*	3p	-	28	46422	35091	33046	48328	162887	855	815	786	771	329	333	247	470	339	480	189	532	194	188	116	103	179	198	96	80	45070
*	3p	-	29	46705	34468	33095	48292	162560	769	722	776	822	292	351	222	517	342	445	198	437	223	169	117	97	179	184	83	72	44372
*	3p	-	30	46309	35073	33201	47521	162104	853	850	750	852	295	312	248	526	341	417	243	481	197	184	103	116	188	187	81	103	43703
*	3p	-	31	46399	34241	33263	47287	161190	839	765	823	776	300	354	235	514	360	433	230	508	187	207	111	124	189	202	86	78	43025
*	3p	-	32	45870	34185	33335	46962	160352	771	736	790	791	309	345	219	464	301	421	215	495	211	203	111	115	183	186	86	72	42417
*	3p	-	33	46205	33402	32811	47131	159549	751	717	819	849	321	333	227	501	342	439	265	518	218	208	125	125	182	177	96	71	41737
*	3p	-	34	45411	34318	32675	46282	158686	815	798	735	776	312	345	218	470	304	465	235	498	221	221	136	111	181	162	105	71	41068
*	3p	-	35	45751	33135	32596	46313	157795	794	801	792	781	283	352	212	492	330	398	221	463	226	192	129	126	173	184	90	109	40455
*	3p	-	36	44985	33767	32865	44735	156352	797	780	769	725	281	318	201	455	332	428	228	480	208	201	149	139	187	207	90	66	39807
*	3p	-	37	45231	32544	32201	45190	155166	781	692	768	758	297	319	239	452	314	424	221	512	222	216	111	145	182	188	97	80	39196
*	3p	-	38	44511	32782	31797	44814	153904	826	760	736	770	291	329	238	418	351	422	235	521	218	231	122	133	195	192	93	100	38579
*	3p	-	39	44168	32595	31843	44104	152710	764	769	815	736	283	376	238	494	293	400	203	482	221	211	131	136	194	203	84	82	37967
*	3p	-	40	43380	32194	31394	44523	151491	743	743	691	776	286	349	237	468	269	428	215	469	216	235	137	125	192	207	77	87	37346
*	3p	-	41	43593	30980	31215	44242	150030	777	727	746	696	308	359	191	419	330	446	239	506	216	221	114	133	196	180	99	84	36724
*	3p	-	42	42926	31954	30578	43071	148529	763	780	723	722	290	372	200	501	307	378	257	540	216	209	111	128	200	179	79	86	36126
*	3p	-	43	42685	31000	30604	42766	147055	744	733	741	741	307	354	239	444	295	400	227	538	199	213	134	125	205	176	91	84	35555
*	3p	-	44	42125	30749	30029	42777	145680	733	718	723	765	274	314	221	404	298	376	196	456	175	226	127	103	194	196	70	64	34986
*	3p	-	45	41763	30805	29544	41788	143900	741	732	679	728	311	296	210	431	318	386	187	443	194	193	98	134	181	175	81	70	34402
*	3p	-	46	41223	30154	29450	41350	142177	698	703	780	718	310	314	208	403	312	366	177	412	178	200	101	131	199	191	70	81	33842
*	3p	-	47	40932	29654	29054	40825	140465	740	664	726	656	296	284	196	415	269	403	177	489	213	201	109	124	172	169	72	83	33259
*	3p	-	48	40346	29261	28877	40183	138667	680	657	706	672	266	300	220	393	274	364	168	463	211	201	109	128	175	164	77	106	32685
*	3p	-	49	39866	29031	27840	40196	136933	715	650	668	659	231	284	197	395	280	386	193	414	177	221	128	104	177	187	85	80	32171
*	3p	-	50	39371	28208	28282	39317	135178	730	646	673	671	275	280	223	437	256	332	172	465	199	207	113	129	184	181	75	84	31616
*	3p	-	51	38871	28153	27593	38793	133410	675	615	654	648	227	291	219	371	273	362	177	427	211	207	102	123	186	192	87	88	30993
*	3p	-	52	38574	27635	27035	38475	131719	665	631	659	609	216	338	167	378	251	374	181	399	191	206	115	108	188	166	87	82	30500
*	3p	-	53	37616	27570	26926	37891	130003	667	619	594	631	244	277	221	411	273	323	194	395	198	194	120	136	175	163	77	84	29947
*	3p	-	54	37254	26747	26870	37416	128287	668	638	668	635	255	312	209	376	222	337	155	390	195	196	134	120	180	171	89	71	29431
*	3p	-	55	36954	26549	25970	36999	126472	639	549	628	597	238	278	197	412	259	312	159	400	202	166	115	113	164	204	73	68	28896
*	3p	-	56	36274	25756	25618	36930	124578	599	629	641	575	219	260	188	320	258	301	167	380	187	164	105	111	171	155	76	76	28407
*	3p	-	57	35671	25745	25432	35856	122704	656	631	646	576	232	299	151	334	271	340	155	345	176	179	95	108	151	161	81	88	27882
*	3p	-	58	35533	25174	24902	35212	120821	601	572	563	551	205	265	181	329	234	307	164	375	197	155	99	122	160	147	67	84	27369
*	3p	-	59	34913	24840	24334	34733	118820	611	619	598	527	226	239	185	396	240	306	152	302	167	157	101	101	175	131	76	70	26864
*	3p	-	60	34413	24329	23920	34223	116885	551	565	600	535	224	231	192	331	208	285	153	358	174	159	104	91	161	153	53	64	26346
*	3p	-	61	33578	23837	23774	33620	114809	574	594	581	550	227	258	162	320	211	304	168	328	175	164	96	105	156	143	77	73	25846
*	3p	-	62	33028	23752	23264	32771	112815	566	545	542	517	195	219	158	312	212	290	156	334	174	175	120	117	134	135	74	64	25308
*	3p	-	63	32360	23268	22468	32520	110616	509	512	542	527	214	217	161	326	210	278	158	333	195	170	89	93	161	135	80	63	24800
*	3p	-	64	31543	22699	22390	31887	108519	524	527	532	525	174	243	151	296	184	294	158	368	156	153	86	96	145	141	71	68	24275
*	3p	-	65	31120	21807	22070	31416	106413	507	511	490	539	180	217	167	294	202	258	200	386	147	164	82	90	137	140	66	74	23790
*	3p	-	66	30298	21780	21672	30566	104316	484	530	499	492	226	234	163	285	233	281	128	321	155	167	94	75	126	136	63	78	23294
*	3p	-	67	30042	21297	20618	30261	102218	485	464	466	498	220	229	163	308	203	270	168	296	150	137	79	101	131	136	63	63	22775
*	3p	-	68	29388	20971	20352	29370	100081	470	516	485	468	196	200	148	271	206	264	138	287	151	149	79	95	141	139	54	60	22311
*	3p	-	69	28611	20345	20249	28787	97992	476	452	452	506	185	234	167	263	185	285	157	301	137	162	83	88	138	124	46	67	21769
*	3p	-	70	28348	19864	19576	28188	95976	487	487	505	471	189	188	161	264	184	247	129	267	131	156	101	74	125	130	71	56	21218
*	5p	+	1	58481	55060	47986	54903	216430	605	880	824	1015	453	256	305	525	336	344	310	276	0	0	0	0	16	7	7	32	69755
*	5p	+	2	66147	38076	43994	68258	216475	517	922	719	506	213	273	189	293	244	266	116	310	6	6	1	4	14	6	2	9	69601
*	5p	+	3	65830	45111	40609	64946	216496	521	597	493	566	195	237	115	346	177	243	153	381	5	3	5	1	5	0	2	8	68374
*	5p	+	4	69328	42614	40921	63533	216396	517	601	500	592	149	202	131	356	157	280	126	303	53	41	20	21	49	43	14	17	66823
*	5p	+	5	70057	41579	42014	62718	216368	510	551	482	500	196	205	129	323	183	282	129	314	49	48	19	20	65	51	14	21	65107
*	5p	+	6	71066	39636	43943	61683	216328	918	797	928	782	284	369	259	511	328	482	211	519	32	55	32	26	66	79	20	27	63134
*	5p	+	7	64280	41371	42119	68576	216346	749	868	686	768	315	350	206	503	286	394	212	491	42	75	20	21	60	63	22	30	62002
*	5p	+	8	64158	43617	43309	65246	216330	748	853	776	838	306	378	255	477	333	407	233	520	71	68	34	35	67	75	25	25	60749
*	5p	+	9	61635	44018	41765	68837	216255	736	859	796	760	301	379	268	471	296	381	215	536	90	83	54	44	73	109	46	37	59509
*	5p	+	10	67283	40375	43357	65191	216206	804	822	775	802	269	363	268	440	335	396	226	474	84	98	48	54	127	97	45	41	58267
*	5p	+	11	65668	44714	45365	60442	216189	818	796	871	894	324	345	234	517	392	395	271	521	88	100	48	60	120	89	60	59	57015
*	5p	+	12	64124	45362	45345	61321	216152	827	896	923	938	369	349	285	541	402	397	550	552	108	123	55	62	128	130	57	49	56078
*	5p	+	13	64831	43465	44566	63288	216150	853	819	884	832	319	354	246	530	356	448	280	538	125	123	56	69	127	114	64	62	55082
*	5p	+	14	66218	43328	42758	63797	216101	794	813	862	910	353	372	253	510	646	433	234	533	143	150	81	87	175	127	60	55	54096
*	5p	+	15	65013	43829	44244	63010	216096	839	928	892	878	306	349	230	532	438	417	231	530	128	137	83	82	159	133	59	71	53125
*	5p	+	16	64740	42992	45354	63002	216088	827	854	886	867	293	372	275	560	339	449	208	570	173	150	76	97	157	143	51	67	52168
*	5p	+	17	66081	43414	43403	63157	216055	814	847	877	854	325	346	509	530	613	403	205	491	167	133	100	79	172	144	61	85	51326
*	5p	+	18	65988	44137	43894	62040	216059	785	1085	926	882	302	332	278	558	333	470	242	556	188	138	69	93	155	155	59	88	50531
*	5p	+	19	66028	43047	44264	62699	216038	838	794	871	803	306	366	231	511	327	398	223	488	171	169	81	116	184	153	69	72	49730
*	5p	+	20	60165	41193	41988	57354	200700	857	883	862	942	374	455	252	577	400	512	263	560	179	209	102	114	187	156	70	80	48881
*	5p	+	21	59191	39475	40730	55655	195051	976	867	1066	970	355	398	280	547	360	475	302	602	187	188	119	110	178	157	98	82	47998
*	5p	+	22	57634	39530	40794	54859	192817	849	864	955	968	350	398	227	578	385	472	257	520	213	190	123	100	187	199	95	77	47254
*	5p	+	23	57419	38916	40060	55272	191667	836	893	936	1109	348	408	268	575	364	452	224	539	225	203	119	123	203	183	93	129	46483
*	5p	+	24	56193	38633	41675	54505	191006	911	903	872	951	374	395	259	558	373	482	279	549	225	222	123	116	215	205	98	99	45725
*	5p	+	25	56769	38916	40249	54127	190061	923	878	863	953	308	373	450	534	343	451	303	552	212	225	114	130	209	216	95	103	44971
*	5p	+	26	56590	38430	40389	53889	189298	897	831	842	931	378	420	246	554	377	495	255	535	217	221	119	159	194	228	78	91	44275
*	5p	+	27	55667	38974	40357	53713	188711	940	890	922	1008	358	418	242	620	363	449	288	617	211	244	142	121	202	190	98	87	43578
*	5p	+	28	55592	38547	40323	53646	188108	916	895	900	938	359	351	265	706	347	477	285	534	243	240	148	116	198	217	75	93	42941
*	5p	+	29	56711	38536	39157	53298	187702	900	840	993	936	327	370	232	566	349	448	259	490	248	233	142	138	211	227	100	88	42262
*	5p	+	30	55195	38416	40439	53220	187270	997	824	1064	847	341	393	334	597	379	475	331	561	217	239	129	145	232	193	86	110	41584
*	5p	+	31	54787	38740	40213	52546	186286	872	851	892	923	303	393	254	551	371	439	306	555	215	235	141	157	255	192	95	100	40945
*	5p	+	32	55277	38541	39150	52427	185395	928	886	927	928	321	366	280	552	380	461	273	549	226	249	151	131	234	195	93	113	40377
*	5p	+	33	54623	38548	39130	52147	184448	961	916	915	977	344	379	371	588	460	455	316	563	210	233	130	166	233	217	89	110	39830
*	5p	+	34	54229	37748	39757	51733	183467	853	838	914	953	326	371	324	547	394	469	273	517	240	247	150	134	236	225	93	92	39271
*	5p	+	35	53595	38073	37990	52752	182410	895	873	870	962	310	376	260	502	334	460	239	535	229	230	128	169	227	196	108	112	38680
*	5p	+	36	51815	37845	38688	52199	180547	905	837	902	941	328	361	264	510	353	468	302	507	228	263	143	168	247	231	101	75	38090
*	5p	+	37	52417	37417	37737	51571	179142	906	818	849	870	329	355	252	575	349	462	348	477	245	243	136	152	236	216	116	102	37497
*	5p	+	38	52295	36477	37423	51398	177593	940	864	858	901	318	347	255	587	406	424	282	496	235	218	154	139	239	190	129	108	36931
*	5p	+	39	51015	37021	37833	50474	176343	973	862	820	892	325	336	250	599	327	475	264	544	252	233	130	171	244	187	101	92	36335
*	5p	+	40	51452	36454	38007	49113	175026	921	812	917	891	295	356	238	568	328	391	264	492	253	254	159	128	201	223	93	100	35806
*	5p	+	41	51317	35885	36164	50020	173386	870	835	853	912	334	352	276	589	365	481	275	458	247	254	141	158	227	222	99	83	35237
*	5p	+	42	49672	35561	37018	49341	171592	930	944	825	936	316	362	267	569	380	518	255	474	226	254	126	140	222	223	95	113	34665
*	5p	+	43	49088	36030	35796	49057	169971	866	876	871	815	270	372	248	781	391	424	255	495	242	195	122	137	235	211	103	108	34120
*	5p	+	44	49468	35488	35105	48250	168311	881	809	857	861	325	355	224	524	342	425	279	451	216	231	149	151	225	237	87	131	33665
*	5p	+	45	48578	34230	35269	48263	166340	859	779	809	816	323	344	233	471	346	483	262	505	257	220	118	148	262	217	86	116	33189
*	5p	+	46	48131	33872	34804	47569	164376	848	816	805	1010	283	392	211	495	386	459	292	443	235	225	133	146	225	215	113	113	32689
*	5p	+	47	47745	33837	34199	46649	162430	849	840	785	782	296	332	260	595	300	417	320	462	247	252	132	148	248	187	91	117	32209
*	5p	+	48	46060	33580	34216	46666	160522	888	765	788	849	279	325	207	457	306	440	260	479	217	244	133	139	243	213	78	107	31733
*	5p	+	49	46833	32418	33639	45597	158487	861	759	783	781	310	353	219	437	300	458	267	438	224	224	117	160	223	206	106	108	31210
*	5p	+	50	45541	32964	32703	45214	156422	837	793	756	802	285	335	196	539	296	425	274	471	212	235	123	135	206	225	96	93	30762
*	5p	+	51	44998	31820	32771	44950	154539	862	742	760	785	275	302	196	497	352	435	251	458	206	225	140	133	172	221	84	104	30298
*	5p	+	52	44314	31776	31962	44515	152567	789	688	726	750	307	311	212	467	313	392	261	439	192	217	119	136	205	187	90	97	29834
*	5p	+	53	44076	30798	32123	43536	150533	841	668	733	685	283	285	168	454	306	413	248	511	228	232	108	132	189	203	78	91	29368
*	5p	+	54	43821	30547	30939	43074	148381	825	738	784	750	271	347	180	491	304	372	253	463	213	234	122	118	192	184	79	94	28929
*	5p	+	55	42581	30292	31578	41809	146260	818	664	676	701	240	327	190	448	288	416	257	453	180	204	118	148	208	185	81	79	28501
*	5p	+	56	42528	29642	30090	41834	144094	786	686	684	708	270	302	196	414	304	394	271	432	205	224	95	111	190	177	86	91	28084
*	5p	+	57	41558	29311	29940	41194	142003	860	750	668	828	248	305	200	422	276	423	243	408	184	206	117	113	178	168	72	103	27692
*	5p	+	58	40772	28675	29857	40568	139872	759	640	701	621	249	322	186	402	305	335	210	381	191	179	135	113	173	165	80	98	27255
*	5p	+	59	40300	28645	28244	40419	137608	720	715	646	676	217	290	192	384	299	367	259	397	205	197	124	103	158	148	76	95	26848
*	5p	+	60	39773	27339	28096	40088	135296	777	706	664	635	225	296	180	383	272	376	224	355	217	202	114	120	156	149	76	83	26437
*	5p	+	61	39296	26936	27690	39039	132961	801	619	655	643	220	286	185	396	290	385	234	380	208	181	117	113	164	164	71	81	26035
*	5p	+	62	37911	27212	27309	38294	130726	729	613	637	627	195	272	177	379	307	377	247	342	210	199	118	173	159	145	69	89	25610
*	5p	+	63	37748	25960	27184	37342	128234	749	622	624	559	206	286	154	366	257	300	232	385	209	255	122	101	159	134	67	82	25210
*	5p	+	64	37036	26184	26209	36426	125855	726	546	614	585	198	266	180	389	243	330	197	377	205	178	124	109	161	138	71	61	24815
*	5p	+	65	35999	25658	25386	36448	123491	681	573	583	588	223	243	263	572	258	310	222	313	188	186	122	111	135	125	56	89	24418
*	5p	+	66	35404	25333	25420	34883	121040	713	591	624	530	221	284	155	330	265	381	233	304	194	185	121	96	143	139	68	68	24005
*	5p	+	67	35230	24038	24658	34673	118599	740	596	620	554	208	247	181	343	216	339	216	304	206	177	92	110	147	123	70	83	23589
*	5p	+	68	33910	23722	24481	34055	116168	718	558	582	525	233	256	198	342	269	325	231	330	173	187	121	109	162	130	58	71	23166
*	5p	+	69	33348	23764	23388	33215	113715	644	562	588	500	229	225	172	320	234	322	221	264	172	176	89	86	142	136	69	74	22805
*	5p	+	70	32878	22651	23302	32501	111332	669	486	557	547	207	236	162	348	232	292	209	279	165	167	87	105	125	154	56	54	22451
*	5p	-	1	51215	49555	41224	49169	191163	542	693	645	817	355	254	244	450	308	332	256	251	0	0	0	0	2	2	9	10	65767
*	5p	-	2	55212	34692	39167	62117	191188	469	742	511	392	160	276	148	264	210	263	131	288	0	1	1	1	3	2	2	2	65618
*	5p	-	3	55447	43886	33947	57917	191197	476	570	437	494	206	203	126	253	159	216	152	324	1	3	5	2	2	2	3	2	64514
*	5p	-	4	58734	40512	33892	58033	191171	488	547	409	436	143	184	127	263	160	202	110	271	10	10	15	8	8	11	10	8	63068
*	5p	-	5	59181	39346	36266	56357	191150	456	436	431	447	166	172	136	255	146	229	110	263	12	7	9	12	15	8	25	12	61537
*	5p	-	6	60611	36623	38720	55204	191158	744	749	736	676	270	292	239	422	281	392	202	427	7	14	18	16	18	11	9	13	59740
*	5p	-	7	53872	38077	36295	62896	191140	685	756	613	681	270	312	209	380	304	357	190	429	23	17	17	18	17	20	16	16	58748
*	5p	-	8	53976	40671	36756	59704	191107	663	755	603	712	299	347	216	383	283	362	155	509	23	25	19	15	41	27	20	14	57582
*	5p	-	9	52900	40280	35555	62334	191069	604	789	743	715	268	290	232	398	271	307	202	434	37	26	21	34	47	44	28	21	56484
*	5p	-	10	57398	36769	36684	60192	191043	744	741	620	639	221	315	229	383	294	346	195	474	47	50	26	22	48	61	27	30	55388
*	5p	-	11	56417	40658	38025	55920	191020	660	768	777	737	275	338	321	405	323	405	217	431	46	63	25	34	80	52	25	32	54250
*	5p	-	12	54826	43082	37394	55712	191014	652	846	746	812	314	343	823	459	292	410	224	439	59	70	51	31	72	61	36	32	53367
*	5p	-	13	55626	40856	36952	57538	190972	680	756	720	754	255	309	237	367	289	378	187	428	74	67	37	34	74	80	39	49	52457
*	5p	-	14	55320	41127	37537	56953	190937	710	742	674	685	273	297	246	417	284	397	194	446	78	80	35	48	77	109	55	37	51596
*	5p	-	15	56963	40002	36860	57088	190913	683	755	719	710	283	297	209	445	256	379	271	484	76	87	55	49	86	97	65	54	50687
*	5p	-	16	57018	40143	36529	57178	190868	723	770	723	685	289	302	845	400	298	377	184	445	99	98	52	55	123	107	55	48	49823
*	5p	-	17	57359	40055	37062	56376	190852	699	726	720	816	345	343	230	387	299	436	230	446	90	107	57	53	132	128	46	48	49014
*	5p	-	18	55525	39407	39028	56872	190832	735	725	719	766	268	338	222	380	265	374	236	497	112	100	62	67	114	119	78	62	48222
*	5p	-	19	55207	39298	37074	59254	190833	742	712	736	754	266	306	173	393	289	369	214	444	121	98	71	67	110	133	67	59	47474
*	5p	-	20	50357	37185	36703	51191	175436	737	805	778	764	395	384	250	516	343	384	344	553	126	125	64	63	116	161	66	72	46726
*	5p	-	21	48610	36539	33973	50671	169793	774	812	878	828	310	379	233	443	284	418	307	478	145	133	94	69	143	140	62	78	45958
*	5p	-	22	48103	35796	33445	50303	167647	751	791	800	815	292	378	327	443	294	447	206	471	145	146	89	79	137	156	86	66	45266
*	5p	-	23	46978	35644	34229	49674	166525	761	837	717	769	278	307	201	449	350	398	220	514	153	146	85	89	161	172	87	69	44553
*	5p	-	24	47512	35406	34754	48247	165919	770	844	828	825	277	334	191	500	344	416	242	504	166	149	82	95	166	159	74	64	43847
*	5p	-	25	46067	36493	34348	48052	164960	780	795	762	849	295	311	196	471	338	409	202	461	172	160	100	77	168	161	77	58	43160
*	5p	-	26	47670	36295	33070	47108	164143	807	832	782	753	266	342	227	457	259	470	238	491	152	171	109	110	155	163	90	64	42513
*	5p	-	27	48183	34469	33328	47508	163488	789	771	741	865	277	335	190	464	312	428	225	490	188	188	110	96	181	203	73	73	41854
*	5p	-	28	45687	36735	33419	47078	162919	759	723	743	816	293	335	238	471	304	449	185	469	173	175	131	110	176	174	89	84	41242
*	5p	-	29	46875	35457	33729	46513	162574	793	738	742	731	258	358	213	449	324	381	207	505	188	195	78	96	154	184	96	74	40614
*	5p	-	30	46000	34237	33278	48633	162148	750	749	721	828	256	351	218	458	336	423	219	477	164	170	114	115	175	179	88	82	40022
*	5p	-	31	45974	35331	31943	47964	161212	754	746	763	877	610	335	198	484	338	432	199	461	185	199	107	111	172	191	84	88	39435
*	5p	-	32	46644	35031	33084	45593	160352	812	770	755	758	331	364	213	428	283	376	201	451	187	185	107	107	171	171	102	84	38862
*	5p	-	33	47158	35067	32131	45205	159561	779	789	799	729	353	387	218	477	318	433	212	453	153	222	106	112	166	177	81	89	38296
*	5p	-	34	47269	33054	32259	46118	158700	771	712	688	714	321	357	186	514	333	399	245	474	207	171	113	120	191	163	76	74	37708
*	5p	-	35	47047	34039	31554	45158	157798	741	749	771	812	304	362	208	502	279	446	191	454	220	189	117	106	188	186	99	78	37233
*	5p	-	36	44182	34041	31528	46599	156350	797	718	824	763	317	346	213	442	315	443	217	459	207	195	108	137	215	191	75	73	36682
*	5p	-	37	44910	34490	30790	44959	155149	764	739	1115	747	277	299	186	490	351	395	193	437	213	209	104	120	203	186	92	87	36180
*	5p	-	38	43411	32266	31907	46362	153946	819	718	716	780	306	325	202	432	346	434	335	459	186	188	130	129	182	184	88	85	35674
*	5p	-	39	43340	32680	31139	45606	152765	790	765	686	777	252	339	210	451	322	416	221	444	191	196	111	96	169	170	87	85	35189
*	5p	-	40	43966	32216	30671	44676	151529	799	721	680	691	302	308	186	433	296	444	206	452	195	199	128	106	179	179	84	79	34650
*	5p	-	41	42692	32820	31993	42555	150060	807	740	693	744	257	341	227	450	362	386	190	482	200	197	102	119	171	190	78	89	34163
*	5p	-	42	42443	32433	30751	42928	148555	805	710	705	787	258	282	184	442	318	390	220	413	202	185	134	125	181	167	83	85	33654
*	5p	-	43	43092	31114	29673	43198	147077	784	682	749	689	257	320	167	423	277	388	209	399	218	214	121	117	186	179	78	88	33144
*	5p	-	44	41719	31286	30275	42359	145639	849	684	681	977	254	288	207	429	294	417	184	411	214	211	125	132	182	186	105	90	32669
*	5p	-	45	41595	30250	29048	42941	143834	749	737	721	725	269	314	201	427	293	436	236	411	218	205	123	129	210	186	102	73	32199
*	5p	-	46	41550	29086	29507	42013	142156	819	690	727	708	279	279	183	399	286	397	219	451	243	185	132	118	199	192	92	79	31713
*	5p	-	47	40676	28610	28833	42258	140377	737	688	627	642	268	305	208	416	302	430	168	399	235	224	120	114	197	204	110	72	31276
*	5p	-	48	39864	28730	30012	40043	138649	705	712	674	593	284	332	185	395	273	379	204	457	206	210	126	129	195	176	90	78	30812
*	5p	-	49	41622	27555	28009	39748	136934	745	657	926	633	262	317	174	369	293	417	190	425	221	215	122	125	184	179	78	88	30354
*	5p	-	50	39022	28159	27821	40146	135148	709	616	652	716	226	304	179	384	280	362	205	418	206	199	138	131	189	201	78	85	29894
*	5p	-	51	38767	27271	28303	39068	133409	750	558	688	656	250	265	173	422	272	341	205	469	204	201	132	105	200	176	84	92	29454
*	5p	-	52	38127	27510	27877	38180	131694	746	605	646	591	253	273	179	399	252	310	367	1246	189	210	138	122	210	190	73	73	28993
*	5p	-	53	37613	26602	27069	38691	129975	728	607	622	615	268	287	180	407	261	361	191	442	190	196	136	123	174	182	83	89	28544
*	5p	-	54	37521	26206	26601	37982	128310	732	603	557	617	227	262	162	369	232	331	160	387	207	222	110	98	159	177	69	82	28105
*	5p	-	55	36859	25460	27516	36626	126461	710	646	609	564	219	250	180	347	249	315	147	374	182	206	113	121	176	170	88	92	27663
*	5p	-	56	37756	25166	25648	35996	124566	745	607	648	579	223	275	162	402	245	342	155	337	180	221	125	112	167	173	77	73	27241
*	5p	-	57	36943	24839	25320	35588	122690	697	567	602	554	263	255	157	351	267	325	156	336	186	200	114	117	157	162	91	84	26827
*	5p	-	58	36410	24498	24856	35000	120764	676	592	519	506	217	229	150	327	253	316	137	334	190	190	119	119	176	162	95	81	26420
*	5p	-	59	35029	24912	24165	34685	118791	650	540	577	588	227	248	168	341	231	328	168	313	187	200	89	107	181	160	62	74	26008
*	5p	-	60	34208	23625	24953	34045	116831	682	550	596	521	210	214	158	304	249	300	156	329	213	181	95	107	168	157	79	76	25603
*	5p	-	61	33542	23462	23657	34128	114789	635	504	581	532	200	251	176	353	208	306	126	335	190	181	94	106	175	158	73	61	25194
*	5p	-	62	33686	22726	24000	32348	112760	690	467	575	506	205	229	186	356	205	282	150	331	182	162	110	118	178	156	65	51	24762
*	5p	-	63	33033	21973	22863	32717	110586	664	499	530	532	186	238	162	375	238	300	134	328	186	190	108	82	166	155	61	81	24381
*	5p	-	64	31911	22432	22159	31994	108496	617	516	514	442	184	234	141	337	241	300	147	299	169	189	103	110	164	162	52	68	23969
*	5p	-	65	31189	21411	21754	32071	106425	654	486	495	475	208	233	146	348	224	258	180	295	167	181	100	112	145	150	51	61	23567
*	5p	-	66	30259	20957	21803	31282	104301	585	457	514	489	195	227	134	302	223	277	135	303	172	165	89	88	135	143	69	68	23230
*	5p	-	67	29841	20398	22224	29736	102199	604	488	503	456	167	229	124	299	215	282	146	368	173	159	104	104	147	145	62	55	22837
*	5p	-	68	29361	20756	20508	29448	100073	636	429	448	432	174	186	131	314	214	281	100	279	151	157	100	105	146	134	50	68	22429
*	5p	-	69	28708	20254	20136	28862	97960	584	454	465	509	166	188	125	284	210	293	104	305	151	145	90	103	145	131	63	65	22055
*	5p	-	70	28851	19431	19275	28392	95949	604	433	475	439	181	216	96	307	241	254	126	245	181	139	103	94	146	136	57	69	21683
