# table produced by mapDamage version 2.2.1
# using mapped file CviAPal039.merged.L103.realn.bam and reference.ssl.Cvi20k_rename.fasta as reference file
# Chr: reference from sam/bam header, End: from which termini of DNA sequences, Std: strand of reads
Chr	End	Std	Pos	A	C	G	T	Total	G>A	C>T	A>G	T>C	A>C	A>T	C>G	C>A	T>G	T>A	G>C	G>T	A>-	T>-	C>-	G>-	->A	->T	->C	->G	S
*	3p	+	1	24157	17632	21192	25929	88910	968	213	307	281	122	156	117	169	185	171	126	154	0	0	0	0	2	0	3	0	33010
*	3p	+	2	28512	18933	15649	25828	88922	696	186	177	207	88	95	58	148	104	129	70	105	2	0	0	0	2	1	1	0	32955
*	3p	+	3	26959	15525	20489	25950	88923	433	190	199	192	63	87	56	137	93	93	67	105	1	0	0	0	2	0	0	0	32374
*	3p	+	4	27034	15663	19093	27117	88907	343	212	189	171	70	93	42	130	80	88	58	110	1	4	10	1	6	3	2	10	31637
*	3p	+	5	27641	16276	17660	27320	88897	248	187	177	181	60	89	54	133	88	80	81	106	4	4	7	4	10	8	8	6	30860
*	3p	+	6	25899	18604	16362	28028	88893	431	379	301	328	143	179	90	263	164	230	143	239	5	7	7	7	11	6	11	8	29995
*	3p	+	7	29941	16936	16681	25328	88886	446	321	338	314	119	142	85	246	165	216	137	200	12	11	8	8	17	8	8	9	29465
*	3p	+	8	28868	16548	18218	25265	88899	437	298	317	304	129	147	103	238	152	202	148	225	8	12	7	7	7	10	8	6	28933
*	3p	+	9	29507	16320	18038	25013	88878	431	298	360	338	121	127	118	245	166	198	169	232	13	16	9	15	23	14	5	9	28334
*	3p	+	10	29176	16715	16438	26512	88841	384	325	307	288	138	136	93	248	132	202	148	201	23	17	8	11	31	20	18	19	27753
*	3p	+	11	28060	16744	17678	26351	88833	439	326	349	321	134	189	102	273	160	230	193	249	30	29	15	14	33	35	17	13	27204
*	3p	+	12	25962	16671	20133	26065	88831	407	335	396	375	130	172	110	254	178	205	968	231	42	34	18	16	30	33	13	22	26774
*	3p	+	13	26814	16752	18992	26265	88823	434	309	321	335	150	155	109	252	166	210	138	239	46	41	21	15	34	43	12	19	26288
*	3p	+	14	26709	16792	19117	26190	88808	424	349	342	329	148	165	98	238	167	237	130	264	35	33	19	28	51	26	15	26	25843
*	3p	+	15	27243	16411	17296	27875	88825	396	337	372	303	150	173	130	266	175	227	127	221	42	43	17	22	43	36	11	16	25375
*	3p	+	16	26793	16078	17875	28050	88796	452	319	280	351	145	170	83	233	188	243	675	235	50	54	33	26	46	36	24	27	24875
*	3p	+	17	27201	16406	17391	27801	88799	409	329	380	351	157	209	93	245	190	216	113	241	33	63	34	29	53	36	15	26	24476
*	3p	+	18	27293	18381	17163	25943	88780	412	339	341	315	140	177	102	290	145	247	80	210	62	64	31	24	43	57	23	27	24060
*	3p	+	19	29013	16617	17100	26050	88780	391	373	334	372	156	185	81	255	151	215	97	242	55	66	34	30	58	57	14	21	23664
*	3p	+	20	25135	17633	16463	24516	83747	442	368	390	378	165	186	184	302	218	261	128	245	68	74	26	30	61	59	21	29	23248
*	3p	+	21	25872	15895	16479	23596	81842	395	389	405	426	150	200	354	280	193	275	118	236	66	58	36	53	61	66	23	29	22843
*	3p	+	22	25034	15191	17032	23896	81153	444	333	343	367	160	190	109	265	144	247	247	261	82	52	37	34	62	57	24	33	22467
*	3p	+	23	25166	15933	16173	23499	80771	425	360	385	346	139	167	136	288	161	227	91	218	67	82	43	43	75	64	24	41	22094
*	3p	+	24	23360	17289	16134	23765	80548	405	365	372	387	164	177	115	284	167	220	89	244	81	92	47	40	68	85	24	35	21749
*	3p	+	25	23933	17004	16401	22909	80247	441	410	353	364	144	170	108	288	166	212	106	260	70	83	59	56	87	80	28	36	21385
*	3p	+	26	23416	15641	16529	24447	80033	404	406	355	350	133	165	95	295	184	254	120	237	69	78	49	50	73	82	47	29	20997
*	3p	+	27	23899	15566	15509	24835	79809	383	380	381	410	148	156	122	301	166	239	110	267	81	84	50	52	102	90	38	45	20664
*	3p	+	28	23271	16040	17488	22848	79647	442	363	317	349	135	158	123	276	155	225	149	253	95	86	61	46	85	93	41	38	20301
*	3p	+	29	23084	16444	16334	23667	79529	402	395	335	391	146	135	110	263	191	218	104	228	98	108	41	38	94	72	44	40	19955
*	3p	+	30	25144	15758	15421	23037	79360	393	328	391	379	140	183	128	258	164	253	110	225	102	98	55	56	103	85	38	50	19568
*	3p	+	31	24026	14883	17243	22856	79008	402	356	387	377	163	159	95	255	280	229	93	250	107	103	62	64	99	98	39	44	19253
*	3p	+	32	22802	15254	15921	24701	78678	405	334	402	347	140	169	100	240	188	252	89	232	85	99	45	54	91	89	33	31	18923
*	3p	+	33	22669	14764	16081	24814	78328	444	352	353	387	165	167	111	244	214	242	96	239	85	97	57	58	97	76	34	40	18629
*	3p	+	34	23183	14806	15019	25006	78014	395	396	373	385	144	160	136	277	148	248	90	241	98	105	37	61	83	89	37	35	18322
*	3p	+	35	23375	14657	15255	24368	77655	422	371	335	387	148	197	93	240	162	238	99	256	85	104	68	55	95	73	44	46	18030
*	3p	+	36	24474	14655	15883	21894	76906	383	385	342	422	153	185	92	249	154	242	104	239	98	86	56	65	102	95	32	36	17727
*	3p	+	37	22903	14311	16519	22652	76385	382	357	382	692	165	171	99	247	174	222	109	276	93	113	55	60	101	93	33	50	17463
*	3p	+	38	24244	15421	14600	21436	75701	358	392	360	378	152	163	222	243	161	209	89	223	114	102	71	65	99	86	39	36	17217
*	3p	+	39	23989	14377	15355	21477	75198	409	362	372	310	149	166	101	251	132	234	113	215	106	93	56	61	93	83	36	49	16922
*	3p	+	40	23511	14182	14979	21979	74651	431	369	320	373	139	204	98	268	171	226	105	206	112	96	54	55	123	80	49	35	16628
*	3p	+	41	21720	15794	15134	21317	73965	369	377	366	311	159	177	92	290	146	228	88	247	125	96	67	56	101	100	37	51	16363
*	3p	+	42	21814	14343	15865	21266	73288	353	367	382	309	152	196	102	194	179	197	89	226	109	110	61	56	110	105	46	52	16086
*	3p	+	43	22046	13935	14321	22369	72671	362	382	383	340	125	156	95	227	187	236	78	230	98	107	65	68	115	98	50	39	15804
*	3p	+	44	21956	14250	15034	20773	72013	355	330	546	345	123	160	93	200	161	217	101	178	98	119	52	52	104	89	41	46	15523
*	3p	+	45	22979	13534	14116	20663	71292	369	362	383	330	164	148	118	217	142	207	100	203	96	110	63	58	103	83	47	61	15236
*	3p	+	46	22303	14139	13413	20689	70544	370	330	377	330	139	171	105	246	132	215	82	195	90	109	58	55	100	92	46	40	14965
*	3p	+	47	22363	13401	13302	20707	69773	341	311	329	349	143	149	86	253	150	207	91	218	101	104	55	52	99	86	38	43	14692
*	3p	+	48	20620	15088	13215	20078	69001	331	339	315	342	131	148	109	267	151	206	116	230	97	120	62	53	87	85	39	51	14437
*	3p	+	49	20343	13192	12995	21708	68238	335	323	304	804	128	155	82	252	151	206	108	224	110	120	57	46	103	75	44	40	14190
*	3p	+	50	21674	12949	13200	19611	67434	346	347	438	316	121	158	88	249	143	177	89	195	100	89	66	67	89	97	45	46	13943
*	3p	+	51	20204	14204	12677	19585	66670	349	343	322	337	114	137	109	286	113	172	83	188	99	107	62	77	100	92	52	64	13674
*	3p	+	52	19525	13747	13173	19567	66012	343	330	260	303	126	120	295	1271	139	181	82	188	97	114	70	50	84	93	50	37	13458
*	3p	+	53	20797	12546	12526	19359	65228	345	319	335	323	127	139	86	201	152	180	91	194	101	109	54	56	98	90	46	44	13214
*	3p	+	54	20389	12650	12243	19129	64411	334	306	318	287	126	140	90	185	144	178	71	159	105	96	60	59	105	88	49	37	12939
*	3p	+	55	18567	13947	11938	19181	63633	343	296	289	298	119	144	76	217	137	173	69	160	93	91	55	59	97	110	33	50	12716
*	3p	+	56	18555	11974	11998	20273	62800	306	289	265	288	134	142	90	179	130	186	72	192	123	99	46	52	93	104	39	50	12458
*	3p	+	57	18677	11878	11703	19756	62014	345	320	320	288	97	158	83	169	148	190	79	165	107	93	58	39	74	100	40	39	12252
*	3p	+	58	18133	11902	11615	19572	61222	303	294	267	306	138	140	91	170	153	193	79	190	103	93	55	49	80	96	43	36	12043
*	3p	+	59	18053	11557	12706	17984	60300	339	296	287	266	126	141	80	147	113	146	78	166	106	107	57	41	95	86	35	46	11795
*	3p	+	60	18109	12777	11105	17410	59401	288	316	268	282	117	121	115	175	126	169	72	170	103	88	56	51	102	96	48	38	11548
*	3p	+	61	18681	11246	11491	17121	58539	311	300	254	271	112	135	70	199	114	154	77	160	81	102	61	61	98	83	27	52	11313
*	3p	+	62	17390	12179	10664	17437	57670	271	275	266	271	119	127	74	176	128	179	81	162	105	108	53	48	92	78	44	33	11078
*	3p	+	63	17930	10970	10688	17151	56739	250	280	251	261	114	123	67	159	115	153	66	160	101	107	56	53	86	82	40	41	10839
*	3p	+	64	17690	10581	11298	16286	55855	277	231	268	279	122	138	68	160	89	163	98	172	85	84	61	53	82	96	34	33	10606
*	3p	+	65	17902	10671	10369	16039	54981	264	261	222	257	94	123	88	152	114	145	68	168	100	87	57	50	77	96	44	24	10391
*	3p	+	66	17366	10764	10109	15847	54086	283	270	228	253	99	122	74	158	109	137	58	162	92	93	49	47	81	84	32	49	10151
*	3p	+	67	16243	11374	10176	15408	53201	248	261	251	248	112	108	60	253	113	149	60	178	108	91	51	44	71	76	46	42	9941
*	3p	+	68	15792	9918	10878	15669	52257	277	233	228	231	94	111	61	129	105	140	73	177	89	101	57	47	88	83	31	35	9721
*	3p	+	69	15606	10106	10750	14891	51353	258	261	216	227	115	133	68	143	98	136	66	160	78	92	50	55	74	89	52	37	9486
*	3p	+	70	15701	9638	9763	15376	50478	230	280	207	227	97	130	57	125	116	137	80	163	89	84	47	50	84	73	40	40	9212
*	3p	-	1	23561	17263	20879	24714	86417	989	258	320	319	148	141	100	150	152	119	100	152	0	0	0	0	5	2	7	2	30029
*	3p	-	2	27457	16935	15035	27001	86428	701	197	175	272	90	93	41	139	108	118	65	95	2	8	0	0	3	4	2	1	29982
*	3p	-	3	26586	15514	17387	26944	86431	474	191	218	176	72	96	49	127	93	93	62	121	0	1	1	1	0	1	6	1	29426
*	3p	-	4	26157	15684	16590	27956	86387	369	184	184	174	82	82	49	135	75	103	48	135	13	30	10	7	18	20	5	8	28770
*	3p	-	5	25666	16049	16424	28239	86378	299	151	163	160	74	92	58	124	78	85	55	113	15	18	10	10	26	28	4	3	28030
*	3p	-	6	25568	16579	15671	28555	86373	428	340	330	349	129	208	90	252	171	212	90	188	29	20	6	10	17	24	19	6	27167
*	3p	-	7	27577	16303	16194	26307	86381	466	306	291	296	110	172	84	234	159	218	81	211	25	14	10	10	21	21	7	10	26760
*	3p	-	8	26718	16282	16968	26394	86362	412	289	339	250	121	141	104	237	160	218	97	222	21	31	16	9	27	32	13	6	26271
*	3p	-	9	27969	15700	17203	25469	86341	421	314	316	332	148	147	98	219	137	213	116	227	39	35	14	21	32	33	14	20	25808
*	3p	-	10	26610	16675	15872	27165	86322	400	343	288	316	146	152	103	221	167	192	94	225	40	37	14	14	40	46	10	21	25309
*	3p	-	11	25136	17211	17292	26674	86313	413	353	337	329	150	184	117	250	188	205	91	222	39	34	24	24	47	39	23	17	24767
*	3p	-	12	25396	17222	17261	26412	86291	432	330	397	331	147	163	208	230	179	215	104	247	40	43	26	17	52	56	21	19	24375
*	3p	-	13	26112	16895	16775	26511	86293	394	294	344	315	154	168	98	252	165	223	109	238	52	55	26	17	58	48	24	15	23983
*	3p	-	14	26270	16501	16610	26908	86289	389	286	347	343	182	140	84	248	175	248	140	235	58	51	30	26	43	55	22	23	23582
*	3p	-	15	26177	16662	16975	26476	86290	417	322	374	319	173	165	89	211	179	246	128	241	58	48	32	31	55	51	19	23	23165
*	3p	-	16	26033	17077	16814	26339	86263	447	334	348	346	153	158	99	276	172	215	116	212	49	68	37	29	55	58	35	23	22758
*	3p	-	17	26033	16512	16824	26895	86264	399	349	350	304	265	178	89	246	174	232	181	245	49	62	32	30	65	65	26	17	22398
*	3p	-	18	25696	16989	16912	26654	86251	497	325	365	331	121	174	95	256	177	218	104	257	61	51	41	30	73	59	20	35	22032
*	3p	-	19	25748	16855	16867	26775	86245	369	324	332	309	142	167	93	235	171	217	102	219	75	73	44	41	71	66	35	21	21703
*	3p	-	20	24167	16220	15980	24829	81196	374	322	392	362	147	194	117	251	153	252	107	266	70	74	43	51	72	67	18	29	21333
*	3p	-	21	23711	15473	15566	24566	79316	397	350	386	381	172	186	118	242	182	255	109	275	75	61	53	46	79	67	23	31	20961
*	3p	-	22	23522	15673	15550	23844	78589	373	334	386	358	158	167	112	251	200	259	129	269	76	72	51	50	78	90	26	27	20642
*	3p	-	23	23400	15792	15286	23739	78217	421	382	466	345	169	173	102	258	208	225	129	252	84	71	54	47	79	94	26	38	20324
*	3p	-	24	23127	15886	15403	23595	78011	439	337	364	359	154	195	107	271	165	247	120	272	96	87	40	43	76	99	25	36	20019
*	3p	-	25	23254	15396	15224	23864	77738	423	364	385	377	134	168	130	252	173	226	173	239	113	92	47	47	86	85	28	35	19732
*	3p	-	26	22715	15706	15265	23831	77517	396	342	354	372	150	182	106	222	184	268	110	261	105	83	47	57	87	88	27	34	19419
*	3p	-	27	22776	15466	15497	23571	77310	441	373	392	395	166	169	107	245	165	222	89	264	98	84	57	45	97	78	37	38	19135
*	3p	-	28	22762	15468	15249	23646	77125	400	385	340	342	133	191	106	221	187	214	105	284	95	90	61	46	82	86	42	34	18835
*	3p	-	29	22769	15345	14991	23905	77010	414	344	373	371	141	169	102	242	163	217	102	233	112	102	53	40	88	76	40	26	18522
*	3p	-	30	22726	15620	15198	23279	76823	392	379	322	410	145	174	119	258	158	221	114	262	103	102	61	49	83	92	49	30	18221
*	3p	-	31	22857	15385	15047	23184	76473	387	346	379	345	155	169	129	249	139	252	107	228	101	104	63	47	101	91	41	32	17953
*	3p	-	32	22634	15330	15269	22939	76172	399	378	392	355	162	174	110	244	161	224	89	252	105	112	61	72	111	83	44	31	17684
*	3p	-	33	22553	15111	15136	23078	75878	396	338	366	378	160	151	112	251	166	233	130	252	101	117	66	66	98	88	31	37	17385
*	3p	-	34	22363	15468	14864	22866	75561	396	345	351	345	150	178	100	255	166	219	110	254	108	110	57	39	79	99	27	43	17146
*	3p	-	35	22510	14953	15130	22582	75175	371	374	354	342	145	152	100	236	168	184	112	257	107	105	62	56	93	79	40	41	16890
*	3p	-	36	22599	14827	15066	22015	74507	386	354	424	369	145	211	97	253	179	223	98	246	108	97	68	63	87	94	33	34	16605
*	3p	-	37	22442	14510	14746	22302	74000	357	350	359	325	149	171	99	224	135	212	96	269	108	105	57	63	91	86	34	46	16364
*	3p	-	38	22243	14708	14510	22015	73476	401	360	370	335	163	152	116	246	145	219	82	280	113	104	66	54	86	91	43	38	16115
*	3p	-	39	22142	14543	14512	21749	72946	373	350	382	349	145	179	126	212	188	206	101	288	136	109	63	63	97	94	41	38	15850
*	3p	-	40	21506	14650	14257	22015	72428	341	362	341	345	150	180	122	209	149	208	106	263	107	128	59	67	106	84	48	39	15603
*	3p	-	41	21760	13982	14148	21919	71809	356	297	362	346	126	170	94	230	129	202	100	272	140	100	52	61	101	92	36	41	15355
*	3p	-	42	21194	14458	14213	21296	71161	396	369	367	347	159	193	100	203	169	224	133	260	98	108	63	80	113	92	39	33	15108
*	3p	-	43	21216	13810	14234	21294	70554	381	329	327	350	152	141	88	195	149	223	78	329	117	111	49	65	86	98	40	35	14873
*	3p	-	44	20867	13884	14038	21141	69930	373	319	375	349	151	172	106	205	145	217	105	251	112	112	55	61	76	101	44	39	14626
*	3p	-	45	20826	13919	13653	20808	69206	355	303	304	370	137	179	85	252	142	197	96	223	95	117	63	55	112	90	35	43	14409
*	3p	-	46	20243	13730	13675	20836	68484	351	354	406	318	136	152	90	237	139	234	99	249	87	136	56	58	97	87	32	38	14179
*	3p	-	47	20363	13357	13500	20455	67675	337	313	342	306	141	150	104	177	132	215	81	279	122	118	51	69	97	97	42	33	13955
*	3p	-	48	19979	13400	13440	20088	66907	334	296	331	322	123	163	102	190	113	184	89	218	111	119	54	61	99	100	38	41	13710
*	3p	-	49	19916	13207	12935	20090	66148	367	324	330	286	111	160	97	204	151	204	94	202	111	101	58	67	107	95	31	41	13465
*	3p	-	50	19687	12928	13113	19664	65392	329	332	297	307	132	161	103	200	144	187	102	237	91	109	73	57	100	105	38	39	13230
*	3p	-	51	19413	13054	12621	19582	64670	297	315	348	315	122	148	99	186	149	201	82	197	92	119	50	61	94	98	35	41	13002
*	3p	-	52	19193	12587	12698	19476	63954	341	305	270	312	117	157	90	199	141	188	88	207	79	109	49	58	101	104	29	42	12776
*	3p	-	53	18955	12801	12515	18963	63234	310	314	283	307	109	141	113	206	141	158	93	215	90	86	45	56	94	84	37	40	12534
*	3p	-	54	18945	12550	12157	18854	62506	301	314	296	299	123	154	97	192	124	162	80	184	117	86	47	53	92	85	35	43	12302
*	3p	-	55	18530	12586	12111	18518	61745	288	282	299	324	128	156	92	171	124	188	86	197	100	74	58	50	78	75	49	34	12043
*	3p	-	56	18306	12098	11904	18614	60922	305	281	321	316	121	141	94	180	128	162	81	195	106	92	33	43	75	75	36	34	11803
*	3p	-	57	18092	12082	11886	18065	60125	328	295	283	312	103	138	99	153	135	151	73	181	87	84	46	49	78	84	35	26	11585
*	3p	-	58	17922	11934	11641	17791	59288	304	286	280	243	116	142	106	184	111	178	90	183	81	93	43	48	68	82	38	32	11364
*	3p	-	59	17722	11513	11439	17751	58425	273	298	289	270	116	161	107	175	112	183	82	154	74	97	57	49	91	80	28	29	11141
*	3p	-	60	17438	11399	11294	17422	57553	279	307	280	238	97	108	98	179	117	174	75	187	100	83	53	42	85	64	50	36	10916
*	3p	-	61	17348	11187	11123	17053	56711	255	267	253	248	86	134	120	164	101	142	75	186	103	92	49	58	76	74	35	33	10706
*	3p	-	62	16664	11227	11220	16747	55858	267	308	275	247	115	139	88	156	105	154	78	164	85	106	69	61	81	72	29	30	10496
*	3p	-	63	16496	10891	10773	16792	54952	280	253	247	241	94	119	87	158	122	172	75	174	95	95	45	60	62	84	33	25	10292
*	3p	-	64	15876	10879	10901	16346	54002	264	287	237	260	116	121	90	171	107	167	80	165	89	85	56	45	70	80	38	31	10077
*	3p	-	65	16073	10335	10569	16157	53134	232	254	253	285	110	121	82	159	104	150	111	243	97	85	51	52	74	70	31	30	9857
*	3p	-	66	15642	10464	10553	15668	52327	268	261	271	271	102	137	99	171	122	159	66	165	91	91	44	50	71	72	29	32	9658
*	3p	-	67	15631	10170	10147	15514	51462	260	277	218	277	104	134	87	144	100	130	92	137	94	83	43	51	69	62	30	30	9453
*	3p	-	68	15279	10151	9873	15280	50583	238	252	241	240	84	117	98	153	93	142	64	166	83	95	40	47	63	70	25	25	9236
*	3p	-	69	15075	9929	9807	14972	49783	252	248	230	253	79	113	86	129	93	135	71	153	85	86	41	46	57	61	41	26	9004
*	3p	-	70	14597	9847	9467	15033	48944	196	247	251	244	94	111	111	159	104	144	49	139	69	81	54	43	67	51	24	30	8775
*	5p	+	1	24679	22858	18516	22857	88910	288	287	350	443	178	110	111	229	149	185	112	117	0	0	0	0	3	3	2	6	27226
*	5p	+	2	28447	14965	17434	28075	88921	241	349	283	197	72	137	63	133	130	140	44	139	10	3	2	2	2	1	2	2	27140
*	5p	+	3	27807	18066	15800	27254	88927	193	241	179	252	100	76	50	158	81	129	73	161	3	2	1	1	0	0	1	2	26597
*	5p	+	4	29491	16642	15987	26768	88888	198	249	202	215	100	78	51	174	59	102	57	130	40	15	9	3	17	12	6	8	25949
*	5p	+	5	29649	16777	16649	25796	88871	220	215	191	226	73	88	41	130	65	131	65	116	22	15	8	13	23	19	10	8	25267
*	5p	+	6	30057	15486	17347	25974	88864	367	359	349	309	136	143	98	227	141	235	93	220	19	29	10	13	26	27	7	5	24428
*	5p	+	7	27281	16469	16495	28614	88859	327	315	304	326	115	184	82	231	113	184	97	230	23	23	12	9	30	32	5	5	23991
*	5p	+	8	26993	17684	16853	27323	88853	325	320	316	362	144	159	108	226	135	163	92	245	38	17	12	10	26	32	8	11	23483
*	5p	+	9	26269	17531	16211	28829	88840	310	364	319	324	126	174	108	230	155	164	89	210	38	32	17	15	39	32	11	9	22988
*	5p	+	10	28523	16139	16829	27337	88828	347	324	333	331	140	153	79	195	128	178	87	208	53	53	17	19	35	39	15	13	22505
*	5p	+	11	27844	17581	17767	25627	88819	359	344	330	399	149	156	119	235	145	176	115	231	50	53	26	22	50	32	16	13	22047
*	5p	+	12	27106	17859	17984	25840	88789	344	356	365	396	163	151	132	193	151	199	377	209	44	64	32	33	52	59	13	16	21691
*	5p	+	13	27420	17325	17493	26523	88761	335	373	342	339	115	180	116	216	187	182	108	224	57	58	23	29	66	54	23	26	21298
*	5p	+	14	28166	17277	16677	26650	88770	333	370	352	380	142	185	111	195	227	164	101	251	62	64	21	24	74	48	15	23	20908
*	5p	+	15	27422	17596	17125	26637	88780	330	388	375	377	134	156	115	237	185	201	107	195	74	59	25	33	55	51	21	22	20518
*	5p	+	16	27307	17138	17517	26784	88746	311	346	331	362	138	134	113	231	148	190	97	244	70	56	27	36	53	63	26	28	20123
*	5p	+	17	27603	17352	16920	26877	88752	365	369	344	374	150	148	353	223	385	210	93	198	72	76	26	25	72	68	17	20	19806
*	5p	+	18	27961	17514	17248	26003	88726	359	566	367	369	122	148	106	233	148	175	90	210	61	70	31	41	73	68	32	30	19483
*	5p	+	19	27894	17192	17154	26489	88729	348	333	319	362	138	149	99	249	137	219	86	203	69	71	35	45	67	72	34	26	19117
*	5p	+	20	25739	16549	16612	24781	83681	387	387	372	383	144	174	112	257	142	229	106	242	68	79	59	45	95	84	27	31	18791
*	5p	+	21	25717	15764	16054	24253	81788	377	353	446	417	145	185	122	240	168	233	106	256	88	93	35	46	87	75	33	38	18463
*	5p	+	22	25089	15847	16146	24039	81121	348	349	405	402	150	169	114	257	173	202	110	242	95	74	49	43	80	68	31	29	18162
*	5p	+	23	24562	15863	15936	24393	80754	386	394	389	561	141	172	105	266	156	219	100	219	76	103	41	45	78	82	22	31	17898
*	5p	+	24	24764	15764	16408	23573	80509	382	422	342	379	150	199	87	238	162	195	110	242	93	77	45	48	100	84	38	31	17595
*	5p	+	25	24944	15698	15857	23716	80215	390	353	354	399	135	155	231	271	144	225	144	216	74	89	49	55	101	79	43	41	17302
*	5p	+	26	24900	15415	16388	23308	80011	402	366	356	374	195	187	99	266	150	221	114	261	92	87	41	40	93	87	38	35	17008
*	5p	+	27	24406	15885	16185	23344	79820	415	407	402	390	139	170	96	271	149	225	105	279	81	93	47	40	100	105	33	26	16729
*	5p	+	28	24648	15674	15747	23578	79647	403	378	396	408	135	176	107	348	169	217	113	258	94	86	52	67	86	90	42	38	16481
*	5p	+	29	24789	15783	15882	23075	79529	384	400	403	370	131	144	125	265	158	253	122	215	78	118	53	47	94	83	45	27	16257
*	5p	+	30	24668	15492	16292	22922	79374	377	338	442	361	114	176	115	252	173	212	133	254	99	110	56	58	84	85	42	50	15975
*	5p	+	31	24351	15560	15932	23197	79040	379	388	374	352	139	171	105	223	148	221	152	236	102	102	53	64	88	86	40	34	15735
*	5p	+	32	24294	15763	15347	23243	78647	378	390	372	393	138	184	103	282	155	210	116	236	91	110	63	58	104	79	41	50	15483
*	5p	+	33	24212	15616	15402	23087	78317	431	333	377	371	157	176	146	286	206	244	128	229	109	104	62	70	102	84	41	32	15244
*	5p	+	34	23868	15309	16029	22779	77985	402	382	336	413	137	153	117	244	163	219	93	220	117	113	47	64	101	92	45	35	15013
*	5p	+	35	23657	15446	15177	23328	77608	379	359	354	395	156	174	138	250	166	226	120	220	115	101	72	61	118	90	56	41	14796
*	5p	+	36	22697	15839	15265	23086	76887	391	362	340	367	144	163	93	261	158	223	126	224	95	123	64	75	107	97	43	38	14564
*	5p	+	37	22903	15325	15020	23123	76371	366	359	361	400	137	173	114	298	167	196	150	222	105	142	68	53	106	96	47	42	14324
*	5p	+	38	22849	14875	14854	23105	75683	378	354	350	350	138	154	99	272	189	207	118	212	118	112	71	65	113	84	40	43	14097
*	5p	+	39	22211	15108	15450	22409	75178	390	380	362	371	138	176	123	301	141	205	118	226	117	99	71	67	102	92	52	38	13890
*	5p	+	40	22932	14639	15089	21992	74652	387	323	357	368	121	163	106	276	161	219	131	191	109	94	67	63	117	81	43	45	13677
*	5p	+	41	22782	14601	14495	22083	73961	414	377	364	407	122	144	104	243	170	203	104	242	91	105	83	54	91	106	54	41	13464
*	5p	+	42	22261	14245	14693	22133	73332	390	337	359	408	135	151	120	293	170	225	100	223	113	111	48	46	105	86	39	39	13267
*	5p	+	43	21787	14811	14299	21811	72708	389	343	337	397	124	154	97	462	175	219	108	232	102	84	64	68	68	108	49	42	13068
*	5p	+	44	22196	14524	14080	21198	71998	373	378	380	350	136	165	106	247	160	197	130	207	101	109	59	39	113	93	41	47	12898
*	5p	+	45	21534	14101	14221	21439	71295	376	382	341	380	138	147	82	212	154	231	125	234	99	89	67	45	101	112	34	43	12688
*	5p	+	46	21884	13994	13821	20857	70556	388	337	312	453	119	158	100	244	167	206	122	197	98	107	63	57	95	77	45	49	12480
*	5p	+	47	21204	13941	13872	20754	69771	368	331	287	333	133	157	103	396	149	241	149	172	108	95	59	59	97	97	37	36	12312
*	5p	+	48	20763	13870	13867	20486	68986	389	349	339	345	128	168	116	218	119	200	127	209	100	100	58	63	110	85	43	38	12125
*	5p	+	49	20904	13409	13635	20275	68223	324	352	312	332	119	162	101	190	121	192	122	200	115	119	47	63	117	100	37	23	11951
*	5p	+	50	20341	13850	13167	20067	67425	388	326	327	367	121	172	83	256	136	191	114	212	123	90	64	67	113	96	32	45	11755
*	5p	+	51	20500	13195	13440	19567	66702	356	330	303	303	117	165	83	208	168	170	97	198	108	106	66	57	91	108	39	33	11581
*	5p	+	52	19977	12902	13088	20038	66005	345	308	295	317	116	151	97	190	141	217	99	202	114	101	61	54	92	87	44	49	11388
*	5p	+	53	19968	12983	13184	19098	65233	381	314	333	276	136	144	83	192	138	189	108	236	116	95	61	53	112	79	43	39	11235
*	5p	+	54	19584	12611	12636	19592	64423	341	343	313	337	116	160	93	206	156	192	105	193	96	117	62	56	96	78	44	48	11055
*	5p	+	55	19029	12407	13114	19096	63646	353	302	303	307	129	144	95	183	141	178	125	213	105	87	44	65	94	91	38	53	10901
*	5p	+	56	19368	12122	12528	18821	62839	314	329	282	273	133	141	79	205	129	182	124	182	105	113	51	52	85	80	38	44	10727
*	5p	+	57	18589	12142	12571	18722	62024	345	306	300	394	108	130	83	190	133	200	92	212	100	114	56	53	87	77	39	41	10573
*	5p	+	58	18273	12031	12705	18236	61245	326	297	288	296	113	144	58	206	119	174	137	174	106	102	59	63	77	81	34	40	10395
*	5p	+	59	18341	11945	11614	18400	60300	326	292	250	299	118	123	81	205	138	177	158	168	118	110	52	61	93	91	38	41	10228
*	5p	+	60	18091	11437	11535	18369	59432	341	278	260	294	98	149	66	165	117	162	111	164	113	94	58	53	86	90	33	44	10072
*	5p	+	61	17620	11366	11468	18109	58563	303	280	275	236	101	130	91	200	128	159	126	156	99	114	66	62	87	77	37	35	9920
*	5p	+	62	17218	11565	11526	17365	57674	357	276	260	268	112	117	76	165	121	157	115	174	116	100	56	92	89	77	26	44	9752
*	5p	+	63	17451	11093	11212	17017	56773	307	258	262	231	102	151	76	203	108	179	98	171	99	146	54	58	93	69	22	32	9579
*	5p	+	64	16751	11324	11155	16657	55887	294	260	260	267	95	131	86	196	118	163	67	185	99	97	49	56	81	66	32	35	9435
*	5p	+	65	16479	11164	10625	16747	55015	342	268	246	241	95	128	158	323	114	143	124	149	88	84	44	59	88	72	28	25	9256
*	5p	+	66	16269	11166	10528	16156	54119	314	271	256	244	92	121	66	158	113	188	97	140	88	100	40	45	72	75	31	36	9083
*	5p	+	67	16389	10512	10386	15930	53217	306	237	316	216	103	111	91	153	113	160	119	146	84	93	36	46	72	76	38	34	8919
*	5p	+	68	15742	10087	10603	15862	52294	282	248	258	230	115	127	65	134	92	142	105	160	66	79	60	57	65	67	27	41	8768
*	5p	+	69	15547	10468	10080	15301	51396	304	253	271	250	99	108	63	154	93	162	106	130	84	84	49	37	62	78	34	35	8619
*	5p	+	70	15326	10204	9913	15068	50511	274	218	229	202	91	115	65	154	103	127	102	144	78	63	47	53	76	60	36	33	8484
*	5p	-	1	24149	21817	18049	22395	86410	273	297	313	380	196	126	124	214	158	175	160	123	0	0	0	0	0	0	1	5	27595
*	5p	-	2	25904	15091	17871	27558	86424	235	358	268	211	78	114	86	129	91	117	47	140	0	0	0	1	2	0	2	1	27532
*	5p	-	3	25609	19448	14922	26451	86430	202	266	165	233	98	114	70	128	62	100	70	166	0	1	0	0	3	0	1	2	26960
*	5p	-	4	27264	18144	15143	25867	86418	210	209	182	196	74	105	54	166	49	113	49	145	2	5	9	5	5	3	5	6	26322
*	5p	-	5	27564	16873	16041	25933	86411	201	245	209	174	81	67	69	131	58	110	41	132	5	2	6	7	7	7	2	11	25594
*	5p	-	6	28049	15626	17794	24943	86412	357	330	359	292	106	155	135	189	143	209	97	233	8	8	2	8	5	5	5	12	24789
*	5p	-	7	24878	16357	15925	29254	86414	312	340	302	313	105	162	104	160	125	187	97	214	17	8	9	8	13	6	5	1	24325
*	5p	-	8	24708	17730	16315	27646	86399	330	355	336	305	137	177	120	185	138	172	103	210	17	17	3	8	15	9	8	7	23822
*	5p	-	9	24292	17371	15792	28938	86393	296	362	302	333	128	155	134	205	137	163	115	219	26	19	10	14	11	16	13	6	23320
*	5p	-	10	26228	15859	16429	27844	86360	323	315	267	295	125	174	103	197	121	188	95	201	21	29	21	16	21	25	13	20	22813
*	5p	-	11	25938	17672	16770	25970	86350	325	355	354	318	119	173	183	200	152	201	94	223	36	40	26	14	28	24	16	22	22342
*	5p	-	12	25488	19353	16216	25282	86339	324	378	356	385	148	148	638	206	127	201	122	231	27	38	18	25	26	38	18	17	21914
*	5p	-	13	25882	17981	16351	26126	86340	336	366	333	319	134	152	137	227	139	174	76	232	35	48	24	30	31	34	18	17	21508
*	5p	-	14	25542	18438	16502	25849	86331	320	357	327	344	136	124	106	230	130	209	95	213	37	41	27	19	38	33	17	20	21101
*	5p	-	15	26922	17090	15922	26389	86323	343	336	312	365	108	159	96	188	132	207	130	217	50	42	30	34	36	43	22	16	20688
*	5p	-	16	26928	17283	15826	26273	86310	298	366	379	357	127	164	487	219	138	188	107	225	53	50	25	38	39	40	23	24	20308
*	5p	-	17	26754	17233	16157	26157	86301	346	348	328	344	153	163	127	195	117	226	94	215	51	45	25	22	38	63	17	20	19980
*	5p	-	18	25774	17099	17448	25952	86273	315	364	350	358	139	168	87	186	132	193	99	236	40	53	23	24	50	55	35	26	19650
*	5p	-	19	25473	16878	16332	27575	86258	361	302	350	337	142	144	93	190	127	214	89	228	56	41	25	20	56	70	29	26	19330
*	5p	-	20	23962	16365	16686	24200	81213	418	412	345	344	178	182	100	230	148	219	145	233	68	63	35	29	58	55	17	37	18989
*	5p	-	21	23239	16239	15392	24473	79343	372	399	393	391	146	194	98	217	148	201	194	211	57	75	40	31	73	54	23	24	18657
*	5p	-	22	23178	16374	15024	24033	78609	403	378	367	360	125	182	191	210	146	204	86	241	71	72	53	47	80	59	24	38	18348
*	5p	-	23	23129	15699	15269	24163	78260	350	381	357	346	145	169	94	206	165	210	139	241	76	79	47	50	53	63	53	22	18083
*	5p	-	24	23043	15710	16225	23042	78020	358	378	351	366	145	167	105	223	159	231	132	246	83	82	50	51	88	67	35	36	17745
*	5p	-	25	22490	16040	16195	23042	77767	396	387	369	353	131	156	97	240	138	223	102	236	84	92	42	45	81	69	27	28	17416
*	5p	-	26	23475	15889	14983	23188	77535	363	368	357	371	149	191	102	214	144	222	91	251	75	76	40	69	78	79	33	28	17133
*	5p	-	27	23764	15351	15231	22971	77317	383	334	402	361	133	170	97	282	152	212	108	236	71	96	42	48	83	90	34	37	16844
*	5p	-	28	22574	16548	15326	22693	77141	353	351	345	371	132	165	134	209	139	239	98	233	93	92	55	53	83	86	35	25	16575
*	5p	-	29	23048	15682	15741	22544	77015	385	362	383	366	139	178	89	202	149	202	105	262	86	101	48	61	82	78	31	36	16329
*	5p	-	30	22564	15284	15216	23787	76851	365	359	338	319	138	167	111	235	146	175	99	240	81	102	42	57	88	75	33	31	16077
*	5p	-	31	22602	16250	14347	23313	76512	392	386	381	439	211	174	78	247	163	230	90	247	106	93	47	47	74	77	41	36	15824
*	5p	-	32	23654	15514	14787	22259	76214	365	330	341	365	149	198	86	234	168	213	100	225	93	101	47	61	77	83	50	17	15596
*	5p	-	33	23596	15654	14561	22081	75892	370	378	367	356	180	189	89	231	183	224	107	218	86	100	61	60	90	66	45	39	15353
*	5p	-	34	24146	14719	14341	22332	75538	345	346	357	360	147	180	70	210	163	211	119	223	106	105	58	38	100	102	32	36	15106
*	5p	-	35	23545	15096	14361	22174	75176	382	351	379	336	159	208	85	208	155	187	95	212	108	97	63	62	85	91	42	33	14879
*	5p	-	36	21815	15172	14287	23216	74490	412	371	405	343	138	176	83	205	162	199	108	236	121	115	60	70	106	89	27	42	14635
*	5p	-	37	22167	15624	14073	22117	73981	366	369	559	336	136	179	86	257	179	215	122	232	124	100	70	57	106	96	35	39	14413
*	5p	-	38	21185	14476	14805	23017	73483	367	332	337	324	139	154	75	208	161	207	176	242	127	110	81	53	92	80	43	34	14194
*	5p	-	39	21213	14657	14147	22952	72969	372	366	320	371	118	155	84	221	159	214	115	247	110	134	49	69	82	77	46	44	13986
*	5p	-	40	21508	14563	13883	22492	72446	358	356	324	359	138	154	93	221	151	225	93	249	123	120	72	69	92	86	36	47	13780
*	5p	-	41	20925	14655	15098	21127	71805	411	325	347	334	147	149	84	222	205	213	100	246	106	127	57	66	91	101	37	44	13562
*	5p	-	42	20950	15089	14021	21117	71177	400	333	324	350	132	183	101	202	146	234	114	241	109	135	72	54	96	84	47	34	13342
*	5p	-	43	21655	14025	13467	21405	70552	375	333	306	373	146	146	94	185	133	204	96	232	119	113	61	65	83	93	44	42	13123
*	5p	-	44	20606	14706	13590	20993	69895	395	340	338	506	127	176	77	212	178	190	94	174	102	104	73	57	94	103	53	46	12924
*	5p	-	45	20610	13741	13190	21657	69198	358	320	356	332	131	157	92	212	160	223	128	227	111	130	64	56	104	99	54	31	12716
*	5p	-	46	20409	13108	13653	21281	68451	401	302	329	346	145	147	70	209	125	201	100	246	130	105	57	66	97	95	42	52	12501
*	5p	-	47	20103	13078	13101	21382	67664	381	305	308	292	129	174	99	193	147	204	87	221	128	114	51	58	98	95	48	40	12301
*	5p	-	48	19800	13199	13999	19923	66921	369	322	304	318	146	173	83	235	159	210	67	219	117	106	73	50	94	81	44	44	12103
*	5p	-	49	20828	12928	12772	19632	66160	384	327	592	282	125	142	71	195	149	212	120	231	119	103	54	55	96	81	39	47	11919
*	5p	-	50	19589	12764	12617	20438	65408	368	319	330	385	119	158	81	195	136	190	90	210	108	108	57	63	101	86	34	43	11732
*	5p	-	51	19115	12631	13308	19607	64661	350	307	317	296	118	131	82	173	141	182	78	287	103	103	59	71	97	105	32	43	11545
*	5p	-	52	18963	12616	13215	19178	63972	344	318	263	284	116	150	79	239	141	155	240	850	112	125	65	56	90	96	35	36	11360
*	5p	-	53	18881	12266	12323	19764	63234	393	307	286	308	132	163	75	193	137	191	75	196	130	124	48	56	86	102	35	31	11196
*	5p	-	54	18771	11962	12312	19453	62498	347	265	278	289	83	154	67	188	137	182	83	201	94	110	66	59	77	108	40	37	11050
*	5p	-	55	18823	11596	13151	18137	61707	331	313	308	301	118	141	82	187	125	167	89	209	120	98	52	54	82	107	39	50	10866
*	5p	-	56	19228	11767	12002	17866	60863	337	263	249	262	120	131	94	187	131	160	86	175	91	106	61	63	92	103	44	40	10703
*	5p	-	57	18868	11540	11621	18064	60093	342	284	280	275	125	145	91	166	132	180	75	174	96	96	62	58	92	97	42	24	10537
*	5p	-	58	18804	11238	11437	17781	59260	319	284	265	268	112	117	88	151	134	181	66	193	102	94	64	63	71	91	45	41	10382
*	5p	-	59	17446	11939	11247	17765	58397	305	292	266	300	100	124	66	167	127	157	76	175	87	108	62	51	94	83	46	33	10193
*	5p	-	60	16976	10906	11950	17695	57527	344	254	284	275	128	128	48	175	109	164	90	184	107	100	46	48	87	90	43	41	10021
*	5p	-	61	16854	11293	11033	17504	56684	338	252	260	251	109	126	69	175	132	167	75	186	98	79	40	54	82	94	30	39	9873
*	5p	-	62	16910	10763	11406	16734	55813	281	265	277	225	118	109	81	154	124	172	73	169	82	99	46	43	86	94	41	28	9687
*	5p	-	63	16619	10451	10827	17019	54916	284	269	267	259	110	136	61	169	138	176	85	171	105	82	45	46	87	76	40	34	9543
*	5p	-	64	16040	10805	10489	16643	53977	308	262	255	259	104	112	66	160	115	167	78	128	86	99	47	45	91	79	34	41	9381
*	5p	-	65	15596	10255	10405	16859	53115	330	244	240	230	102	110	76	194	139	156	97	146	92	70	50	52	85	71	37	37	9216
*	5p	-	66	15331	10060	10296	16614	52301	278	240	237	235	109	116	79	169	124	175	55	146	88	83	41	49	78	77	34	40	9059
*	5p	-	67	15397	9793	10746	15491	51427	280	228	291	218	90	108	79	160	118	175	50	204	82	92	45	33	79	73	35	40	8917
*	5p	-	68	15165	10326	9742	15314	50547	289	215	233	203	88	104	64	156	111	147	63	140	87	71	43	45	77	86	29	28	8767
*	5p	-	69	14796	10292	9884	14771	49743	312	249	236	237	77	104	84	153	109	148	65	142	73	96	42	50	77	81	34	33	8609
*	5p	-	70	14965	9654	9370	14916	48905	264	208	233	204	94	116	53	170	130	165	66	145	64	86	44	52	73	80	37	21	8469
