# table produced by mapDamage version 2.2.1
# using mapped file CviAPal015.merged.L103.realn.bam and reference.ssl.Cvi20k_rename.fasta as reference file
# Chr: reference from sam/bam header, End: from which termini of DNA sequences, Std: strand of reads
Chr	End	Std	Pos	A	C	G	T	Total	G>A	C>T	A>G	T>C	A>C	A>T	C>G	C>A	T>G	T>A	G>C	G>T	A>-	T>-	C>-	G>-	->A	->T	->C	->G	S
*	3p	+	1	22601	17298	20951	25840	86690	1039	231	339	263	127	177	112	146	193	130	136	148	0	0	0	0	3	0	1	0	30458
*	3p	+	2	27548	19312	14982	24848	86690	745	225	189	246	99	97	49	153	77	129	105	124	0	0	0	0	0	1	4	3	30404
*	3p	+	3	26080	15225	20651	24736	86692	501	213	194	191	83	79	72	134	79	100	92	113	1	0	1	0	1	2	2	0	29832
*	3p	+	4	25979	14859	19762	26082	86682	383	198	180	182	63	75	51	118	83	76	85	114	3	4	5	3	3	4	6	3	29119
*	3p	+	5	27215	15817	17444	26188	86664	339	206	172	197	58	79	63	123	82	107	77	131	6	6	7	2	11	11	7	3	28308
*	3p	+	6	24820	19325	15657	26877	86679	468	413	294	352	127	181	78	295	152	197	161	248	9	5	7	4	6	7	3	4	27444
*	3p	+	7	29633	17044	16180	23814	86671	514	322	321	282	119	179	84	263	139	203	160	196	9	10	7	10	9	7	5	7	26908
*	3p	+	8	28304	16599	17691	24065	86659	479	336	343	330	123	152	106	218	159	236	156	196	3	13	5	6	13	16	7	5	26377
*	3p	+	9	29256	15858	17550	23979	86643	519	316	346	322	126	147	106	224	135	193	200	231	22	19	14	13	23	12	10	12	25840
*	3p	+	10	28451	16809	15873	25497	86630	417	329	297	301	124	169	87	229	148	220	198	212	28	16	14	28	26	21	11	9	25304
*	3p	+	11	27076	16311	17374	25860	86621	463	368	353	387	127	173	119	252	154	259	199	253	36	21	17	24	18	24	19	18	24772
*	3p	+	12	24751	16301	20174	25362	86588	500	344	350	369	132	155	96	228	154	232	1540	231	36	26	16	17	33	42	17	20	24328
*	3p	+	13	25771	16495	18989	25339	86594	504	331	324	320	158	191	121	237	177	216	177	231	34	50	9	20	31	41	16	18	23904
*	3p	+	14	25278	16751	19602	24939	86570	420	366	334	333	133	197	108	237	156	204	139	265	47	46	8	18	47	38	25	18	23467
*	3p	+	15	26633	15795	16871	27284	86583	444	336	336	350	121	185	141	225	187	227	118	213	50	31	26	27	30	42	26	19	23028
*	3p	+	16	25647	15723	17584	27613	86567	457	355	329	336	135	162	113	259	165	226	1095	246	51	52	23	32	49	53	15	15	22578
*	3p	+	17	26864	16055	16345	27268	86532	454	354	455	371	143	224	107	255	179	242	154	208	54	68	29	26	59	58	29	21	22214
*	3p	+	18	26494	18662	16705	24677	86538	429	365	380	393	163	178	105	293	148	233	94	216	60	65	17	24	51	69	22	19	21777
*	3p	+	19	28854	15943	16837	24895	86529	419	357	376	367	146	179	99	228	182	217	103	207	57	59	25	34	62	62	26	19	21371
*	3p	+	20	25039	18219	16332	24135	83725	481	380	348	399	154	194	163	289	190	240	118	218	76	73	32	31	70	38	20	32	21027
*	3p	+	21	26800	16126	16030	23620	82576	406	368	381	448	166	201	455	285	166	214	111	226	57	77	39	41	71	64	28	30	20640
*	3p	+	22	24751	15558	17800	23991	82100	494	395	393	385	158	189	112	293	142	273	315	235	81	71	51	35	80	61	28	30	20267
*	3p	+	23	25678	16359	16216	23551	81804	418	386	367	402	131	197	158	277	174	239	93	227	69	80	44	36	89	72	30	42	19886
*	3p	+	24	23342	17947	16128	24241	81658	447	377	419	408	137	197	133	288	199	225	104	222	75	80	38	42	73	79	31	38	19535
*	3p	+	25	23435	18324	16543	23111	81413	491	398	348	392	150	168	132	342	148	219	109	243	79	69	41	46	88	73	19	29	19203
*	3p	+	26	23440	15885	16736	25186	81247	382	417	382	404	155	196	128	272	170	256	98	242	94	85	37	52	68	63	34	34	18820
*	3p	+	27	23671	16467	15644	25284	81066	416	413	368	427	158	190	118	289	188	231	93	258	96	94	48	41	90	74	31	32	18467
*	3p	+	28	22924	16630	18349	23015	80918	503	371	351	390	137	191	114	277	185	276	181	252	96	93	46	43	72	79	47	36	18171
*	3p	+	29	23192	17280	16139	24180	80791	445	374	361	410	174	179	126	298	203	258	90	248	99	82	53	52	82	81	43	42	17838
*	3p	+	30	25672	16372	15327	23309	80680	408	379	359	401	143	191	106	274	148	238	109	227	94	103	54	39	75	85	32	50	17535
*	3p	+	31	24498	14961	18021	22881	80361	418	364	389	420	135	194	105	247	231	235	96	295	101	112	42	44	85	78	33	45	17249
*	3p	+	32	22781	15195	16296	25770	80042	411	333	381	366	144	197	101	292	179	236	126	247	78	106	60	60	97	93	47	41	16927
*	3p	+	33	22713	15073	16230	25714	79730	458	374	386	406	150	162	124	264	236	251	87	255	107	103	60	63	107	97	39	43	16655
*	3p	+	34	23119	15193	14700	26376	79388	388	393	373	404	150	185	147	287	145	228	118	268	102	115	56	56	94	118	44	47	16381
*	3p	+	35	23545	15003	15137	25412	79097	398	414	388	414	151	194	117	248	167	225	105	228	97	134	60	62	106	95	37	49	16066
*	3p	+	36	25163	15117	16346	21870	78496	411	403	357	398	157	203	117	266	155	225	99	226	115	114	61	68	103	123	44	35	15798
*	3p	+	37	22516	14801	17395	23189	77901	416	390	371	1109	156	199	98	233	151	239	117	296	110	108	62	63	109	122	42	35	15579
*	3p	+	38	24882	15690	14759	21791	77122	414	379	377	384	130	169	177	266	156	219	94	225	134	99	77	61	109	90	63	38	15312
*	3p	+	39	24645	14645	15801	21492	76583	405	382	411	320	128	177	142	240	170	225	105	241	120	109	62	61	108	105	46	44	15046
*	3p	+	40	24037	14399	15257	22297	75990	420	324	345	376	138	197	90	283	164	221	117	227	116	117	62	63	110	90	47	51	14753
*	3p	+	41	21685	16719	15733	21174	75311	388	391	366	396	148	171	103	259	153	223	92	257	108	116	51	65	124	103	31	49	14463
*	3p	+	42	21537	15033	16599	21407	74576	431	395	369	316	160	179	124	228	158	215	99	235	107	109	53	69	105	101	48	42	14203
*	3p	+	43	22395	14130	14338	22995	73858	381	320	389	340	122	198	96	230	157	233	105	252	96	113	63	65	109	100	49	50	13950
*	3p	+	44	21813	14545	15844	20948	73150	396	362	590	371	151	184	82	211	122	215	117	207	86	131	65	56	108	111	36	47	13696
*	3p	+	45	23557	13853	14101	20809	72320	373	325	388	400	125	173	112	240	146	207	95	244	103	106	56	62	103	116	41	65	13437
*	3p	+	46	22630	14689	13490	20740	71549	376	343	352	399	142	177	96	277	137	191	92	201	92	127	49	82	97	116	46	43	13184
*	3p	+	47	23349	13270	13402	20591	70612	375	309	327	309	157	167	96	253	132	213	107	222	124	106	59	66	106	98	42	37	12931
*	3p	+	48	20322	15992	13455	20009	69778	387	350	334	337	145	167	102	271	151	192	88	210	108	99	68	71	109	115	37	39	12744
*	3p	+	49	19679	13360	13152	22708	68899	378	356	320	1154	115	175	91	272	137	210	97	216	126	114	64	60	99	108	36	47	12514
*	3p	+	50	22227	12987	13096	19771	68081	335	351	345	337	126	154	81	242	120	182	97	221	98	101	80	69	88	122	43	31	12283
*	3p	+	51	20416	14575	12838	19460	67289	337	382	337	342	136	150	106	271	131	194	84	174	117	96	59	67	90	95	43	40	12037
*	3p	+	52	19577	14368	13460	19032	66437	333	321	332	306	115	150	192	1775	158	181	89	235	105	109	62	49	96	100	42	35	11811
*	3p	+	53	21420	12267	12814	19133	65634	341	325	319	316	110	152	95	202	144	201	110	217	106	99	60	63	93	89	38	57	11583
*	3p	+	54	21026	12604	12134	19005	64769	338	338	280	326	116	151	95	193	137	176	96	202	105	109	58	46	101	122	33	43	11350
*	3p	+	55	18413	14649	11972	18947	63981	344	311	321	316	116	134	89	201	137	180	84	195	97	111	60	60	97	108	27	38	11118
*	3p	+	56	18391	11977	11966	20732	63066	338	319	275	316	132	167	76	175	121	187	76	181	120	103	64	59	97	103	33	52	10903
*	3p	+	57	18470	11715	11720	20309	62214	307	322	316	286	117	136	72	175	112	190	73	205	115	75	66	52	112	95	45	44	10728
*	3p	+	58	18211	11565	11439	20177	61392	301	360	316	312	119	120	85	183	133	184	74	177	105	110	50	58	104	82	42	38	10495
*	3p	+	59	17920	11586	12907	18022	60435	322	311	297	275	112	162	90	182	125	160	86	194	119	103	49	50	102	83	41	37	10291
*	3p	+	60	18129	12932	11118	17378	59557	334	329	281	317	125	150	106	168	118	173	63	167	109	91	63	50	87	89	41	36	10076
*	3p	+	61	18502	11171	11966	17015	58654	311	316	262	276	102	171	69	165	124	167	78	212	92	99	64	53	97	86	37	33	9875
*	3p	+	62	16837	12418	10916	17562	57733	310	317	275	283	107	167	81	155	135	159	107	170	97	110	61	58	78	104	42	36	9683
*	3p	+	63	17801	11049	10605	17265	56720	306	323	258	287	111	150	73	151	101	180	50	154	92	129	45	52	88	99	37	33	9492
*	3p	+	64	17457	10651	11370	16269	55747	270	292	279	314	106	115	84	152	142	170	65	188	112	96	40	59	95	99	44	34	9277
*	3p	+	65	18082	10437	10499	15787	54805	305	309	244	251	97	124	71	175	121	146	62	184	97	104	48	56	80	92	40	36	9048
*	3p	+	66	17758	10383	10089	15584	53814	263	292	274	243	123	140	80	150	93	162	59	181	106	91	40	48	85	93	41	35	8844
*	3p	+	67	16389	11471	9797	15187	52844	260	302	264	267	108	118	57	207	100	167	62	157	100	92	52	50	88	87	45	42	8630
*	3p	+	68	15879	9785	11177	15060	51901	312	233	249	275	80	127	63	150	114	162	68	169	79	92	59	65	107	85	28	32	8416
*	3p	+	69	15605	9716	10820	14827	50968	277	266	260	235	100	134	90	147	96	154	71	169	95	110	50	46	96	72	39	41	8195
*	3p	+	70	15646	9537	9919	14934	50036	269	267	237	237	92	120	65	146	107	138	75	159	96	94	46	54	91	90	36	32	7969
*	3p	-	1	21813	16217	20065	23184	81279	1011	218	360	305	139	139	98	151	144	132	84	167	0	0	0	0	4	3	2	2	26012
*	3p	-	2	26500	15464	14374	24953	81291	772	183	186	267	80	98	47	142	77	116	53	103	2	6	0	1	2	1	1	1	25981
*	3p	-	3	25132	14618	16791	24748	81289	514	223	232	193	71	87	56	134	88	95	39	127	2	0	0	0	3	3	0	0	25440
*	3p	-	4	24919	14368	15916	26052	81255	383	193	211	193	72	101	48	109	87	86	36	116	11	33	9	9	13	19	2	7	24786
*	3p	-	5	24487	15075	15444	26234	81240	337	215	207	176	52	104	69	119	66	92	49	125	9	16	4	7	21	17	8	9	24092
*	3p	-	6	24121	15685	14710	26712	81228	457	345	383	318	127	201	80	245	140	216	93	239	20	15	11	7	29	23	7	9	23253
*	3p	-	7	26302	15058	15598	24277	81235	547	310	342	302	132	150	114	217	134	216	97	226	26	22	9	9	24	20	6	11	22853
*	3p	-	8	25465	15289	16130	24345	81229	458	313	359	304	104	187	114	226	145	194	80	211	22	23	13	13	24	27	12	3	22393
*	3p	-	9	26502	14896	16281	23516	81195	488	269	328	308	123	140	97	233	165	215	86	190	28	32	18	15	37	25	19	18	21958
*	3p	-	10	24999	15343	15049	25801	81192	470	307	320	273	144	164	101	231	149	198	92	173	34	45	15	18	43	36	13	11	21490
*	3p	-	11	23513	16230	16638	24792	81173	464	300	371	346	132	171	129	224	164	219	89	245	51	32	15	20	50	46	11	16	21039
*	3p	-	12	24107	16080	16630	24346	81163	443	302	369	351	132	157	129	237	179	209	126	230	47	48	23	21	54	44	17	17	20663
*	3p	-	13	24489	15719	16341	24596	81145	454	304	350	344	152	158	105	244	156	198	96	225	56	54	20	27	57	55	17	22	20288
*	3p	-	14	24671	15537	16032	24887	81127	434	349	360	356	174	163	74	221	171	218	132	233	66	48	31	31	67	54	27	16	19908
*	3p	-	15	24722	15881	16079	24447	81129	442	322	371	340	158	151	119	249	151	244	109	234	67	64	36	24	59	57	19	32	19543
*	3p	-	16	24658	15777	15876	24801	81112	408	325	373	339	154	181	91	257	159	230	107	239	54	71	41	31	62	61	35	25	19157
*	3p	-	17	24372	15641	16021	25060	81094	450	321	365	329	155	183	103	237	163	191	179	239	58	63	49	25	74	69	30	27	18818
*	3p	-	18	24138	15853	16126	24967	81084	455	311	375	330	118	162	86	245	165	199	102	248	91	59	35	38	84	78	23	25	18507
*	3p	-	19	24535	15818	15862	24881	81096	397	304	378	315	137	166	81	228	164	181	109	245	69	68	44	31	68	74	28	28	18170
*	3p	-	20	23418	15649	15426	23782	78275	421	374	368	342	133	205	102	266	175	238	102	230	81	95	31	48	86	57	25	30	17883
*	3p	-	21	22992	15197	15474	23473	77136	443	362	399	404	158	210	135	252	187	259	118	244	84	86	45	36	87	64	30	30	17530
*	3p	-	22	22826	15417	15270	23126	76639	429	362	402	384	154	165	109	230	163	235	100	266	88	82	51	45	84	75	38	37	17270
*	3p	-	23	23135	15168	15338	22766	76407	388	380	401	353	136	186	100	268	167	213	106	255	94	73	44	47	82	66	34	30	16982
*	3p	-	24	22445	15441	15217	23120	76223	458	355	378	367	135	166	100	251	182	236	113	225	95	82	42	44	83	75	39	30	16674
*	3p	-	25	22482	14918	15231	23319	75950	442	383	377	399	172	188	126	219	160	243	132	264	100	96	41	50	80	94	53	35	16422
*	3p	-	26	22528	15042	15095	23104	75769	391	345	394	362	129	188	150	259	177	233	108	248	97	99	58	46	84	85	48	33	16162
*	3p	-	27	22232	15225	15243	22880	75580	436	369	408	375	159	173	130	238	156	265	111	251	114	98	51	64	96	101	40	35	15926
*	3p	-	28	22347	15089	14920	23105	75461	357	371	386	342	136	180	135	227	165	224	110	279	114	111	65	61	84	93	36	42	15683
*	3p	-	29	22339	15014	15120	22905	75378	390	378	372	379	139	175	121	249	182	196	99	248	87	106	67	57	80	92	44	43	15439
*	3p	-	30	22439	15054	15157	22571	75221	447	334	350	404	182	198	110	258	148	245	89	232	99	99	43	60	109	101	42	46	15191
*	3p	-	31	22324	14825	15155	22610	74914	400	368	384	375	133	170	112	206	157	250	103	240	105	84	59	61	112	105	43	47	14924
*	3p	-	32	22146	14830	15089	22541	74606	401	339	408	346	161	151	120	251	153	212	102	235	93	108	51	61	107	114	46	46	14693
*	3p	-	33	22009	14887	15018	22437	74351	403	344	402	348	171	168	119	235	154	205	116	227	102	122	69	55	116	98	37	35	14452
*	3p	-	34	21882	15177	14852	22150	74061	390	366	356	342	144	179	127	235	158	205	106	241	105	119	65	51	104	88	41	39	14219
*	3p	-	35	22011	14568	14985	22178	73742	400	388	404	382	140	182	109	226	160	199	75	253	129	97	72	52	99	95	36	48	14018
*	3p	-	36	21730	14906	14701	21846	73183	388	394	374	330	141	179	129	218	146	201	104	262	108	123	71	45	90	105	35	42	13774
*	3p	-	37	21800	14468	14800	21560	72628	426	344	419	350	142	175	111	235	138	192	104	250	134	121	55	61	96	120	35	43	13552
*	3p	-	38	21403	14588	14480	21609	72080	395	395	389	331	148	145	105	241	147	213	105	254	99	130	50	58	103	111	41	45	13328
*	3p	-	39	21337	14437	14458	21378	71610	413	399	361	365	136	187	124	246	164	190	114	249	99	117	55	49	84	93	37	47	13112
*	3p	-	40	20981	14540	14255	21291	71067	407	359	363	340	154	186	96	219	155	192	107	228	103	112	64	57	83	118	40	48	12872
*	3p	-	41	21153	14038	14186	21044	70421	378	324	398	346	137	192	103	210	168	197	106	247	105	110	58	58	103	97	32	44	12665
*	3p	-	42	20649	14085	14086	20879	69699	352	355	354	335	149	188	98	221	162	206	87	267	116	103	60	47	115	101	48	44	12441
*	3p	-	43	20403	13772	14132	20804	69111	359	353	361	366	149	156	136	209	152	200	105	291	115	114	47	62	105	97	44	45	12249
*	3p	-	44	20496	13529	13944	20479	68448	369	346	370	346	148	185	119	203	128	174	100	240	92	120	54	54	123	98	37	35	12071
*	3p	-	45	20311	13565	13577	20183	67636	354	351	356	317	146	169	107	183	180	202	91	246	86	112	70	48	119	117	45	45	11861
*	3p	-	46	19971	13338	13546	19983	66838	388	352	437	285	141	161	111	214	131	194	86	225	79	127	67	60	118	97	51	61	11656
*	3p	-	47	19657	13151	13361	19800	65969	365	349	348	308	138	152	111	217	146	190	97	253	106	126	61	61	121	122	52	47	11460
*	3p	-	48	19534	13152	12944	19571	65201	364	337	360	346	103	165	116	197	154	200	83	232	101	110	71	58	90	104	49	47	11251
*	3p	-	49	19113	12811	12967	19514	64405	379	346	343	294	104	155	111	192	148	184	92	232	103	116	58	69	107	108	42	32	11029
*	3p	-	50	19106	12732	12867	18958	63663	362	336	332	297	132	169	110	205	145	203	81	213	100	116	75	57	98	101	43	39	10836
*	3p	-	51	18705	12705	12745	18799	62954	326	321	322	321	136	157	111	178	134	190	94	207	119	128	64	46	103	86	47	42	10645
*	3p	-	52	18785	12372	12535	18498	62190	336	284	308	313	158	151	100	169	142	224	81	235	101	115	64	58	100	86	48	37	10449
*	3p	-	53	18429	12459	12239	18313	61440	297	329	341	302	98	157	117	179	121	186	70	188	112	99	66	64	94	101	41	37	10276
*	3p	-	54	18326	12026	12159	18101	60612	333	301	329	331	123	129	117	197	128	174	89	193	111	96	55	44	109	104	43	35	10093
*	3p	-	55	18121	12289	11593	17870	59873	309	321	301	275	127	149	113	189	149	181	104	186	126	109	55	62	101	88	42	42	9898
*	3p	-	56	17949	11652	11776	17631	59008	301	285	349	288	135	156	115	198	123	160	73	182	132	122	62	43	105	85	40	40	9713
*	3p	-	57	17286	11859	11539	17599	58283	338	315	347	265	127	154	104	177	136	180	68	178	97	103	62	57	101	86	34	35	9527
*	3p	-	58	17350	11625	11458	17005	57438	319	319	292	295	111	129	91	190	132	159	95	207	88	127	54	63	95	94	49	31	9352
*	3p	-	59	16904	11407	11227	17069	56607	320	312	278	255	107	136	108	172	96	196	76	193	94	106	47	44	91	90	44	39	9162
*	3p	-	60	16785	11092	11122	16811	55810	335	281	272	275	111	126	122	168	112	151	73	176	95	104	58	42	88	92	45	30	8996
*	3p	-	61	16544	11048	11005	16363	54960	275	314	258	284	108	116	119	149	122	150	69	181	89	98	67	52	92	70	47	39	8821
*	3p	-	62	16204	10819	10843	16284	54150	289	262	291	269	124	114	97	172	109	165	83	176	107	103	83	45	76	106	38	34	8677
*	3p	-	63	16145	10661	10516	15963	53285	255	296	270	263	108	152	102	157	109	193	77	171	125	98	59	55	86	91	40	28	8512
*	3p	-	64	15698	10493	10585	15621	52397	324	274	271	251	93	124	86	163	108	154	59	192	97	113	49	45	94	74	37	23	8326
*	3p	-	65	15329	10158	10261	15784	51532	265	262	255	247	107	118	109	136	114	155	81	179	81	100	65	48	81	84	30	39	8138
*	3p	-	66	14890	10173	10017	15558	50638	249	247	244	255	95	128	102	153	130	178	69	147	92	101	55	51	78	72	40	44	7952
*	3p	-	67	15043	9873	9779	15072	49767	247	298	224	256	67	114	93	148	109	115	73	155	82	102	49	48	86	56	38	35	7793
*	3p	-	68	14788	9879	9586	14645	48898	269	274	245	246	102	129	79	130	109	134	64	144	91	102	38	51	90	80	26	37	7623
*	3p	-	69	14304	9483	9623	14651	48061	247	275	225	257	74	111	91	144	89	134	67	160	60	89	59	64	77	96	39	24	7435
*	3p	-	70	14156	9279	9441	14336	47212	264	264	248	250	98	124	104	128	107	160	87	135	78	104	46	44	73	74	28	34	7247
*	5p	+	1	24071	22371	18035	22207	86684	303	345	359	427	193	111	121	232	177	170	117	130	0	0	0	0	2	4	0	3	23673
*	5p	+	2	27269	14825	16784	27809	86687	243	406	302	223	104	132	71	130	119	111	56	138	14	1	2	1	2	2	1	0	23619
*	5p	+	3	26819	17917	15248	26712	86696	224	283	213	272	69	107	66	159	79	115	58	168	4	0	0	3	2	0	1	0	23081
*	5p	+	4	28275	16656	15334	26372	86637	228	259	212	229	89	80	62	173	79	114	77	152	32	13	8	6	24	18	12	6	22464
*	5p	+	5	28535	16480	16226	25405	86646	222	241	217	201	88	101	59	139	81	110	79	183	22	19	11	15	19	22	7	6	21740
*	5p	+	6	28896	15225	16849	25661	86631	369	370	329	348	112	145	99	220	125	217	84	236	16	28	14	7	23	32	8	6	20906
*	5p	+	7	26287	16386	15873	28072	86618	311	417	316	383	122	159	97	269	132	205	87	237	26	24	26	12	31	32	9	9	20406
*	5p	+	8	25996	17576	16372	26660	86604	339	376	308	414	129	180	88	237	117	177	121	237	28	29	13	14	33	37	12	14	19958
*	5p	+	9	25420	17335	15439	28358	86552	320	392	328	353	124	191	119	232	149	164	109	258	48	47	14	19	44	56	26	22	19471
*	5p	+	10	27559	15938	16263	26809	86569	339	412	330	331	127	160	104	204	151	193	109	240	55	38	18	26	61	34	21	15	19000
*	5p	+	11	26906	17597	17419	24650	86572	342	400	361	413	143	169	122	249	157	196	121	242	53	49	25	25	46	45	20	16	18490
*	5p	+	12	26148	17739	17398	25279	86564	363	387	411	390	125	173	125	245	142	200	331	215	54	56	28	33	48	52	18	18	18124
*	5p	+	13	26668	16956	16851	26069	86544	335	386	385	387	121	164	119	235	146	179	114	235	41	54	30	25	59	55	20	22	17697
*	5p	+	14	26814	17092	16379	26253	86538	348	393	385	406	133	173	151	227	213	218	77	230	66	57	35	25	67	44	22	29	17298
*	5p	+	15	26402	17382	16762	25963	86509	347	368	358	379	139	183	137	256	170	189	100	256	69	66	36	27	70	77	23	21	16921
*	5p	+	16	26584	16824	16775	26313	86496	354	387	333	385	129	169	129	286	152	218	95	252	64	69	26	28	67	72	36	26	16543
*	5p	+	17	26582	17156	16471	26275	86484	365	398	384	373	126	153	431	240	267	219	89	241	67	62	39	25	80	77	26	33	16207
*	5p	+	18	26619	17600	16931	25351	86501	392	546	355	380	112	174	111	293	147	170	104	232	73	70	31	29	64	70	33	32	15901
*	5p	+	19	27083	16854	16605	25961	86503	342	365	346	389	112	168	113	250	144	204	95	264	71	79	32	41	77	72	23	24	15570
*	5p	+	20	25578	16620	16655	24804	83657	385	350	357	420	169	181	124	254	133	208	120	257	64	102	54	45	77	89	37	25	15254
*	5p	+	21	25553	16228	16099	24674	82554	415	416	386	447	160	181	149	280	175	226	141	246	78	89	37	53	75	69	36	34	14928
*	5p	+	22	25257	16446	16070	24295	82068	370	407	436	432	152	168	97	264	158	202	106	270	88	99	36	43	93	72	32	33	14631
*	5p	+	23	24692	16094	16278	24734	81798	419	397	387	431	145	175	111	301	144	238	107	237	98	102	45	53	83	85	40	27	14321
*	5p	+	24	24674	16198	16662	24098	81632	435	379	414	416	141	176	110	235	160	241	135	226	92	86	51	55	103	82	40	23	14048
*	5p	+	25	25318	16018	16038	23995	81369	372	408	400	387	136	155	197	269	181	186	140	224	102	99	55	42	104	87	30	33	13757
*	5p	+	26	24963	15972	16712	23554	81201	398	388	349	435	161	200	106	267	169	215	123	267	94	103	44	70	89	96	28	33	13502
*	5p	+	27	24999	16221	16397	23430	81047	410	414	386	413	145	219	115	282	171	209	129	250	103	99	70	51	99	87	30	30	13256
*	5p	+	28	24970	16137	16027	23756	80890	419	371	377	422	158	179	113	362	176	228	144	239	100	104	70	66	95	89	44	36	13021
*	5p	+	29	24650	16199	16468	23470	80787	407	357	395	380	156	174	116	264	172	210	144	256	91	115	63	58	88	89	37	39	12785
*	5p	+	30	24530	16151	16566	23393	80640	440	413	487	401	157	166	104	272	182	201	147	250	96	109	61	61	91	99	47	44	12539
*	5p	+	31	24358	16379	15816	23764	80317	414	366	393	427	156	183	105	297	165	214	135	279	106	114	62	73	100	109	33	43	12308
*	5p	+	32	24707	16069	15827	23400	80003	394	418	368	403	144	192	109	319	173	222	148	226	93	132	51	61	117	103	50	47	12054
*	5p	+	33	24259	16026	15928	23503	79716	377	382	370	431	157	162	111	291	192	227	132	265	108	107	47	63	100	111	46	42	11801
*	5p	+	34	24615	15827	16054	22915	79411	406	375	393	386	137	168	107	238	169	243	142	242	102	109	56	54	103	102	30	44	11598
*	5p	+	35	23662	15963	15523	23953	79101	433	405	349	407	153	168	101	231	172	238	134	229	108	115	48	63	93	112	33	45	11394
*	5p	+	36	23039	16285	15787	23427	78538	424	361	383	399	154	190	133	275	153	246	128	234	89	127	62	79	102	82	44	34	11172
*	5p	+	37	23368	15806	15347	23397	77918	411	408	342	428	140	184	107	293	152	214	154	218	113	128	65	63	110	84	46	51	10933
*	5p	+	38	23114	15445	15348	23188	77095	427	447	357	434	154	178	97	266	176	210	135	225	114	143	58	54	115	119	41	51	10733
*	5p	+	39	22637	15747	15502	22699	76585	393	359	392	399	119	174	124	348	148	229	126	237	116	119	66	66	114	97	47	44	10525
*	5p	+	40	23312	15333	15349	21978	75972	421	399	331	447	162	169	98	299	148	243	151	224	113	123	64	62	120	102	45	48	10336
*	5p	+	41	23024	15051	14750	22497	75322	392	376	391	436	157	182	97	302	163	228	117	233	132	116	61	53	95	121	46	35	10130
*	5p	+	42	22403	15094	15071	22012	74580	405	390	320	443	149	188	100	291	160	221	113	246	120	114	52	48	110	92	45	46	9941
*	5p	+	43	22295	15327	14366	21873	73861	400	362	352	377	121	163	97	467	188	225	112	231	97	102	62	55	114	107	40	46	9757
*	5p	+	44	22395	14887	14274	21578	73134	373	397	379	408	106	167	93	228	130	224	155	227	95	106	65	68	121	117	32	49	9564
*	5p	+	45	21695	14658	14491	21488	72332	376	383	320	353	136	151	117	248	149	219	142	239	122	115	73	48	97	118	44	54	9378
*	5p	+	46	21696	14538	14323	20994	71551	382	348	299	561	134	175	94	262	147	226	155	227	123	109	68	61	106	114	40	41	9205
*	5p	+	47	21265	14451	14089	20797	70602	398	369	329	404	135	152	120	359	147	224	155	221	118	124	53	55	102	101	47	42	9036
*	5p	+	48	21039	14145	14000	20609	69793	390	324	294	406	107	183	109	241	141	205	173	235	128	121	57	60	96	109	35	43	8870
*	5p	+	49	20948	13771	13757	20434	68910	398	365	307	379	127	154	91	198	125	210	160	204	111	108	65	50	91	112	40	38	8701
*	5p	+	50	20406	14108	13350	20218	68082	372	323	344	351	123	148	111	230	144	202	144	213	129	113	57	46	118	99	32	33	8524
*	5p	+	51	20383	13216	13732	19944	67275	369	299	329	330	123	163	78	216	124	201	153	202	100	125	60	65	99	91	40	52	8390
*	5p	+	52	20001	13385	13260	19786	66432	367	323	300	334	138	164	97	241	120	202	135	190	106	98	60	63	97	105	33	43	8205
*	5p	+	53	19958	12933	13394	19335	65620	365	329	303	336	139	158	85	192	124	176	124	259	95	102	73	61	98	106	35	52	8052
*	5p	+	54	19489	13030	12783	19471	64773	361	337	311	351	124	160	82	179	158	196	150	192	85	118	53	55	117	104	38	35	7887
*	5p	+	55	19063	12998	13340	18571	63972	355	320	299	347	126	142	85	184	116	196	141	224	113	123	47	54	85	94	45	55	7732
*	5p	+	56	19186	12578	12517	18827	63108	390	291	309	369	112	153	76	174	133	166	170	193	111	107	59	46	86	82	35	41	7564
*	5p	+	57	18569	12414	12657	18604	62244	379	320	303	499	96	135	82	169	122	212	135	180	89	105	72	60	90	91	41	43	7419
*	5p	+	58	18476	12185	12528	18204	61393	346	317	287	322	108	155	95	190	111	181	163	191	101	101	66	62	84	101	38	41	7266
*	5p	+	59	18348	11938	11693	18478	60457	367	302	305	296	105	134	86	194	155	179	186	186	107	102	55	65	84	84	34	39	7154
*	5p	+	60	17881	11669	11856	18161	59567	378	319	296	313	97	139	76	217	104	186	148	205	119	81	43	58	80	88	35	40	7031
*	5p	+	61	17572	11597	11658	17840	58667	341	269	292	278	96	142	72	188	121	184	147	162	97	111	53	62	80	86	35	40	6896
*	5p	+	62	17293	11732	11706	17031	57762	322	310	271	264	125	145	69	179	141	155	147	177	113	91	62	80	97	73	24	33	6775
*	5p	+	63	17464	11041	11335	16921	56761	361	266	254	253	103	139	95	195	129	187	121	174	90	115	52	61	64	83	33	37	6631
*	5p	+	64	16629	11444	11113	16615	55801	344	293	282	288	104	142	82	195	126	170	85	168	92	74	66	51	75	78	31	34	6491
*	5p	+	65	16508	11148	10675	16500	54831	331	271	300	255	109	111	95	335	121	153	121	150	102	97	48	52	75	83	32	33	6366
*	5p	+	66	16113	11153	10686	15888	53840	314	256	276	271	94	125	72	160	131	160	131	163	87	119	41	49	59	93	37	38	6232
*	5p	+	67	15879	10537	10620	15863	52899	318	268	258	267	95	125	85	167	107	165	132	152	106	87	44	48	62	76	27	42	6127
*	5p	+	68	15573	10154	10601	15597	51925	331	247	248	238	93	131	64	139	116	163	129	139	92	79	51	58	74	67	45	42	6000
*	5p	+	69	15229	10431	10176	15144	50980	331	239	275	231	92	142	64	176	92	151	140	132	87	94	55	52	74	93	31	37	5866
*	5p	+	70	15346	9890	9836	14964	50036	283	254	228	265	81	123	66	151	101	143	135	151	93	87	49	52	92	90	40	29	5751
*	5p	-	1	22943	20578	17164	20593	81278	263	318	344	401	184	114	129	160	152	159	133	118	0	0	0	0	1	0	3	7	23857
*	5p	-	2	23882	14037	17086	26276	81281	225	382	266	211	83	138	87	123	109	123	48	143	0	0	0	0	4	2	2	1	23790
*	5p	-	3	23621	18666	14202	24798	81287	235	302	179	210	80	96	69	112	79	99	61	162	0	1	0	0	1	0	2	2	23296
*	5p	-	4	24911	17728	14253	24391	81283	226	262	167	212	83	96	58	131	82	116	61	144	3	3	4	2	5	2	2	2	22676
*	5p	-	5	25548	16081	15109	24534	81272	207	248	222	210	69	96	77	119	73	93	60	152	4	9	5	8	5	5	1	11	21956
*	5p	-	6	26000	14772	17370	23127	81269	388	347	341	270	114	133	126	209	127	208	100	254	7	10	11	4	13	1	4	8	21191
*	5p	-	7	22907	15372	15348	27635	81262	317	380	265	323	108	151	116	171	118	173	91	208	10	4	3	4	8	7	6	11	20739
*	5p	-	8	23068	16496	15757	25938	81259	316	384	326	343	155	159	123	191	140	182	90	235	13	10	6	7	8	17	6	6	20271
*	5p	-	9	22693	16370	15050	27122	81235	290	384	335	314	119	146	153	204	151	186	110	207	15	20	19	16	15	24	11	11	19762
*	5p	-	10	24772	14817	15591	26043	81223	333	325	310	281	123	173	132	173	119	171	83	216	20	29	15	7	25	25	12	9	19261
*	5p	-	11	24520	16431	16054	24215	81220	321	369	362	351	124	160	131	195	135	182	119	212	20	25	23	14	21	27	13	15	18747
*	5p	-	12	23861	18052	15644	23633	81190	337	399	334	361	138	163	737	179	138	213	99	240	37	36	14	11	29	32	29	16	18331
*	5p	-	13	24035	17226	15527	24404	81192	344	360	318	338	133	181	136	197	131	183	79	209	33	28	17	26	34	39	17	14	17934
*	5p	-	14	23863	17463	15558	24286	81170	337	391	361	362	146	162	115	189	131	181	88	234	34	42	29	18	46	45	18	17	17522
*	5p	-	15	24918	16016	15211	25007	81152	324	358	323	376	144	170	108	194	138	179	129	220	37	51	15	22	52	46	21	24	17126
*	5p	-	16	25185	16576	15040	24346	81147	338	396	336	322	149	169	672	230	116	198	102	264	56	46	23	22	47	45	28	24	16742
*	5p	-	17	25294	15890	15098	24867	81149	364	377	358	407	141	151	118	204	148	205	103	217	50	63	23	24	47	63	17	20	16417
*	5p	-	18	23673	16174	16776	24501	81124	362	374	359	334	136	167	101	209	159	179	92	221	51	51	38	30	49	64	29	29	16092
*	5p	-	19	23789	16159	15081	26089	81118	341	372	354	330	122	145	102	183	155	212	90	220	58	65	32	27	68	67	29	11	15760
*	5p	-	20	23055	15623	16212	23401	78291	378	347	341	370	173	164	83	255	134	202	144	260	59	65	30	40	59	64	34	25	15433
*	5p	-	21	22515	15661	15210	23769	77155	416	406	396	371	166	199	110	216	146	205	200	258	77	54	30	36	56	69	36	33	15102
*	5p	-	22	22563	16252	14702	23123	76640	395	370	393	354	116	173	192	213	145	258	110	230	60	72	44	47	83	82	35	33	14838
*	5p	-	23	22338	15244	15378	23443	76403	409	373	368	344	137	176	90	177	162	215	134	248	85	86	44	38	55	95	37	25	14533
*	5p	-	24	22584	15469	15889	22305	76247	364	405	368	359	124	176	96	195	150	212	105	225	71	94	48	35	74	69	25	33	14241
*	5p	-	25	21864	15698	16162	22269	75993	398	368	335	385	129	170	119	229	146	197	107	263	92	94	48	37	75	81	32	30	13963
*	5p	-	26	23214	15584	14782	22215	75795	422	389	372	365	142	160	84	229	134	222	129	247	93	74	58	49	61	89	32	41	13661
*	5p	-	27	23031	14757	15408	22406	75602	416	336	402	391	147	174	105	213	146	195	103	225	80	88	51	43	80	114	24	31	13402
*	5p	-	28	22075	16350	15279	21758	75462	386	403	377	380	132	191	157	231	157	215	99	249	112	85	42	46	97	85	34	38	13134
*	5p	-	29	22585	15259	15514	22008	75366	396	374	413	363	151	172	91	214	148	209	94	209	76	103	53	61	90	97	46	41	12861
*	5p	-	30	22197	14806	15162	23074	75239	385	347	366	348	147	171	94	214	168	199	109	215	93	89	49	51	107	94	43	38	12598
*	5p	-	31	22117	15965	14101	22764	74947	351	350	342	422	195	171	95	209	157	227	118	226	93	106	60	56	97	92	36	48	12367
*	5p	-	32	23001	15303	14859	21486	74649	372	373	422	365	151	174	105	208	154	210	106	239	111	117	62	52	93	91	42	44	12139
*	5p	-	33	23021	15413	14504	21436	74374	359	377	378	327	165	193	114	202	158	208	107	253	110	99	52	45	110	99	31	23	11892
*	5p	-	34	23446	14361	14577	21678	74062	413	378	370	340	162	148	93	239	175	233	137	240	123	98	54	50	97	97	42	36	11634
*	5p	-	35	22940	14586	14291	21932	73749	341	382	360	344	137	155	78	234	158	219	110	263	109	106	63	43	111	102	32	27	11419
*	5p	-	36	21123	15185	14125	22736	73169	437	367	407	347	136	174	100	206	178	201	89	209	101	112	60	51	106	106	28	45	11237
*	5p	-	37	21790	15407	14132	21308	72637	380	352	765	319	132	168	94	231	193	229	95	229	106	95	60	62	97	92	45	50	11020
*	5p	-	38	20715	14194	14611	22582	72102	404	339	370	339	133	170	88	220	174	241	117	223	87	122	66	66	97	92	47	42	10837
*	5p	-	39	20795	14731	13854	22219	71599	390	344	309	378	145	162	115	201	154	205	106	247	105	105	56	53	105	83	42	46	10629
*	5p	-	40	21346	14349	13604	21785	71084	414	389	337	325	147	163	78	219	134	186	101	245	104	107	64	61	99	96	40	38	10434
*	5p	-	41	20703	14689	14813	20202	70407	428	367	375	388	128	163	104	207	185	225	96	242	94	118	70	43	108	106	38	40	10227
*	5p	-	42	20554	14750	14021	20364	69689	374	375	344	333	133	195	87	225	156	167	101	228	104	111	53	48	102	109	64	43	10035
*	5p	-	43	21267	13488	13514	20827	69096	413	288	333	374	109	156	102	192	155	206	100	198	118	95	61	57	102	116	45	42	9852
*	5p	-	44	20197	14218	13660	20371	68446	383	366	327	519	119	189	84	200	165	184	100	174	96	106	57	56	92	121	44	38	9657
*	5p	-	45	19902	13344	13271	21132	67649	361	354	358	348	122	178	93	208	132	215	92	215	114	104	56	68	122	100	46	45	9480
*	5p	-	46	19729	12911	13796	20427	66863	384	316	363	330	132	163	79	193	137	194	99	257	105	126	69	56	111	118	32	42	9275
*	5p	-	47	19586	12737	12694	20971	65988	402	314	325	284	140	184	93	199	125	192	76	214	106	112	73	59	112	110	51	50	9096
*	5p	-	48	19098	12827	13974	19281	65180	381	347	312	271	124	176	77	208	178	175	96	219	111	126	68	60	124	109	43	36	8897
*	5p	-	49	20600	12518	12593	18675	64386	400	337	655	290	136	173	84	203	132	163	84	233	120	126	69	60	107	100	50	50	8719
*	5p	-	50	18804	12616	12339	19858	63617	368	324	294	294	131	155	82	185	133	191	78	234	87	140	77	52	130	117	48	32	8568
*	5p	-	51	18464	12505	13003	18943	62915	331	359	298	310	105	124	103	200	125	162	82	234	94	115	68	52	112	125	36	43	8405
*	5p	-	52	18350	12610	12888	18316	62164	368	342	278	308	120	175	80	202	113	166	141	926	112	109	71	66	99	123	39	35	8274
*	5p	-	53	18020	12164	12021	19210	61415	349	315	311	296	116	128	83	194	130	160	90	211	102	122	72	53	106	98	54	41	8113
*	5p	-	54	18016	11826	11751	18988	60581	380	319	305	298	113	149	87	172	123	193	82	160	110	131	62	50	113	108	52	48	7950
*	5p	-	55	17865	11406	13005	17563	59839	350	325	312	298	119	141	74	176	130	164	75	230	102	112	61	64	102	120	48	36	7794
*	5p	-	56	18532	11567	11561	17323	58983	342	288	319	272	116	141	80	168	130	202	66	183	93	129	71	66	103	110	47	35	7653
*	5p	-	57	18305	11345	11140	17464	58254	329	305	303	293	128	159	62	164	129	185	80	210	111	108	61	64	105	96	42	42	7506
*	5p	-	58	18141	11305	11012	16990	57448	350	310	269	275	108	144	78	183	122	163	77	171	100	110	77	61	94	86	35	44	7348
*	5p	-	59	16909	11701	11250	16751	56611	364	295	245	259	99	135	66	185	110	176	82	175	122	105	61	68	86	87	48	36	7201
*	5p	-	60	16527	10705	11746	16824	55802	354	336	270	288	97	143	86	192	94	169	82	181	116	114	62	63	92	87	45	41	7081
*	5p	-	61	16285	10948	10782	16919	54934	319	270	284	254	92	125	78	184	117	180	70	170	124	95	66	66	99	97	33	46	6941
*	5p	-	62	16570	10445	11151	15970	54136	327	272	279	239	93	140	97	159	106	169	81	154	111	105	71	69	108	82	40	35	6795
*	5p	-	63	16316	10189	10483	16264	53252	337	258	243	272	93	134	75	171	117	144	64	170	105	106	65	68	102	91	39	47	6669
*	5p	-	64	15506	10689	10149	16005	52349	315	243	259	243	98	116	71	163	112	163	63	152	117	92	64	57	92	100	44	41	6544
*	5p	-	65	15351	9912	10005	16266	51534	290	255	284	238	102	119	61	160	125	127	76	161	105	104	61	51	79	89	25	43	6400
*	5p	-	66	14832	9787	9953	16063	50635	302	237	251	261	108	122	72	179	111	164	66	130	80	97	71	67	80	82	33	44	6253
*	5p	-	67	14737	9473	10350	15193	49753	325	254	246	233	104	124	68	153	118	140	64	171	109	93	44	61	78	81	33	37	6115
*	5p	-	68	14692	10087	9462	14661	48902	302	234	221	228	101	120	67	172	119	152	58	133	92	84	65	53	84	85	28	31	6005
*	5p	-	69	14284	9758	9553	14471	48066	356	251	242	223	85	107	54	158	81	147	65	150	93	105	48	42	77	87	30	37	5878
*	5p	-	70	14387	9224	9043	14557	47211	281	221	216	216	93	114	68	162	110	132	55	132	94	88	54	45	72	69	34	35	5761
