# table produced by mapDamage version 2.2.1
# using mapped file CviAPal018.merged.L103.realn.bam and reference.ssl.Cvi20k_rename.fasta as reference file
# Chr: reference from sam/bam header, End: from which termini of DNA sequences, Std: strand of reads
Chr	End	Std	Pos	A	C	G	T	Total	G>A	C>T	A>G	T>C	A>C	A>T	C>G	C>A	T>G	T>A	G>C	G>T	A>-	T>-	C>-	G>-	->A	->T	->C	->G	S
*	3p	+	1	47161	32917	40861	54387	175326	2400	508	791	610	322	351	230	314	339	281	228	338	0	0	0	0	4	6	7	2	57549
*	3p	+	2	57867	35732	27974	53763	175336	1668	477	413	547	189	229	116	339	175	313	199	245	4	0	3	2	2	4	2	6	57471
*	3p	+	3	54863	28653	37997	53824	175337	1136	457	475	379	150	235	164	339	185	236	151	258	2	1	2	1	3	5	2	2	56288
*	3p	+	4	55199	28438	36025	55633	175295	955	447	460	406	141	204	120	271	180	206	137	253	11	7	7	7	20	11	11	12	54761
*	3p	+	5	56389	30099	32107	56693	175288	757	455	394	386	148	215	120	284	151	204	175	245	19	12	16	11	15	17	15	12	53056
*	3p	+	6	52948	34599	30284	57450	175281	1091	825	649	683	293	446	209	541	283	459	287	479	10	22	24	18	16	23	15	14	51213
*	3p	+	7	61684	31120	30512	51944	175260	1083	705	633	658	248	370	210	512	319	439	247	420	23	27	17	21	37	25	17	11	50162
*	3p	+	8	59151	31340	33067	51663	175221	1060	683	689	681	268	348	216	520	323	479	287	459	33	33	20	28	40	52	16	20	49070
*	3p	+	9	61254	29862	32783	51307	175206	1048	609	636	686	261	354	191	552	306	439	375	485	47	51	28	31	46	49	26	22	47998
*	3p	+	10	58984	31083	30420	54689	175176	990	691	661	682	278	398	170	494	308	439	327	429	58	61	32	39	77	47	27	23	46912
*	3p	+	11	56274	30839	32632	55406	175151	969	757	804	769	324	445	229	523	336	484	317	454	81	67	31	47	67	57	36	39	45805
*	3p	+	12	53813	30826	36709	53774	175122	1023	790	772	738	320	384	219	544	324	454	2111	484	85	92	43	51	79	77	40	33	44937
*	3p	+	13	55307	30906	34683	54206	175102	982	729	699	701	306	390	207	493	370	474	330	462	92	96	45	46	91	98	31	28	44041
*	3p	+	14	54553	31374	35157	53985	175069	1014	739	759	688	297	375	220	511	323	541	229	501	99	110	51	61	96	88	42	47	43149
*	3p	+	15	56545	29824	31469	57197	175035	961	682	688	698	309	401	256	548	357	487	249	496	132	91	70	72	101	124	55	36	42302
*	3p	+	16	54293	30205	32620	57878	174996	992	745	749	704	300	428	199	550	378	546	1434	497	108	129	58	60	135	124	46	46	41444
*	3p	+	17	56394	30244	31113	57227	174978	896	761	798	671	308	459	217	531	398	543	208	479	131	144	53	81	132	141	46	52	40676
*	3p	+	18	55475	34213	31754	53522	174964	895	819	745	727	313	403	214	613	326	570	198	473	160	170	70	65	144	132	55	55	39849
*	3p	+	19	59413	30261	31508	53737	174919	891	740	741	721	303	395	210	576	361	493	181	507	152	166	85	61	171	143	60	55	39105
*	3p	+	20	52886	33060	31035	52744	169725	963	827	762	775	332	446	351	608	411	529	178	491	177	166	84	77	163	171	62	63	38385
*	3p	+	21	54960	30560	30625	51574	167719	944	805	754	881	322	481	786	567	382	544	219	508	168	163	79	98	170	164	69	68	37666
*	3p	+	22	53003	29133	32694	52032	166862	1017	783	784	753	308	431	203	539	397	524	399	555	182	209	94	91	189	177	54	80	36979
*	3p	+	23	54079	30589	30378	51319	166365	928	803	745	816	334	428	309	574	336	505	181	509	203	186	87	109	204	159	67	82	36301
*	3p	+	24	51107	32146	30685	51997	165935	927	751	802	819	287	475	219	612	367	552	202	537	211	211	97	92	201	212	74	85	35656
*	3p	+	25	50940	32999	31469	49999	165407	1014	833	753	799	283	414	229	575	343	521	199	553	205	221	115	95	214	198	70	68	34956
*	3p	+	26	50832	29609	31206	53327	164974	995	873	758	778	317	441	233	606	354	547	225	519	220	267	94	106	226	207	68	76	34286
*	3p	+	27	51048	30429	29685	53449	164611	909	871	763	884	331	417	240	602	351	545	189	521	238	248	102	105	231	219	62	81	33674
*	3p	+	28	49831	30617	33399	50458	164305	942	824	766	820	308	482	226	557	352	510	317	498	237	244	111	122	243	205	80	88	33059
*	3p	+	29	50682	31642	29987	51753	164064	935	887	768	751	323	428	226	595	367	500	210	549	226	255	98	104	243	230	98	64	32451
*	3p	+	30	53837	30284	29036	50582	163739	897	821	710	768	333	469	238	530	324	504	202	458	210	256	115	116	265	250	82	114	31838
*	3p	+	31	51841	28459	32909	49832	163041	964	763	815	807	313	432	227	555	466	488	201	575	254	261	120	118	281	247	90	80	31291
*	3p	+	32	49274	29255	30338	53521	162388	866	851	717	804	314	408	219	574	367	508	178	535	259	258	112	118	273	251	92	100	30720
*	3p	+	33	48914	28593	30648	53603	161758	922	781	726	794	307	432	227	523	443	503	186	529	251	248	129	122	252	245	92	98	30193
*	3p	+	34	49320	28803	28310	54663	161096	890	819	764	816	297	419	323	574	372	535	229	529	259	275	120	116	253	276	79	83	29670
*	3p	+	35	49938	28193	28878	53403	160412	859	811	720	788	332	427	205	563	361	518	197	532	265	252	136	119	292	269	103	99	29139
*	3p	+	36	52947	28076	29726	48419	159168	913	815	751	802	313	451	215	584	316	451	196	525	283	288	134	114	291	304	95	88	28622
*	3p	+	37	49516	27713	31204	49560	157993	924	798	797	1640	385	423	216	535	333	528	222	606	269	274	140	145	308	281	92	92	28161
*	3p	+	38	52644	28814	27816	47287	156561	899	835	723	734	368	457	310	546	343	501	203	465	334	283	112	143	287	270	110	91	27698
*	3p	+	39	51866	27656	28936	46965	155423	831	807	780	717	296	410	196	573	332	496	188	505	334	279	107	127	297	255	82	108	27216
*	3p	+	40	50680	27177	28405	48033	154295	868	810	743	720	327	411	210	526	339	494	209	515	269	292	125	157	283	285	86	102	26710
*	3p	+	41	46852	30695	28795	46431	152773	824	930	752	779	342	451	200	559	362	482	197	510	277	269	136	127	333	282	87	113	26196
*	3p	+	42	46826	27867	30267	46303	151263	865	891	758	680	292	438	232	552	360	533	190	509	279	275	137	139	315	279	79	118	25729
*	3p	+	43	47038	26723	26981	49048	149790	858	760	691	711	304	423	195	458	354	480	203	497	266	274	126	133	297	283	102	97	25217
*	3p	+	44	46765	26921	28613	45945	148244	851	815	1037	714	313	393	173	456	302	452	204	478	301	276	130	140	305	287	97	102	24799
*	3p	+	45	48623	26211	26326	45468	146628	838	723	705	710	291	434	208	524	317	469	207	478	280	286	133	136	282	284	86	115	24317
*	3p	+	46	47315	26631	25406	45521	144873	766	792	678	747	284	425	212	518	314	493	170	475	302	264	128	166	303	263	95	105	23853
*	3p	+	47	48005	25031	25327	44633	142996	771	717	657	678	301	408	168	537	316	453	152	447	282	290	134	147	287	294	97	100	23432
*	3p	+	48	43773	28206	25529	43659	141167	843	736	690	684	294	384	195	555	338	432	194	418	265	267	128	150	313	313	102	86	22993
*	3p	+	49	43088	24922	24458	46922	139390	793	755	625	1676	282	424	190	540	299	445	182	445	280	299	126	135	252	319	88	87	22561
*	3p	+	50	45800	24412	24323	42998	137533	764	710	704	693	277	384	207	496	319	457	167	445	286	297	110	150	247	294	100	90	22152
*	3p	+	51	43250	25771	24345	42335	135701	752	724	671	662	304	376	169	512	304	382	186	417	305	257	108	145	249	306	94	113	21732
*	3p	+	52	42100	25793	24404	41592	133889	762	750	656	624	283	367	420	2457	322	396	189	409	297	296	133	147	272	312	111	86	21353
*	3p	+	53	44302	23284	23596	40962	132144	703	704	698	637	264	351	185	486	307	445	168	447	298	301	118	145	290	292	84	96	20977
*	3p	+	54	43109	23699	22664	40931	130403	697	721	596	617	248	365	177	443	303	440	149	390	335	281	149	117	279	266	82	110	20578
*	3p	+	55	39704	26041	22385	40404	128534	752	684	581	630	283	373	158	415	275	383	161	400	346	258	129	150	292	262	89	96	20189
*	3p	+	56	39226	22414	22489	42497	126626	707	671	601	681	281	402	157	350	303	415	186	445	295	290	113	141	257	278	77	100	19782
*	3p	+	57	39425	21775	21820	41757	124777	670	699	584	611	253	352	150	383	262	409	154	407	281	294	107	138	255	244	100	82	19420
*	3p	+	58	38805	21574	21512	40915	122806	693	625	551	588	237	314	145	388	253	392	164	401	261	279	149	118	255	240	92	94	19051
*	3p	+	59	38247	21376	22961	38103	120687	698	683	621	581	250	305	160	373	241	356	144	398	273	252	134	118	268	251	74	98	18687
*	3p	+	60	37927	23375	20678	36781	118761	638	695	538	577	255	323	194	379	266	380	127	345	271	270	126	139	260	245	87	84	18317
*	3p	+	61	38953	20528	21042	36186	116709	585	612	536	539	245	352	161	403	218	372	164	403	276	268	124	136	276	242	97	84	17948
*	3p	+	62	35974	22006	20076	36626	114682	620	637	539	564	240	325	166	383	255	333	171	362	248	273	135	145	251	260	84	86	17627
*	3p	+	63	36692	20015	19632	36314	112653	637	594	546	571	245	356	135	369	244	383	141	358	290	263	122	123	245	241	77	66	17306
*	3p	+	64	36457	19363	20701	34041	110562	630	635	566	539	183	319	142	374	245	349	146	385	282	240	138	115	259	223	74	82	16961
*	3p	+	65	36719	19238	18880	33650	108487	618	623	510	541	231	293	151	353	229	340	122	366	256	236	124	137	229	207	89	101	16591
*	3p	+	66	35888	18852	18743	32937	106420	584	587	495	536	219	290	110	313	234	325	144	369	260	225	120	112	236	227	77	82	16236
*	3p	+	67	33482	20211	18095	32498	104286	513	612	518	543	195	307	141	410	218	321	116	388	243	244	106	128	232	243	93	81	15870
*	3p	+	68	32516	18208	19203	32326	102253	531	541	470	511	216	271	158	290	197	339	133	361	257	211	118	114	248	232	69	65	15496
*	3p	+	69	31688	17903	19130	31460	100181	590	593	495	475	197	280	131	344	217	361	126	359	260	229	119	84	238	211	72	77	15088
*	3p	+	70	31857	17267	17670	31203	97997	547	540	498	497	204	258	96	303	218	319	150	337	233	225	132	93	236	227	75	77	14691
*	3p	-	1	45316	30807	38684	49155	163962	2351	455	763	616	247	310	200	289	316	273	158	308	0	0	0	0	9	7	2	5	50381
*	3p	-	2	55606	30109	26365	51902	163982	1609	468	392	539	187	214	91	266	164	254	130	245	7	13	7	1	6	5	0	0	50327
*	3p	-	3	53094	27373	31397	52122	163986	1153	465	463	414	151	199	116	309	173	227	95	234	10	4	1	2	4	3	2	0	49207
*	3p	-	4	52286	26627	30310	54646	163869	870	445	420	349	139	230	114	259	170	209	102	279	38	51	15	18	47	41	23	18	47853
*	3p	-	5	51333	28284	28903	55351	163871	724	443	406	414	130	197	118	253	181	210	108	257	38	44	12	15	67	43	8	9	46299
*	3p	-	6	50529	29032	28297	55987	163845	1098	731	607	674	263	401	190	509	299	426	183	456	59	49	15	17	65	57	13	18	44604
*	3p	-	7	55269	28222	29656	50683	163830	1100	642	670	625	250	374	169	507	314	472	154	441	74	45	27	27	78	56	18	16	43786
*	3p	-	8	54110	28560	30599	50550	163819	1005	658	711	553	239	325	235	486	319	462	191	449	71	75	23	30	83	51	24	20	42821
*	3p	-	9	56113	27857	30578	49203	163751	1024	649	701	653	253	340	248	472	294	488	194	443	85	97	39	35	105	82	35	24	41809
*	3p	-	10	52264	29220	28840	53394	163718	1080	663	633	605	276	356	213	519	330	456	177	457	114	98	33	54	109	103	37	29	40774
*	3p	-	11	49884	30395	31071	52317	163667	993	739	748	710	317	379	228	535	360	442	189	489	112	114	56	52	124	111	50	46	39881
*	3p	-	12	50860	30265	31074	51437	163636	995	702	736	715	286	353	263	551	363	477	203	458	108	128	47	67	151	127	37	47	39167
*	3p	-	13	52009	29453	30238	51917	163617	979	682	716	657	304	350	201	519	333	492	223	483	137	135	63	71	135	148	48	50	38391
*	3p	-	14	52223	29062	30301	52012	163598	985	692	675	696	377	357	181	473	351	515	229	508	156	146	72	81	159	132	56	47	37692
*	3p	-	15	52252	29619	30255	51452	163578	894	683	764	654	338	376	172	509	344	456	217	476	168	153	60	94	138	174	50	58	36995
*	3p	-	16	52131	29720	29973	51721	163545	998	717	751	675	308	398	199	541	354	452	217	461	165	148	83	69	181	160	64	45	36243
*	3p	-	17	52268	29311	29837	52149	163565	940	724	739	643	353	365	213	507	371	533	341	486	160	199	64	61	171	159	45	58	35564
*	3p	-	18	50947	29778	30274	52548	163547	916	764	709	683	277	386	202	509	364	475	184	462	162	190	72	77	168	161	57	63	34913
*	3p	-	19	51606	29766	29543	52603	163518	848	693	669	687	273	369	174	487	320	475	190	469	182	213	91	79	199	155	71	53	34272
*	3p	-	20	49665	29186	29348	50101	158300	923	710	752	663	298	431	238	504	358	486	229	512	198	210	97	85	214	190	76	62	33651
*	3p	-	21	49508	28641	28650	49509	156308	921	799	770	790	324	430	247	577	362	517	204	515	211	193	113	88	208	186	67	56	33016
*	3p	-	22	49033	28541	28435	49401	155410	927	738	791	725	308	399	198	513	374	512	225	528	200	193	95	116	225	205	72	84	32428
*	3p	-	23	49032	28694	28286	48856	154868	977	781	836	762	342	440	212	511	334	533	217	568	227	203	96	91	250	225	81	66	31872
*	3p	-	24	48739	28650	28383	48769	154541	951	784	775	749	279	428	191	515	313	513	202	537	238	202	90	118	252	194	71	81	31308
*	3p	-	25	48644	28092	28010	49244	153990	849	836	800	734	311	408	221	519	381	524	232	521	252	193	101	113	255	243	63	66	30750
*	3p	-	26	47783	28427	28502	48832	153544	902	790	714	758	291	429	199	497	348	512	206	514	241	217	104	101	229	258	99	81	30235
*	3p	-	27	48037	28499	28196	48448	153180	906	811	776	707	312	377	234	546	351	521	213	520	214	239	103	124	262	238	103	75	29761
*	3p	-	28	48104	28276	28013	48487	152880	844	747	697	672	306	373	217	545	364	460	215	539	220	260	121	112	246	265	82	80	29259
*	3p	-	29	47875	28380	27865	48526	152646	805	817	720	713	307	385	232	485	324	498	196	510	243	243	109	104	277	232	89	95	28778
*	3p	-	30	47991	28204	28265	47910	152370	900	736	740	746	315	467	201	499	333	529	227	486	247	255	134	135	281	259	90	93	28296
*	3p	-	31	47534	28190	28244	47778	151746	861	714	747	712	305	400	207	535	325	494	189	508	254	266	142	132	260	269	94	98	27871
*	3p	-	32	47307	28102	27837	47815	151061	821	758	739	726	320	379	225	519	319	542	197	493	279	261	122	131	285	260	94	110	27412
*	3p	-	33	47024	27765	27599	48095	150483	863	715	702	684	349	404	226	506	332	507	227	531	263	266	136	124	306	244	88	85	26958
*	3p	-	34	46666	27804	27717	47629	149816	874	792	770	779	301	371	199	497	345	467	182	514	289	259	130	115	308	247	88	96	26490
*	3p	-	35	47237	27247	27809	46863	149156	855	804	698	706	320	413	202	489	318	457	194	481	287	243	155	118	290	263	92	104	26091
*	3p	-	36	46948	27275	27494	46367	148084	899	808	767	718	298	401	205	457	327	479	234	567	283	283	142	128	288	254	84	92	25626
*	3p	-	37	46647	26884	27226	46295	147052	858	744	706	721	284	412	223	459	312	514	205	495	284	276	147	133	290	291	91	87	25205
*	3p	-	38	46319	27003	26593	45987	145902	810	780	776	702	322	386	225	495	298	472	185	507	267	295	143	136	246	285	91	107	24812
*	3p	-	39	46100	26384	26677	45767	144928	843	807	760	678	296	423	208	464	306	467	211	509	298	269	133	131	250	274	93	91	24442
*	3p	-	40	45329	26660	26295	45622	143906	882	834	737	716	317	415	205	476	337	473	181	471	285	260	126	135	258	287	95	92	24042
*	3p	-	41	44797	26343	26343	45151	142634	842	846	739	726	314	401	186	458	311	479	187	441	294	254	134	132	271	243	83	100	23621
*	3p	-	42	43923	26300	26056	44785	141064	849	759	714	683	266	409	216	437	336	485	180	458	298	281	122	120	268	283	78	96	23222
*	3p	-	43	43980	25754	25631	44356	139721	795	727	726	666	291	403	196	460	305	425	166	588	298	281	133	129	262	273	109	81	22872
*	3p	-	44	43465	25587	25614	43598	138264	788	779	721	670	281	371	218	485	275	461	189	442	293	268	133	121	281	273	76	86	22501
*	3p	-	45	43610	24916	24971	43208	136705	834	744	663	664	301	392	214	438	322	469	180	476	288	256	132	126	274	258	109	104	22116
*	3p	-	46	42598	24772	24689	42983	135042	813	679	759	665	282	384	196	425	290	446	191	457	286	229	129	124	274	267	106	84	21740
*	3p	-	47	42423	24331	24564	41987	133305	833	704	714	689	299	384	192	455	308	457	177	478	273	246	127	129	264	279	86	85	21401
*	3p	-	48	41710	24246	24174	41473	131603	770	683	667	659	248	363	202	421	315	449	177	482	278	270	134	139	288	262	90	71	21028
*	3p	-	49	40765	23955	23591	41523	129834	747	730	645	640	250	400	190	423	310	425	190	426	278	258	137	115	261	255	96	102	20692
*	3p	-	50	40959	23337	23450	40399	128145	721	725	712	623	270	340	195	433	284	410	176	451	272	265	135	112	246	264	78	88	20343
*	3p	-	51	40148	23265	22847	40302	126562	713	698	650	622	285	374	198	441	284	423	167	415	294	237	110	131	251	250	66	92	20008
*	3p	-	52	39791	22832	22850	39309	124782	690	685	630	632	255	339	196	421	287	423	164	393	264	249	126	101	246	267	86	95	19639
*	3p	-	53	39094	22849	22283	38885	123111	732	652	612	577	285	355	212	403	269	401	153	404	270	264	110	133	262	239	89	85	19356
*	3p	-	54	38186	22397	21980	38797	121360	742	724	628	647	279	314	192	367	265	422	157	423	254	255	128	114	280	239	95	77	19022
*	3p	-	55	37956	22254	21681	37824	119715	712	632	629	605	264	327	192	368	250	407	159	351	219	252	122	135	247	244	88	85	18666
*	3p	-	56	37550	21758	21287	37318	117913	682	641	589	582	250	348	200	392	254	414	142	375	263	233	111	114	253	237	92	82	18320
*	3p	-	57	36628	21326	21158	37043	116155	688	625	629	572	239	324	182	363	250	409	131	392	221	251	116	108	241	255	91	75	17994
*	3p	-	58	36425	21433	20418	36028	114304	644	596	571	542	253	347	198	423	225	339	151	374	231	251	115	91	256	234	75	93	17671
*	3p	-	59	35722	20467	20660	35571	112420	626	632	559	555	253	289	180	364	215	350	149	402	238	223	108	120	225	236	86	90	17333
*	3p	-	60	35453	20380	19713	35089	110635	653	603	583	522	230	316	172	348	206	355	133	355	266	219	113	116	217	247	80	86	16975
*	3p	-	61	34712	19819	19843	34451	108825	620	635	530	566	209	310	178	310	237	314	140	348	257	260	116	126	217	220	75	84	16683
*	3p	-	62	34231	19430	19479	33815	106955	636	551	565	511	259	321	153	343	213	334	138	354	252	246	134	101	213	222	71	85	16339
*	3p	-	63	33643	19239	18858	33268	105008	626	587	529	527	197	344	176	316	238	345	145	346	251	255	103	118	203	224	81	80	16007
*	3p	-	64	32727	19042	18769	32559	103097	586	569	543	533	194	283	165	301	201	328	156	378	223	234	114	93	248	182	68	76	15632
*	3p	-	65	32055	18561	18264	32260	101140	529	607	522	451	211	276	163	294	231	320	154	401	227	226	108	106	232	177	64	64	15280
*	3p	-	66	31490	18127	17901	31703	99221	546	558	509	519	200	295	164	333	210	354	135	331	209	249	106	98	201	201	71	78	14941
*	3p	-	67	30916	17928	17443	31074	97361	555	490	498	467	200	285	157	275	210	323	136	315	217	210	99	108	178	184	72	80	14621
*	3p	-	68	30577	17438	17111	30290	95416	497	526	470	454	214	304	153	299	246	336	126	338	221	223	97	110	205	179	70	64	14282
*	3p	-	69	29807	17036	16786	29873	93502	519	525	447	495	175	278	160	280	198	307	128	294	199	194	116	97	164	214	49	67	13961
*	3p	-	70	28953	16919	16510	29158	91540	554	514	470	428	203	249	135	271	177	344	105	329	217	208	101	116	199	197	73	55	13572
*	5p	+	1	51712	42602	35226	45772	175312	593	771	806	967	375	286	204	464	371	361	271	249	0	0	0	0	9	6	7	2	44445
*	5p	+	2	56285	27479	32887	58682	175333	561	841	672	438	189	302	167	290	238	285	130	303	25	12	1	7	5	2	1	1	44354
*	5p	+	3	55821	34008	29081	56434	175344	526	619	435	576	210	235	123	338	197	257	147	369	8	6	4	5	2	0	2	0	43243
*	5p	+	4	59567	31287	28855	55485	175194	485	577	427	480	221	212	118	357	170	261	118	323	102	46	13	22	54	66	19	18	41861
*	5p	+	5	60025	30743	30515	53926	175209	485	479	468	474	185	216	123	294	159	255	133	345	67	68	12	20	54	69	9	10	40335
*	5p	+	6	61067	28787	31381	53930	175165	764	768	659	704	298	371	224	441	309	454	235	459	53	57	19	32	80	68	22	16	38609
*	5p	+	7	54530	30627	29980	59992	175129	732	896	644	717	290	424	182	469	263	397	185	484	59	77	27	25	75	105	25	17	37678
*	5p	+	8	54141	32787	30832	57358	175118	707	850	705	763	292	380	214	459	297	388	246	579	79	69	20	31	99	87	21	26	36635
*	5p	+	9	52369	32435	29781	60501	175086	658	835	670	703	303	449	221	516	289	431	238	502	102	90	43	33	90	113	33	29	35592
*	5p	+	10	57509	30331	30741	56448	175029	712	787	652	715	275	406	219	433	312	388	220	484	123	98	35	44	133	115	45	29	34586
*	5p	+	11	56006	33375	32869	52741	174991	818	787	723	819	316	418	227	505	329	441	256	491	125	116	38	63	132	138	41	48	33565
*	5p	+	12	55363	33437	32671	53518	174989	780	884	771	861	350	384	256	495	306	439	435	549	129	132	69	65	144	125	54	38	32796
*	5p	+	13	56126	32084	31434	55333	174977	740	796	758	720	318	421	212	521	323	433	186	498	147	138	64	60	135	153	42	44	31991
*	5p	+	14	56010	31885	31264	55735	174894	844	792	740	765	318	412	243	492	414	447	179	477	154	166	72	57	154	177	68	58	31149
*	5p	+	15	55570	32530	31447	55328	174875	765	771	713	772	303	386	307	507	361	468	175	498	182	164	85	72	166	183	63	63	30307
*	5p	+	16	55602	31823	31542	55874	174841	763	786	692	785	290	387	255	536	320	459	187	481	185	181	84	80	184	202	45	66	29573
*	5p	+	17	56210	31947	31063	55630	174850	762	852	714	758	295	365	680	524	461	440	150	487	216	195	77	90	179	193	66	63	28902
*	5p	+	18	56411	32613	30857	54934	174815	735	952	710	778	304	361	216	549	312	411	186	503	197	216	92	84	198	206	62	67	28218
*	5p	+	19	56666	31593	31438	55066	174763	785	767	679	815	300	384	226	513	310	451	168	506	209	225	81	99	221	231	61	73	27511
*	5p	+	20	53815	31370	31135	53248	169568	880	840	740	784	319	440	204	583	320	492	222	501	208	227	101	107	243	225	74	76	26813
*	5p	+	21	54077	30828	30421	52232	167558	885	822	813	820	321	386	263	585	293	479	238	511	213	226	103	119	225	241	70	94	26105
*	5p	+	22	53376	30643	30229	52465	166713	828	862	776	884	357	410	205	557	327	476	217	503	230	252	105	116	232	230	98	89	25494
*	5p	+	23	52461	30615	30734	52392	166202	855	828	799	824	329	411	255	559	320	469	241	500	237	260	114	103	245	266	71	83	24895
*	5p	+	24	53081	30336	30620	51780	165817	831	884	765	821	325	456	226	532	318	485	192	507	262	256	89	113	260	257	88	85	24316
*	5p	+	25	53239	30033	29938	52047	165257	872	867	745	789	311	401	303	566	318	504	254	534	236	270	100	105	279	263	79	82	23744
*	5p	+	26	52826	30529	30293	51189	164837	882	823	795	835	349	430	232	572	322	489	272	512	265	255	117	136	268	271	102	76	23152
*	5p	+	27	52537	30503	30219	51236	164495	898	830	826	836	346	398	203	567	355	439	252	536	242	285	123	109	263	268	92	87	22663
*	5p	+	28	52850	29982	30098	51289	164219	864	801	754	810	298	428	211	643	367	481	247	542	234	249	139	148	258	268	81	95	22139
*	5p	+	29	52970	30410	29886	50741	164007	873	806	787	789	317	445	191	579	301	495	271	508	254	273	119	110	236	293	87	76	21639
*	5p	+	30	52019	30217	30612	50875	163723	859	810	777	764	350	470	217	555	369	507	254	589	265	290	117	134	272	275	87	93	21177
*	5p	+	31	51430	30559	30062	50892	162943	922	809	765	841	336	392	222	568	303	528	251	491	271	265	107	144	288	319	81	109	20639
*	5p	+	32	52028	30089	29719	50474	162310	829	819	782	781	350	461	220	595	362	481	243	476	281	256	128	110	272	304	109	111	20187
*	5p	+	33	51819	29926	29704	50196	161645	831	836	762	818	335	447	255	533	375	461	252	491	304	245	126	131	320	282	100	101	19713
*	5p	+	34	51640	29493	29764	50121	161018	822	810	746	889	309	408	237	500	356	490	249	513	270	265	98	131	283	317	85	85	19275
*	5p	+	35	50601	30043	28864	50880	160388	873	842	734	853	321	386	222	525	356	484	244	508	271	273	125	124	297	298	89	102	18845
*	5p	+	36	49770	29997	29298	50088	159153	860	822	708	755	305	398	221	554	323	489	284	510	307	280	108	136	283	311	86	114	18434
*	5p	+	37	50098	29363	28453	50040	157954	855	876	753	822	295	408	228	578	362	492	268	525	297	267	146	146	302	318	100	93	18019
*	5p	+	38	49451	28563	28746	49738	156498	866	834	709	836	306	426	215	554	374	513	259	480	288	274	135	144	297	285	127	115	17610
*	5p	+	39	49167	28917	28619	48628	155331	887	807	700	806	303	371	219	624	367	499	272	454	310	299	112	144	345	298	104	93	17203
*	5p	+	40	49341	28575	28392	47925	154233	887	822	727	791	292	431	214	591	342	504	283	478	306	317	137	138	287	294	138	99	16832
*	5p	+	41	48879	28109	27726	48064	152778	846	815	701	849	311	423	220	560	346	481	214	524	302	295	141	134	298	319	98	92	16437
*	5p	+	42	47650	27922	28070	47625	151267	870	789	724	850	318	421	236	556	328	471	223	462	253	302	155	131	315	268	106	98	16067
*	5p	+	43	47463	28269	26974	47097	149803	861	790	728	789	318	378	215	747	352	471	237	460	309	306	134	125	309	259	110	91	15716
*	5p	+	44	47549	27569	27069	46123	148310	836	736	704	787	323	434	182	526	347	448	242	484	302	272	127	121	275	276	79	95	15375
*	5p	+	45	46093	27091	27188	46231	146603	889	820	733	798	294	385	192	509	328	521	263	500	284	264	123	140	287	305	96	105	15003
*	5p	+	46	46720	26484	26339	45320	144863	806	762	688	936	323	410	195	512	301	507	226	446	286	256	121	149	268	268	119	121	14668
*	5p	+	47	45618	26192	26209	44979	142998	865	736	701	749	263	413	237	615	305	458	243	503	274	298	134	123	281	294	101	100	14345
*	5p	+	48	44492	26123	25796	44799	141210	817	735	665	720	298	381	175	481	306	490	260	461	262	288	126	131	292	295	89	96	14015
*	5p	+	49	44561	25068	25647	44096	139372	764	743	610	759	272	371	210	464	313	496	264	461	284	269	121	128	336	261	105	66	13726
*	5p	+	50	43576	25651	24894	43391	137512	812	766	687	759	295	346	198	469	302	431	258	508	281	307	150	132	314	256	93	88	13409
*	5p	+	51	43166	24874	25119	42568	135727	874	722	678	676	289	372	176	492	312	412	217	442	259	303	141	121	280	261	101	94	13135
*	5p	+	52	42598	24510	24211	42622	133941	779	745	618	674	296	375	164	432	325	425	240	454	248	274	126	123	278	258	93	100	12866
*	5p	+	53	42347	23702	24392	41739	132180	816	642	665	683	263	385	175	435	281	410	237	445	249	273	123	131	301	236	85	103	12585
*	5p	+	54	41968	23680	23865	40935	130448	771	694	667	673	247	393	176	454	312	421	264	433	260	275	154	110	268	239	91	96	12320
*	5p	+	55	40791	23492	24046	40265	128594	768	644	570	621	254	346	201	437	292	393	244	416	284	272	144	138	253	238	106	82	12035
*	5p	+	56	40341	22683	23298	40323	126645	789	683	630	683	256	365	150	422	231	389	281	398	280	283	114	139	267	254	76	98	11760
*	5p	+	57	39855	22460	23134	39333	124782	794	671	556	746	266	331	157	450	284	400	226	411	254	267	132	136	272	232	84	89	11486
*	5p	+	58	38926	22070	23040	38785	122821	767	682	529	652	209	326	161	403	287	427	247	377	265	276	130	142	254	263	74	75	11282
*	5p	+	59	38751	21984	21748	38224	120707	787	667	560	543	232	365	136	412	293	364	280	366	265	236	124	124	267	240	75	94	11028
*	5p	+	60	37938	21298	21672	37874	118782	761	625	602	590	230	339	152	426	273	433	249	381	259	234	136	139	255	233	84	85	10794
*	5p	+	61	37224	21291	21268	36996	116779	761	596	569	552	223	305	158	431	270	393	222	348	265	228	116	129	239	245	79	67	10546
*	5p	+	62	36264	20955	21187	36330	114736	726	583	557	571	244	353	153	397	258	346	233	326	249	257	113	151	237	228	78	74	10304
*	5p	+	63	36112	20339	20696	35512	112659	712	603	508	561	199	358	141	411	240	333	226	402	262	275	134	115	214	238	90	84	10064
*	5p	+	64	34982	20265	20470	34898	110615	769	585	514	551	223	303	149	364	234	351	199	363	255	236	123	117	216	205	82	82	9834
*	5p	+	65	34555	19825	19403	34779	108562	667	555	549	514	230	304	159	500	268	384	233	323	266	234	111	110	199	217	63	79	9612
*	5p	+	66	33696	19695	19393	33718	106502	651	616	559	546	207	317	165	372	258	371	216	328	235	233	99	123	197	186	76	81	9411
*	5p	+	67	33201	18970	19121	33102	104394	658	582	545	483	210	275	148	327	252	343	224	307	237	204	110	120	197	186	78	81	9191
*	5p	+	68	32640	18144	19080	32459	102323	668	578	532	488	219	328	123	312	237	339	233	351	222	211	116	103	212	186	70	76	8969
*	5p	+	69	31991	18362	18068	31784	100205	650	524	551	466	200	275	145	354	205	354	237	323	219	211	112	98	233	208	62	71	8788
*	5p	+	70	31495	17743	17755	31100	98093	668	532	451	478	241	273	131	346	241	339	190	312	223	203	93	96	204	166	62	87	8564
*	5p	-	1	48572	39759	33123	42519	163973	514	591	670	833	389	245	214	425	338	377	263	242	0	0	0	0	1	5	5	5	44082
*	5p	-	2	51107	26244	31893	54731	163975	527	815	590	434	157	289	155	247	220	288	111	294	0	1	3	1	3	3	4	5	43930
*	5p	-	3	50679	34050	27145	52107	163981	467	573	441	470	221	244	137	262	184	261	134	354	4	1	2	1	7	5	2	1	42876
*	5p	-	4	54078	31651	26614	51606	163949	500	569	397	431	183	229	126	302	164	274	109	316	5	10	10	13	18	12	5	10	41550
*	5p	-	5	54805	30033	28655	50439	163932	528	508	464	407	187	178	144	282	160	248	118	294	16	10	15	18	12	12	12	29	40011
*	5p	-	6	55899	28063	30493	49471	163926	752	762	674	653	244	373	219	414	287	446	182	489	28	17	21	17	19	20	13	18	38358
*	5p	-	7	49412	28766	28336	57390	163904	652	829	620	643	299	368	197	392	269	400	179	476	29	25	24	22	31	34	12	17	37386
*	5p	-	8	49322	30832	28887	54842	163883	651	760	660	710	292	389	211	419	323	364	188	464	38	36	15	23	37	43	23	12	36385
*	5p	-	9	48054	31055	27861	56864	163834	666	849	620	679	259	350	247	426	258	388	172	453	37	52	23	31	56	57	28	23	35333
*	5p	-	10	52532	28096	28895	54289	163812	744	757	617	605	257	384	190	422	306	412	155	441	51	84	37	28	65	70	22	29	34319
*	5p	-	11	51762	31355	30083	50554	163754	750	777	721	777	298	355	226	428	314	420	188	497	95	78	53	33	82	94	38	29	33326
*	5p	-	12	50904	33202	29244	50370	163720	738	788	707	742	356	404	843	396	300	433	191	496	101	91	47	32	80	96	59	42	32558
*	5p	-	13	51470	31245	29045	51938	163698	723	737	676	645	249	421	259	404	326	404	205	498	103	101	51	57	109	106	44	40	31740
*	5p	-	14	51031	31394	29582	51676	163683	745	757	632	657	262	382	197	434	296	447	172	446	141	133	46	54	104	109	53	48	30991
*	5p	-	15	52428	29845	28541	52852	163666	774	733	634	761	310	347	207	422	308	419	227	448	104	126	65	56	108	118	48	57	30215
*	5p	-	16	52965	30370	28700	51577	163612	718	797	703	721	296	364	815	410	311	442	176	475	111	119	58	65	121	139	54	60	29418
*	5p	-	17	53358	29615	28456	52164	163593	760	749	689	712	306	385	194	417	307	487	182	488	145	142	72	55	149	143	45	68	28717
*	5p	-	18	50620	30268	30651	52038	163577	773	721	678	693	304	401	218	443	300	411	193	520	144	157	66	69	158	136	67	59	28063
*	5p	-	19	51039	30216	28595	53725	163575	771	771	677	677	264	341	157	404	298	468	196	486	158	156	71	72	149	171	57	46	27370
*	5p	-	20	50061	29189	29660	49464	158374	811	767	745	722	355	426	204	448	307	478	268	461	190	157	65	71	173	201	53	42	26750
*	5p	-	21	48851	28973	28664	49840	156328	815	850	821	806	314	429	212	414	327	502	425	477	174	183	81	95	164	181	81	72	26104
*	5p	-	22	48608	29587	27718	49537	155450	794	798	758	708	303	388	298	464	286	489	217	526	161	177	89	91	214	176	75	82	25445
*	5p	-	23	48725	28515	28156	49527	154923	839	810	796	735	326	418	218	447	305	533	250	460	189	200	100	93	212	200	80	72	24837
*	5p	-	24	48598	29038	28733	48233	154602	756	822	709	753	296	397	192	422	323	481	199	504	194	203	108	108	189	198	85	67	24245
*	5p	-	25	47404	29288	29229	48145	154066	779	867	755	730	284	415	207	493	347	476	182	519	217	203	95	119	196	218	76	62	23654
*	5p	-	26	48835	28959	28109	47728	153631	892	771	711	689	280	416	193	462	328	471	228	538	201	215	114	100	220	204	86	70	23114
*	5p	-	27	48794	28284	28274	47889	153241	840	798	719	686	306	414	163	433	318	513	210	524	240	222	105	102	232	227	90	69	22587
*	5p	-	28	47829	29903	27984	47221	152937	795	727	785	716	303	391	249	473	328	501	195	458	235	207	101	117	220	243	72	81	22051
*	5p	-	29	48111	28321	28331	47946	152709	854	854	764	662	298	411	182	469	308	460	172	517	236	232	109	112	223	230	78	98	21528
*	5p	-	30	47665	27684	27924	49134	152407	794	745	732	741	292	401	192	464	323	466	181	461	231	244	106	131	253	249	100	84	21034
*	5p	-	31	47174	29216	26804	48598	151792	792	801	731	781	395	390	193	458	297	514	227	422	249	257	137	100	246	244	92	92	20598
*	5p	-	32	48707	28128	27711	46571	151117	854	768	711	737	302	413	208	459	275	452	202	502	272	244	124	114	236	276	102	82	20137
*	5p	-	33	48506	28816	26914	46301	150537	764	773	780	726	353	403	193	475	328	520	187	462	280	278	107	118	245	235	99	92	19694
*	5p	-	34	49368	27160	26968	46348	149844	895	803	734	675	308	409	194	474	302	487	233	478	275	231	111	132	265	270	85	93	19213
*	5p	-	35	48591	27492	26550	46531	149164	854	821	787	716	312	428	185	476	339	462	208	484	273	271	114	135	275	279	106	82	18794
*	5p	-	36	45794	27756	26430	48057	148037	868	738	806	750	287	388	188	445	308	499	172	459	269	257	112	115	304	284	97	84	18386
*	5p	-	37	47214	27861	25938	46062	147075	812	784	1239	722	306	399	189	519	342	492	189	469	241	274	146	112	275	274	92	97	18019
*	5p	-	38	45284	26644	26591	47373	145892	855	721	718	667	304	418	197	481	345	484	259	460	288	290	136	101	267	280	93	101	17624
*	5p	-	39	45001	26945	26048	46864	144858	856	828	704	727	299	414	196	468	343	510	209	493	292	251	137	114	301	303	82	95	17234
*	5p	-	40	45535	26887	25666	45769	143857	810	843	716	716	303	367	162	468	315	447	183	499	296	264	118	132	283	296	101	103	16847
*	5p	-	41	44293	26707	27674	43866	142540	880	785	704	702	305	384	180	502	371	435	202	525	282	264	130	129	272	334	102	83	16482
*	5p	-	42	44323	27215	26031	43474	141043	856	763	674	721	287	393	191	461	319	466	189	432	294	272	124	154	281	277	97	89	16106
*	5p	-	43	45061	25584	25066	43980	139691	869	763	698	732	273	391	173	474	322	451	195	454	312	265	166	125	305	250	99	100	15752
*	5p	-	44	43462	26271	25414	43066	138213	849	700	672	876	288	364	180	442	292	461	170	420	309	306	126	116	305	263	99	95	15387
*	5p	-	45	42898	25236	24342	44213	136689	835	763	658	669	266	388	192	449	321	508	181	443	335	257	144	125	267	276	109	107	15035
*	5p	-	46	42564	23877	25059	43527	135027	855	715	670	656	252	384	154	422	331	455	182	446	264	309	126	143	279	269	103	96	14673
*	5p	-	47	42420	23806	23859	43197	133282	834	638	688	644	294	395	194	455	308	453	158	457	274	320	138	133	268	298	86	86	14292
*	5p	-	48	41066	24115	25044	41385	131610	813	691	645	635	280	395	193	403	310	438	154	474	290	256	132	145	278	259	87	86	13949
*	5p	-	49	43085	22976	23328	40443	129832	804	681	972	622	273	372	194	416	283	458	160	471	285	273	109	124	239	293	97	89	13612
*	5p	-	50	40648	23294	23021	41168	128131	784	715	625	630	256	385	152	436	278	395	156	450	274	254	131	125	265	253	88	85	13320
*	5p	-	51	39944	23107	23447	40042	126540	776	657	631	616	266	359	164	424	264	406	175	435	257	279	134	117	273	239	94	75	13034
*	5p	-	52	39224	22643	23176	39756	124799	767	658	610	602	263	371	172	425	275	461	261	1173	271	290	119	133	265	226	89	95	12748
*	5p	-	53	38738	22304	22241	39846	123129	787	685	561	593	273	325	185	415	270	418	156	471	250	262	149	128	261	247	82	68	12469
*	5p	-	54	38531	21636	21967	39212	121346	762	704	572	608	274	355	155	377	269	383	163	436	269	283	118	111	296	251	81	78	12197
*	5p	-	55	38344	21308	22982	37052	119686	759	668	651	584	223	314	153	397	236	408	135	426	262	299	127	115	259	252	101	82	11913
*	5p	-	56	38843	20626	21307	37097	117873	765	589	602	579	211	327	170	357	273	424	157	373	264	270	141	124	280	237	97	91	11642
*	5p	-	57	37442	20620	21187	36894	116143	783	587	552	562	279	343	129	395	259	404	139	358	256	251	134	129	229	265	96	83	11373
*	5p	-	58	37315	20308	20147	36541	114311	702	581	521	556	227	321	152	373	245	371	160	360	250	270	114	107	254	235	72	90	11116
*	5p	-	59	35705	20925	20055	35704	112389	761	628	547	533	215	314	146	389	267	374	146	350	248	248	111	138	244	249	93	81	10892
*	5p	-	60	34691	19561	21039	35329	110620	727	595	500	539	225	302	152	369	235	393	142	342	221	272	113	116	239	234	88	84	10667
*	5p	-	61	34400	19525	19561	35299	108785	745	572	526	477	187	318	134	365	292	406	121	347	252	231	115	108	239	236	74	88	10409
*	5p	-	62	34530	18675	19994	33725	106924	683	552	511	513	206	311	141	362	260	379	150	352	261	268	103	113	244	226	76	68	10191
*	5p	-	63	33737	18866	18856	33544	105003	728	565	558	518	231	315	139	353	226	403	137	334	269	238	111	105	238	228	66	62	9960
*	5p	-	64	32348	19140	18467	33129	103084	671	582	490	520	213	295	137	330	252	327	139	336	253	252	103	115	229	215	71	72	9715
*	5p	-	65	32059	17999	18161	32881	101100	691	545	489	486	203	262	123	374	231	368	151	307	241	213	109	108	210	200	87	82	9500
*	5p	-	66	31262	17668	17936	32347	99213	668	522	472	465	231	275	158	346	234	348	133	324	219	253	94	105	211	207	65	77	9276
*	5p	-	67	30635	17052	18329	31311	97327	736	483	533	467	187	296	118	335	230	345	124	327	235	237	98	98	206	205	74	62	9068
*	5p	-	68	30451	17211	17220	30488	95370	651	527	492	468	207	266	117	352	193	306	114	307	208	202	113	96	226	198	66	73	8858
*	5p	-	69	29549	17334	16969	29610	93462	687	510	423	469	187	262	131	338	212	335	123	329	207	204	121	105	228	183	62	63	8647
*	5p	-	70	29619	16360	16342	29229	91550	621	480	464	422	178	245	126	319	227	302	114	279	228	210	101	87	205	175	73	62	8451
