# table produced by mapDamage version 2.2.1
# using mapped file CviAPal017.merged.L103.realn.bam and reference.ssl.Cvi20k_rename.fasta as reference file
# Chr: reference from sam/bam header, End: from which termini of DNA sequences, Std: strand of reads
Chr	End	Std	Pos	A	C	G	T	Total	G>A	C>T	A>G	T>C	A>C	A>T	C>G	C>A	T>G	T>A	G>C	G>T	A>-	T>-	C>-	G>-	->A	->T	->C	->G	S
*	3p	+	1	152962	131491	158483	173633	616569	10459	1993	2847	2546	1090	1124	943	1293	1235	1074	758	1022	0	0	0	0	16	21	32	40	131846
*	3p	+	2	202677	123037	108183	182689	616586	7999	1889	1709	2175	743	909	442	1263	688	1264	578	875	6	7	6	2	27	39	19	20	131559
*	3p	+	3	185154	112069	135129	184266	616618	5332	1893	1831	1696	608	779	537	1334	805	904	456	903	16	13	8	7	24	29	6	14	127014
*	3p	+	4	185470	109451	127055	194535	616511	4205	1940	1784	1611	607	828	536	1272	734	882	485	976	46	29	44	59	38	62	31	50	121431
*	3p	+	5	184807	115370	119787	196530	616494	3534	1936	1723	1671	620	891	468	1197	683	876	477	1005	63	60	60	49	53	64	46	37	115004
*	3p	+	6	177558	123458	114774	200618	616408	4710	3049	2548	2775	1077	1450	792	1980	1048	1438	898	1572	88	86	65	83	76	106	52	52	107740
*	3p	+	7	206244	114065	119310	176735	616354	4689	2519	2644	2375	1015	1238	748	1954	1035	1462	811	1439	101	103	77	79	117	114	54	57	104129
*	3p	+	8	197963	116089	125239	176974	616265	4501	2645	2731	2561	958	1240	773	1839	1144	1584	834	1408	118	129	73	89	167	142	54	69	100292
*	3p	+	9	203827	115766	123963	172585	616141	4347	2511	2688	2600	995	1188	768	1863	1133	1507	959	1522	188	181	114	112	219	160	87	88	96383
*	3p	+	10	194372	116876	115219	189573	616040	4121	2786	2673	2536	991	1291	684	1798	988	1538	851	1467	246	226	121	129	254	201	113	90	92466
*	3p	+	11	181772	122435	126252	185512	615971	4075	2892	3000	2841	1196	1363	816	1864	1263	1591	913	1531	282	219	136	165	232	229	145	120	88423
*	3p	+	12	182512	119721	131859	181751	615843	4092	2831	2948	2874	1065	1321	758	1886	1189	1504	2858	1543	297	287	147	169	310	270	118	155	85541
*	3p	+	13	188232	117938	125407	184152	615729	4056	2862	2879	2742	1155	1398	702	1850	1129	1639	852	1537	302	302	171	181	356	347	109	156	82546
*	3p	+	14	186151	120173	126011	183290	615625	4049	2899	2835	2634	1114	1357	822	1883	1122	1665	844	1575	368	402	195	200	350	381	151	191	79624
*	3p	+	15	190047	117076	121080	187325	615528	3797	2860	2884	2701	1102	1392	843	1806	1170	1594	830	1482	415	450	210	207	427	406	154	184	76780
*	3p	+	16	186892	117921	120820	189845	615478	3691	2894	2807	2858	1127	1403	804	1889	1179	1567	1992	1596	468	451	225	229	454	425	168	164	73910
*	3p	+	17	186478	118578	120739	189587	615382	3671	2787	2734	2724	1039	1438	809	1857	1080	1582	824	1485	460	499	263	298	530	450	178	158	71437
*	3p	+	18	185915	124039	121667	183685	615306	3458	2882	2843	2745	1062	1379	774	1927	1156	1545	782	1536	536	512	276	297	512	458	207	214	68985
*	3p	+	19	191771	117564	121648	184289	615272	3504	2841	2861	2766	1033	1421	765	1808	1110	1552	723	1460	553	627	261	275	516	506	207	194	66542
*	3p	+	20	182488	122731	120159	184525	609903	3550	2932	2967	2963	1177	1514	925	1985	1350	1629	832	1584	601	598	328	323	574	544	233	212	64316
*	3p	+	21	185397	120062	119620	182607	607686	3764	3148	2973	3159	1249	1613	1383	1978	1189	1645	760	1692	646	619	319	336	610	570	232	259	61934
*	3p	+	22	183973	117312	122433	183074	606792	3681	3089	2997	2940	1111	1494	810	1893	1170	1602	1127	1654	674	669	297	364	648	612	220	243	59872
*	3p	+	23	185556	118515	119762	182442	606275	3703	2985	2981	2906	1081	1461	773	1964	1230	1660	848	1789	669	693	344	399	682	603	248	299	57905
*	3p	+	24	180929	122529	120479	181955	605892	3732	3262	2995	2979	1216	1491	880	1968	1190	1652	793	1662	760	712	358	364	685	695	226	273	55990
*	3p	+	25	182016	121585	122106	179853	605560	3787	3109	2997	2966	1144	1429	842	1955	1122	1639	793	1863	719	733	392	399	635	653	263	254	54089
*	3p	+	26	181097	119487	120045	184530	605159	3474	3372	2984	2994	1122	1424	834	2016	1194	1672	816	1689	777	746	404	416	673	645	283	276	52256
*	3p	+	27	182296	119063	117830	185644	604833	3533	3174	3088	3004	1053	1431	770	1991	1149	1625	745	1723	816	778	378	401	685	700	294	295	50520
*	3p	+	28	179987	119410	124026	181155	604578	3545	3177	2978	2883	1140	1466	826	1904	1213	1533	974	1769	851	807	421	481	729	719	285	294	48838
*	3p	+	29	180841	120652	119725	183093	604311	3510	3075	2960	2928	1147	1433	875	1938	1130	1653	810	1666	882	865	436	467	780	724	316	309	47176
*	3p	+	30	185271	118909	118305	181677	604162	3487	3027	2976	2846	1205	1420	739	1951	1168	1678	805	1705	904	912	434	468	775	694	274	349	45517
*	3p	+	31	183337	116326	123124	179776	602563	3554	3079	3237	3035	1205	1539	832	1868	1130	1621	824	1701	945	890	436	462	737	749	283	275	44022
*	3p	+	32	178889	118764	118175	185165	600993	3487	3069	2997	3015	1158	1490	816	1846	1247	1643	742	1716	918	894	453	492	746	761	335	307	42559
*	3p	+	33	178591	116692	120759	183633	599675	3582	3202	2938	2904	1165	1506	831	1862	1274	1661	736	1838	991	844	454	519	738	742	312	346	41117
*	3p	+	34	178765	116859	116037	186445	598106	3337	3214	3015	2921	1156	1401	870	1942	1204	1589	809	1743	966	990	469	505	809	722	302	326	39807
*	3p	+	35	179308	116149	116193	184845	596495	3386	3159	2951	3075	1147	1497	823	1773	1195	1641	740	1738	954	1010	499	529	780	770	313	360	38510
*	3p	+	36	182737	115893	117828	176728	593186	3409	3186	2943	3015	1172	1465	766	1851	1112	1545	747	1819	972	1004	512	513	843	817	312	306	37225
*	3p	+	37	177569	113986	119093	179277	589925	3535	3048	2979	3656	1271	1371	766	1875	1194	1558	766	2111	988	1009	515	503	822	871	328	340	35985
*	3p	+	38	182130	116037	113580	174674	586421	3266	3055	2959	2906	1178	1426	908	1891	1127	1570	720	1710	1025	932	475	540	847	828	360	312	34825
*	3p	+	39	182149	112718	114604	173816	583287	3240	3006	3017	2795	1154	1422	808	1768	1125	1595	764	1625	1011	987	448	523	791	771	329	321	33706
*	3p	+	40	177882	112415	114984	174680	579961	3503	3036	2896	2936	1152	1414	752	1811	1148	1514	773	1746	935	959	492	533	865	740	329	349	32572
*	3p	+	41	172567	117660	114051	171382	575660	3306	3207	2913	2933	1108	1420	721	1993	1203	1559	747	1750	940	979	549	509	840	787	322	357	31443
*	3p	+	42	170954	112340	115962	171857	571113	3348	3116	2854	2846	1106	1446	834	1879	1073	1549	741	1735	956	967	503	507	825	732	366	336	30388
*	3p	+	43	171168	110903	109804	174501	566376	3078	2955	2878	2859	1160	1355	784	1784	1139	1563	692	1690	1006	1053	480	535	830	767	379	320	29399
*	3p	+	44	170431	110184	111549	169458	561622	3202	3085	3852	2716	1096	1388	728	1723	1096	1537	724	1639	995	978	506	526	840	788	345	340	28445
*	3p	+	45	171888	107416	109647	167915	556866	3218	2881	2817	2778	1082	1415	718	1725	1083	1470	773	1654	953	1002	492	529	847	799	316	352	27485
*	3p	+	46	169347	109195	106235	166503	551280	3043	3029	2827	2839	1070	1429	729	1767	1055	1473	690	1620	1021	960	519	512	827	786	375	307	26548
*	3p	+	47	168669	105681	105083	166030	545463	2946	2829	2593	2772	1083	1305	764	1818	1021	1389	696	1581	963	996	545	526	809	776	337	330	25657
*	3p	+	48	162829	108880	105098	162642	539449	3090	2759	2664	2670	1133	1342	704	1749	1090	1499	701	1587	931	998	530	498	821	817	307	360	24742
*	3p	+	49	160216	104232	102482	166434	533364	2978	2880	2763	3588	1026	1367	686	1667	1037	1483	712	1593	952	1009	509	500	841	807	349	322	23908
*	3p	+	50	163278	102175	102429	159226	527108	2871	2842	2678	2595	1064	1304	632	1715	1046	1408	713	1541	953	993	487	523	859	789	329	321	23061
*	3p	+	51	158701	104770	101548	156190	521209	2869	2790	2641	2675	1043	1319	649	1710	1063	1332	686	1579	994	983	519	518	808	798	342	332	22280
*	3p	+	52	155836	103096	100721	155349	515002	3016	2664	2505	2582	990	1225	954	4418	951	1407	675	1477	947	975	501	501	802	829	300	337	21479
*	3p	+	53	156005	99630	99305	153746	508686	2783	2750	2509	2608	987	1310	660	1625	967	1273	634	1588	977	942	480	455	795	809	314	326	20766
*	3p	+	54	154222	98938	96386	152525	502071	2745	2785	2504	2569	992	1188	681	1521	951	1264	662	1516	902	933	530	478	819	749	332	327	20046
*	3p	+	55	148902	101215	94634	150563	495314	2742	2716	2464	2597	971	1262	695	1557	967	1269	669	1389	932	863	529	499	842	720	300	314	19354
*	3p	+	56	147995	94893	93588	151690	488166	2572	2472	2408	2561	934	1205	623	1465	999	1261	633	1406	940	907	488	451	809	748	285	302	18669
*	3p	+	57	146465	93453	91397	149614	480929	2516	2602	2315	2426	942	1159	586	1450	954	1315	628	1363	879	863	469	487	804	721	296	289	18046
*	3p	+	58	144080	92031	90369	147371	473851	2597	2441	2178	2360	954	1135	604	1478	932	1243	622	1463	865	885	467	490	736	722	281	268	17444
*	3p	+	59	142792	90482	92082	140912	466268	2580	2467	2287	2346	906	1170	617	1435	888	1255	590	1451	836	897	471	440	720	677	293	273	16865
*	3p	+	60	139880	92701	87763	138226	458570	2520	2569	2196	2287	934	1163	643	1401	886	1185	593	1399	880	861	443	501	704	694	271	267	16285
*	3p	+	61	139423	87227	87774	136435	450859	2425	2375	2175	2391	966	1167	589	1351	868	1141	614	1310	893	852	437	469	688	743	249	268	15709
*	3p	+	62	134752	88447	84519	135312	443030	2340	2444	2246	2259	894	1093	575	1362	807	1118	657	1378	834	823	457	468	654	708	274	282	15203
*	3p	+	63	134409	84921	82450	133001	434781	2236	2315	2215	2153	822	1106	518	1264	797	1182	530	1325	838	866	444	437	655	668	266	301	14684
*	3p	+	64	131233	82862	83507	128990	426592	2304	2347	2103	2175	917	1067	526	1237	820	1124	538	1276	815	838	437	427	659	683	283	261	14142
*	3p	+	65	130830	81552	79520	126560	418462	2195	2229	1931	2098	919	1060	541	1296	826	1062	518	1228	836	787	430	392	626	648	246	257	13668
*	3p	+	66	127953	80313	78548	123212	410026	2184	2148	2057	2008	844	1015	534	1199	768	1068	509	1209	767	797	381	435	610	613	245	287	13199
*	3p	+	67	123306	80867	76048	121434	401655	1979	2191	1977	2109	768	1005	509	1431	754	984	504	1185	776	791	394	386	599	595	241	252	12723
*	3p	+	68	119931	76858	76106	120265	393160	2042	2234	1968	1850	762	954	460	1184	743	1070	531	1171	799	772	384	367	570	616	238	241	12274
*	3p	+	69	116762	75079	75864	116753	384458	2113	2093	1926	1895	738	987	504	1182	811	1000	505	1204	765	717	382	369	600	595	218	218	11847
*	3p	+	70	115197	72347	71780	116495	375819	1958	2030	1832	1931	719	949	468	1086	755	1008	482	1114	764	703	371	360	572	577	237	258	11411
*	3p	-	1	124715	103998	127915	138974	495602	10030	1570	2377	2052	832	865	674	1060	1058	869	563	855	0	0	0	0	53	59	33	39	101311
*	3p	-	2	163713	95285	89046	147697	495741	7367	1483	1345	1804	608	697	331	1048	546	989	449	741	65	47	13	12	32	17	5	6	101120
*	3p	-	3	151727	90188	104992	148846	495753	4788	1540	1506	1366	483	648	429	1025	611	733	326	771	29	37	14	13	11	21	5	12	97431
*	3p	-	4	150408	86359	100290	158428	495485	3754	1423	1503	1359	491	697	345	964	615	673	336	800	122	152	48	57	116	114	56	35	92621
*	3p	-	5	147986	91947	96096	159335	495364	3083	1446	1469	1331	479	656	350	927	583	648	317	777	168	151	68	74	163	172	54	53	87202
*	3p	-	6	145885	94137	92732	162539	495293	4035	2325	2159	2126	857	1173	593	1462	863	1191	595	1219	204	180	83	78	205	188	70	51	81215
*	3p	-	7	161651	90992	97655	144999	495297	4069	2131	2124	2028	693	1002	620	1489	844	1381	506	1157	217	189	78	86	226	180	54	50	78350
*	3p	-	8	157551	92202	100761	144737	495251	3940	1999	2194	2032	782	943	616	1587	906	1187	538	1104	219	192	88	83	212	212	70	64	75160
*	3p	-	9	162078	91820	100756	140447	495101	3830	1994	2114	2109	819	988	579	1579	906	1304	561	1150	265	270	138	111	301	246	79	82	72082
*	3p	-	10	152982	93073	94012	154902	494969	3438	2150	2073	1981	793	1053	586	1440	857	1167	532	1194	287	336	140	162	291	344	101	102	68971
*	3p	-	11	143204	99858	102437	149408	494907	3562	2281	2357	2195	885	1097	637	1544	984	1188	652	1249	350	298	203	154	334	335	119	113	65789
*	3p	-	12	147185	97048	103691	146875	494799	3522	2258	2396	2318	861	1095	744	1465	1002	1188	630	1244	348	354	178	162	374	387	118	129	63489
*	3p	-	13	151405	95144	99431	148763	494743	3462	2255	2198	2335	814	1090	603	1521	897	1255	625	1250	398	379	191	164	393	382	142	146	61065
*	3p	-	14	152681	94834	99372	147811	494698	3346	2207	2330	2213	891	1113	615	1521	945	1311	634	1289	438	424	217	217	416	404	148	142	58690
*	3p	-	15	151270	94999	99795	148601	494665	3258	2166	2317	2218	877	1085	608	1480	920	1205	634	1253	441	437	208	216	400	392	176	173	56415
*	3p	-	16	151077	96101	98844	148570	494592	3268	2314	2275	2312	862	1081	622	1604	893	1242	624	1276	453	453	245	235	472	425	148	162	54172
*	3p	-	17	150649	95628	98647	149632	494556	3149	2345	2336	2254	964	1142	586	1539	1020	1219	830	1208	471	535	206	218	436	458	185	169	52228
*	3p	-	18	149413	96133	99674	149298	494518	3144	2197	2221	2245	860	1106	605	1518	857	1202	649	1210	510	502	236	237	472	474	171	171	50303
*	3p	-	19	149317	96424	98724	149944	494409	2823	2146	2235	2228	888	1083	584	1454	901	1279	552	1280	514	555	263	269	524	480	176	217	48436
*	3p	-	20	147419	96352	97906	147434	489111	3002	2398	2402	2452	928	1196	577	1532	985	1341	633	1329	555	555	283	314	574	518	211	210	46611
*	3p	-	21	147049	95570	97609	146806	487034	3033	2467	2505	2402	888	1222	650	1493	1032	1296	625	1424	578	559	309	302	554	530	199	196	44899
*	3p	-	22	147638	95372	97179	145934	486123	2894	2322	2415	2373	959	1162	656	1618	1032	1332	708	1394	597	610	306	333	553	583	205	217	43323
*	3p	-	23	148084	94563	97003	145941	485591	3007	2494	2439	2392	928	1155	607	1589	1003	1365	687	1436	640	609	325	293	567	606	226	214	41828
*	3p	-	24	147148	95782	96420	145884	485234	2954	2423	2412	2406	877	1190	637	1573	989	1343	646	1338	664	640	335	312	584	611	250	213	40315
*	3p	-	25	146650	94283	96947	146896	484776	2992	2457	2523	2285	895	1200	643	1511	1000	1296	665	1390	694	643	337	332	654	598	259	228	38931
*	3p	-	26	146439	95585	96677	145815	484516	3036	2490	2461	2401	905	1203	661	1608	989	1289	654	1432	678	654	351	345	607	615	242	219	37584
*	3p	-	27	146684	95030	96306	146259	484279	2957	2435	2522	2384	895	1203	673	1596	985	1348	671	1383	696	671	377	361	631	602	211	229	36257
*	3p	-	28	146114	95516	96048	146341	484019	2830	2473	2463	2321	981	1158	697	1535	989	1374	657	1354	674	716	363	348	641	585	231	272	35031
*	3p	-	29	146137	95527	96357	145855	483876	2826	2417	2405	2408	893	1131	612	1559	965	1305	600	1340	721	701	391	346	602	604	250	269	33793
*	3p	-	30	146042	95926	96484	145191	483643	2853	2456	2405	2390	999	1154	655	1439	929	1262	627	1384	650	753	395	360	642	586	286	241	32637
*	3p	-	31	145217	95421	96492	145195	482325	2972	2440	2482	2415	926	1141	640	1500	935	1281	660	1459	754	712	368	402	657	615	259	256	31505
*	3p	-	32	145432	95296	95684	144699	481111	2871	2362	2451	2407	881	1099	647	1539	894	1227	630	1382	739	739	379	388	644	606	246	246	30445
*	3p	-	33	144144	95216	96302	144229	479891	2925	2355	2389	2324	984	1191	627	1500	911	1292	659	1389	724	771	386	381	670	637	270	269	29389
*	3p	-	34	144422	94497	95496	144268	478683	2839	2582	2359	2464	950	1170	656	1548	1017	1282	668	1394	785	769	396	372	637	655	283	241	28431
*	3p	-	35	144458	94409	95328	143086	477281	2781	2513	2412	2384	873	1157	614	1516	903	1263	678	1394	813	749	372	374	674	677	253	265	27506
*	3p	-	36	144221	93321	94443	142634	474619	2857	2385	2376	2297	980	1145	660	1510	985	1316	643	1434	731	757	439	391	665	640	269	281	26576
*	3p	-	37	143028	92716	93874	142327	471945	2899	2574	2350	2372	924	1207	593	1438	891	1305	604	1489	759	782	380	408	653	681	245	281	25715
*	3p	-	38	141993	92071	93195	141867	469126	2755	2471	2332	2403	929	1085	655	1491	893	1284	608	1485	777	736	415	438	619	675	268	275	24873
*	3p	-	39	141095	92478	92701	140089	466363	2790	2476	2331	2372	881	1152	649	1429	892	1310	642	1382	809	777	423	404	665	686	247	293	24093
*	3p	-	40	140041	91738	91463	140403	463645	2662	2398	2330	2370	889	1147	654	1426	940	1245	617	1406	787	764	423	377	641	675	236	289	23288
*	3p	-	41	138767	90843	91252	139041	459903	2697	2407	2338	2251	858	1209	664	1353	895	1189	635	1408	784	748	406	399	664	646	277	269	22475
*	3p	-	42	137785	90551	90507	137235	456078	2644	2433	2406	2304	891	1131	620	1435	958	1228	632	1366	788	748	418	432	688	702	254	253	21698
*	3p	-	43	137052	89376	89949	135908	452285	2579	2370	2239	2202	903	1077	605	1341	844	1209	651	1577	751	772	427	398	686	667	257	281	20966
*	3p	-	44	136059	88437	88525	135234	448255	2599	2272	2330	2203	865	1051	677	1369	885	1233	598	1317	801	737	388	418	675	659	278	230	20287
*	3p	-	45	134570	88248	87793	133637	444248	2547	2392	2187	2222	866	1123	580	1377	942	1225	595	1257	739	769	388	392	640	622	250	283	19556
*	3p	-	46	133291	87249	86324	132675	439539	2558	2328	2445	2205	938	1117	590	1358	852	1191	599	1425	768	769	384	409	646	595	247	280	18890
*	3p	-	47	131645	86042	85669	131235	434591	2475	2382	2162	2154	833	1089	637	1314	869	1208	589	1334	762	757	391	385	644	629	206	236	18256
*	3p	-	48	130372	85156	84733	129292	429553	2421	2254	2261	2237	832	1081	574	1289	893	1237	573	1316	746	742	381	420	587	628	237	262	17609
*	3p	-	49	128714	83803	83324	128383	424224	2431	2197	2112	2109	847	1077	602	1292	867	1127	553	1299	710	763	420	397	624	619	239	246	17035
*	3p	-	50	127155	83067	82519	126194	418935	2456	2258	2105	2171	833	1028	590	1351	871	1075	556	1269	741	761	399	355	619	635	208	268	16414
*	3p	-	51	125631	82732	80952	124438	413753	2413	2252	2184	2150	801	1026	569	1245	794	1154	544	1242	726	736	394	356	595	646	252	234	15841
*	3p	-	52	123926	80737	80801	122924	408388	2290	2123	1995	2043	823	981	522	1259	826	1105	559	1236	716	712	365	394	589	605	241	240	15285
*	3p	-	53	122715	79802	78613	121862	402992	2163	2184	2055	1993	738	981	565	1278	816	1098	514	1176	699	720	381	351	560	587	246	229	14703
*	3p	-	54	120583	78419	78048	120293	397343	2169	2087	2044	2017	750	966	538	1253	789	1067	528	1165	710	692	357	356	556	604	231	212	14158
*	3p	-	55	118077	77980	76557	118852	391466	2213	2059	1978	1985	751	947	536	1185	778	1012	459	1173	700	657	378	370	588	584	246	223	13650
*	3p	-	56	117452	75550	75692	116756	385450	2085	2063	1996	1921	718	936	530	1227	798	1010	535	1224	696	666	349	343	566	574	242	216	13186
*	3p	-	57	114954	75459	74005	114869	379287	2128	2044	1950	1853	771	927	511	1130	795	1002	507	1226	637	676	318	363	572	549	247	220	12761
*	3p	-	58	112847	74546	72358	113551	373302	2130	1981	1883	1859	705	887	491	1149	742	1010	492	1173	649	680	337	293	521	532	227	210	12311
*	3p	-	59	110939	72258	71619	112223	367039	2051	1976	1771	1772	746	947	512	1070	770	1041	481	1135	609	685	343	320	533	487	242	212	11864
*	3p	-	60	110255	71614	69843	108938	360650	1917	1977	1778	1893	699	845	426	1061	712	958	428	1120	647	609	337	305	519	528	210	180	11461
*	3p	-	61	107317	70044	69483	107234	354078	1872	1920	1659	1856	668	877	533	1066	661	937	447	1106	606	614	318	313	506	504	201	205	11048
*	3p	-	62	105260	69020	67730	105530	347540	2011	1852	1760	1736	688	852	524	1071	681	974	451	1045	597	582	361	325	481	471	188	181	10629
*	3p	-	63	104118	67332	66103	103275	340828	1781	1804	1719	1709	646	871	441	1040	677	896	455	1059	665	586	301	278	439	481	158	188	10216
*	3p	-	64	101354	66307	65212	100900	333773	1796	1854	1598	1643	622	854	445	1033	640	900	490	955	584	616	293	298	427	477	185	165	9848
*	3p	-	65	99150	64714	63276	99741	326881	1782	1846	1584	1604	637	739	469	982	647	843	458	1090	606	559	290	308	448	465	207	196	9497
*	3p	-	66	96793	63615	62335	97357	320100	1709	1800	1527	1619	638	765	460	1072	648	860	427	1014	555	575	301	278	418	466	166	168	9172
*	3p	-	67	95447	61548	60609	95307	312911	1697	1739	1541	1539	610	820	454	977	632	893	431	935	537	535	270	279	442	451	189	175	8844
*	3p	-	68	92459	60971	59004	93536	305970	1649	1677	1480	1647	589	704	428	917	612	795	385	936	511	544	288	252	409	420	188	182	8533
*	3p	-	69	91177	59337	57824	90531	298869	1628	1595	1491	1429	548	787	417	948	593	784	443	916	503	541	242	276	415	444	168	150	8220
*	3p	-	70	88608	57544	56634	88983	291769	1546	1606	1503	1469	598	761	411	871	560	806	348	894	508	515	275	290	399	402	188	173	7943
*	5p	+	1	168474	162667	136437	148883	616461	2128	2498	2915	3456	1483	896	758	2062	1224	1267	876	852	0	0	0	0	79	45	48	40	116532
*	5p	+	2	186063	104986	120563	204971	616583	1879	3721	2328	1821	733	1076	546	1102	777	944	455	1160	76	90	18	28	42	30	8	12	116301
*	5p	+	3	185192	130131	110324	190977	616624	1935	2724	1791	2041	762	840	417	1332	599	883	598	1489	44	56	15	17	29	24	7	11	112708
*	5p	+	4	201483	120610	106788	187302	616183	2061	2455	1742	1977	670	815	385	1366	605	1017	497	1345	253	176	68	66	206	184	59	65	108012
*	5p	+	5	203716	116847	115189	180391	616143	2093	2232	1694	1824	645	768	451	1295	650	956	551	1294	200	194	75	84	198	240	59	58	102888
*	5p	+	6	209239	109481	117752	179565	616037	3074	2951	2672	2621	966	1242	711	1732	1049	1581	647	1779	210	243	105	94	224	280	81	76	96900
*	5p	+	7	181266	117517	111012	206223	616018	2690	3296	2430	2676	1004	1429	653	1662	897	1317	709	1861	215	311	111	111	221	317	67	76	93825
*	5p	+	8	180924	123550	116182	195321	615977	2775	3071	2543	2804	1011	1405	680	1703	971	1365	766	1849	230	293	100	119	281	263	98	79	90512
*	5p	+	9	173591	124564	112268	205301	615724	2455	3281	2549	2750	1128	1480	623	1670	1022	1361	730	1895	354	385	161	128	359	375	133	107	87251
*	5p	+	10	196596	113553	114365	191103	615617	2820	2973	2542	2665	1006	1391	677	1723	980	1423	750	1764	423	370	170	167	465	367	127	121	83867
*	5p	+	11	187295	127867	125291	175022	615475	2954	3039	2926	2972	1177	1266	810	1845	1158	1469	881	1830	409	419	206	190	430	424	192	175	80392
*	5p	+	12	183055	129796	120435	182125	615411	3000	3098	2915	3053	1118	1277	800	1795	1120	1482	1105	1792	486	461	214	214	478	470	181	157	77913
*	5p	+	13	185849	123501	119170	186881	615401	2859	3064	2871	2758	1114	1377	741	1862	1060	1357	733	1922	496	495	267	218	470	477	176	173	75371
*	5p	+	14	186186	122298	117852	189027	615363	3033	3052	2851	2874	1110	1366	830	1788	1144	1400	708	1840	562	561	240	242	505	471	175	183	72791
*	5p	+	15	185437	123528	118735	187644	615344	2814	3041	2801	2997	1143	1312	789	1848	1117	1447	751	1774	565	580	284	262	506	505	179	163	70213
*	5p	+	16	186595	122010	118651	187914	615170	2925	3151	2966	2864	1064	1352	779	1814	1167	1482	738	1837	602	582	257	286	568	530	198	228	67703
*	5p	+	17	186652	122301	119187	187003	615143	2914	3118	2825	2928	1175	1307	1198	1762	1267	1497	709	1821	650	588	329	302	553	572	215	212	65499
*	5p	+	18	187188	122860	119640	185394	615082	3003	3190	2833	2929	1016	1307	814	1758	1104	1446	703	1759	663	675	270	335	601	589	202	223	63321
*	5p	+	19	187236	122323	119260	186178	614997	2788	2933	2720	2770	1095	1302	757	1723	1044	1486	734	1727	667	693	338	339	605	615	229	251	61263
*	5p	+	20	185143	122286	119217	183029	609675	3131	3138	2954	2982	1159	1436	833	1888	1128	1607	764	1816	720	734	393	340	672	653	250	219	59228
*	5p	+	21	185259	121848	118098	182259	607464	3265	3159	3016	3121	1210	1551	882	1944	1043	1589	815	1814	735	735	370	387	670	690	272	262	57248
*	5p	+	22	184272	121086	117757	183467	606582	3195	3209	2969	3060	1206	1453	789	1939	1196	1601	765	1852	814	773	370	375	747	664	280	241	55411
*	5p	+	23	183503	119955	118382	184334	606174	3130	3204	2933	3102	1145	1476	829	1911	1173	1553	796	1938	818	798	405	392	724	665	269	283	53575
*	5p	+	24	183666	119612	119117	183401	605796	3193	3085	3042	2992	1197	1497	810	1853	1123	1634	784	1859	793	818	396	406	705	717	273	278	51862
*	5p	+	25	184114	120259	117392	183516	605281	3134	3154	3053	3066	1163	1442	839	1996	1132	1532	837	1849	803	834	435	413	750	741	294	299	50226
*	5p	+	26	183251	120018	118331	183359	604959	3106	3194	2959	3016	1178	1413	765	1947	1156	1606	872	1863	871	841	456	432	713	785	281	298	48552
*	5p	+	27	183899	120189	117817	182714	604619	3209	3297	3016	3062	1202	1541	800	1954	1187	1521	836	1846	874	872	456	461	749	792	359	288	47067
*	5p	+	28	184389	119496	117812	182746	604443	3215	3157	2932	3104	1215	1475	783	2122	1179	1533	846	1826	920	879	438	470	778	768	292	323	45571
*	5p	+	29	183993	119863	118634	181723	604213	3196	3097	3043	3040	1190	1426	762	1937	1181	1579	794	1787	886	889	449	467	727	872	314	317	44202
*	5p	+	30	182446	120216	119435	181967	604064	3116	3081	3107	2846	1110	1403	829	1888	1141	1605	865	1944	929	857	512	506	703	809	327	354	42887
*	5p	+	31	182823	120656	117476	181445	602400	3090	3172	3052	3037	1095	1476	828	1809	1233	1556	818	1831	890	936	541	475	736	845	324	307	41589
*	5p	+	32	181768	120238	117213	181679	600898	3176	3097	3063	3089	1137	1478	802	1945	1148	1560	824	1837	972	963	492	491	731	826	345	343	40289
*	5p	+	33	181465	119493	117817	180688	599463	3189	3160	3052	2962	1135	1474	759	1910	1271	1576	901	1801	985	967	491	521	800	850	375	326	39069
*	5p	+	34	182023	118352	117840	179783	597998	3228	3150	3117	2925	1113	1403	759	1917	1204	1593	816	1760	976	964	473	466	806	823	301	339	37860
*	5p	+	35	179855	118169	116923	181439	596386	3379	3007	2932	2961	1123	1314	765	1827	1202	1551	805	1794	984	972	461	533	782	842	356	350	36701
*	5p	+	36	178413	119068	115779	179912	593172	3267	3211	3000	2961	1097	1366	789	1978	1218	1527	839	1782	932	990	562	550	799	822	350	325	35579
*	5p	+	37	180122	116373	114628	178887	590010	3257	3097	2944	2956	1201	1479	771	1975	1238	1560	803	1775	967	983	537	509	779	821	342	336	34522
*	5p	+	38	177580	115453	114953	178512	586498	3296	3200	2994	3007	1096	1427	766	1923	1137	1533	870	1647	990	966	500	494	822	797	329	325	33516
*	5p	+	39	175680	115659	114753	177100	583192	3360	3150	2962	3021	1141	1415	798	2100	1135	1687	833	1697	968	1013	539	499	778	832	347	352	32548
*	5p	+	40	176452	114895	114340	174200	579887	3302	3099	2947	2967	1130	1345	836	1929	1148	1589	860	1622	1000	974	491	557	846	824	362	326	31571
*	5p	+	41	175588	113224	112966	173907	575685	3370	2984	2986	2994	1148	1502	823	1963	1156	1613	770	1697	922	1021	527	542	757	824	360	345	30629
*	5p	+	42	173345	113113	112551	172142	571151	3427	2972	2941	2892	1082	1444	821	1865	1229	1562	765	1658	972	1005	500	496	811	792	320	300	29743
*	5p	+	43	171821	112631	110481	171458	566391	3291	2840	2861	2816	1053	1352	809	2169	1203	1474	753	1563	955	942	536	530	860	788	324	307	28839
*	5p	+	44	171036	111042	109437	170115	561630	3316	2946	2864	2798	1056	1381	732	1777	1122	1497	797	1598	977	974	517	460	835	843	322	306	27940
*	5p	+	45	169112	109031	110072	168693	556908	3292	2898	2745	2848	1147	1389	727	1770	1090	1548	805	1607	938	986	480	495	804	823	299	345	27177
*	5p	+	46	167966	108429	108104	166826	551325	3245	2857	2788	3064	1066	1463	775	1743	1081	1547	761	1557	951	880	496	483	805	745	343	355	26346
*	5p	+	47	166270	106619	107031	165571	545491	3278	2931	2784	2644	1033	1311	770	1911	1074	1520	808	1659	927	940	468	580	797	795	310	322	25564
*	5p	+	48	164004	105546	106041	163952	539543	3362	2850	2681	2767	1027	1322	729	1778	1064	1523	854	1534	971	945	480	502	800	790	316	300	24816
*	5p	+	49	162745	103738	105643	161406	533532	3358	2834	2613	2692	1102	1317	721	1689	1014	1484	805	1492	919	912	489	506	785	726	317	323	24112
*	5p	+	50	160010	103814	103362	160069	527255	3296	2828	2605	2739	1118	1298	724	1667	1034	1392	678	1553	941	911	503	489	824	770	274	285	23436
*	5p	+	51	158286	101442	103219	158383	521330	3134	2711	2575	2634	995	1280	699	1553	1062	1445	757	1484	969	937	467	538	778	719	308	353	22760
*	5p	+	52	156127	101539	101186	156308	515160	3201	2721	2605	2636	1031	1258	682	1664	965	1437	738	1450	930	925	485	496	785	733	265	326	22119
*	5p	+	53	154962	99392	100598	153895	508847	3140	2659	2553	2469	1005	1232	648	1553	989	1389	763	1574	911	910	483	471	791	707	277	307	21520
*	5p	+	54	153418	98168	98791	151800	502177	3190	2515	2639	2626	1026	1195	706	1546	986	1367	735	1457	908	905	508	478	761	737	309	313	20878
*	5p	+	55	150738	96447	98815	149392	495392	3226	2498	2544	2509	941	1214	671	1618	965	1339	777	1438	927	872	416	460	774	731	287	301	20281
*	5p	+	56	149030	94812	96594	147890	488326	3213	2539	2405	2476	946	1190	632	1501	961	1390	727	1370	904	856	437	520	699	718	288	281	19696
*	5p	+	57	146624	93457	94821	146190	481092	3133	2545	2328	2531	957	1185	607	1607	975	1372	720	1330	872	877	483	451	685	680	285	298	19132
*	5p	+	58	143783	92057	94902	143261	474003	3115	2475	2342	2300	961	1159	629	1513	946	1304	720	1298	889	882	464	451	667	634	262	292	18545
*	5p	+	59	142679	90491	91846	141432	466448	3122	2473	2313	2391	879	1183	589	1469	949	1250	740	1227	872	862	423	448	646	598	256	287	18052
*	5p	+	60	140172	88150	90141	140298	458761	3120	2391	2206	2244	897	1149	625	1453	921	1212	659	1243	843	863	422	493	640	602	228	275	17548
*	5p	+	61	138096	87247	88342	137419	451104	2966	2280	2288	2191	846	1097	578	1419	890	1259	677	1190	874	844	393	445	628	570	243	263	17059
*	5p	+	62	135511	86059	88013	133677	443260	2991	2302	2239	2113	829	1151	573	1488	923	1195	650	1217	848	805	434	548	616	584	239	236	16572
*	5p	+	63	132936	84129	85807	132180	435052	2949	2231	2223	2103	816	1042	590	1372	809	1152	646	1157	783	913	441	384	600	531	254	243	16093
*	5p	+	64	130355	82374	84766	129332	426827	2942	2241	2132	2102	807	1109	588	1451	831	1135	619	1184	760	751	436	431	609	567	243	236	15670
*	5p	+	65	128075	81046	81958	127518	418597	2832	2112	2088	2128	755	1052	613	1512	833	1139	647	1091	768	776	431	401	602	569	233	245	15239
*	5p	+	66	125418	79839	80916	124024	410197	2882	2216	2120	2080	766	1039	555	1295	867	1226	628	1137	773	741	404	385	568	558	224	239	14818
*	5p	+	67	123197	77527	79093	121967	401784	2769	2049	2034	1980	796	1013	564	1268	767	1126	641	1050	747	748	358	406	575	508	257	217	14410
*	5p	+	68	120714	75046	77467	120088	393315	2732	2013	1985	1918	749	970	524	1287	796	1078	618	1056	696	703	376	412	587	480	218	228	13975
*	5p	+	69	118074	73996	76043	116521	384634	2709	2028	1930	1845	758	1015	546	1216	735	1080	570	1075	699	651	353	404	583	478	189	208	13595
*	5p	+	70	115731	72187	73918	114187	376023	2760	1847	1786	1916	723	976	482	1140	793	992	618	1003	652	702	333	356	535	465	246	197	13227
*	5p	-	1	134267	130092	111933	119389	495681	1704	1948	2180	2722	1117	748	692	1561	979	991	800	706	0	0	0	0	29	21	34	31	97559
*	5p	-	2	147715	85251	99947	162784	495697	1663	2961	1839	1390	522	867	474	853	669	831	385	952	4	6	6	6	28	25	15	17	97334
*	5p	-	3	147569	107482	89472	151203	495726	1610	2072	1420	1589	627	676	383	980	523	724	491	1088	11	9	7	8	33	20	18	9	94411
*	5p	-	4	160047	99591	87278	148754	495670	1671	1975	1330	1598	605	629	400	1021	469	802	367	1029	39	33	26	44	41	38	23	34	90674
*	5p	-	5	161571	94044	94304	145687	495606	1624	1662	1425	1428	508	667	353	988	561	796	401	1054	60	58	47	49	53	51	51	45	86418
*	5p	-	6	165846	89523	99107	141115	495591	2528	2397	2202	2041	774	1021	627	1344	888	1249	578	1569	88	62	51	70	84	55	41	37	81590
*	5p	-	7	143084	95053	90003	167414	495554	2139	2613	1878	2147	846	1015	552	1179	765	1064	518	1427	120	83	67	59	92	77	42	42	79135
*	5p	-	8	143612	99940	94425	157474	495451	2164	2486	2022	2184	856	1150	629	1329	852	1117	604	1473	121	139	57	55	128	125	53	51	76592
*	5p	-	9	138296	100808	92501	163713	495318	2095	2593	2012	2213	879	1105	650	1337	775	1026	591	1546	155	151	95	78	137	206	81	65	73837
*	5p	-	10	155653	92348	93236	154021	495258	2386	2398	1949	2134	776	1047	606	1353	885	1147	562	1428	164	251	107	95	176	203	72	98	71068
*	5p	-	11	149379	102872	101115	141800	495166	2326	2307	2359	2513	898	1056	660	1387	898	1186	653	1490	212	281	113	129	221	206	100	115	68199
*	5p	-	12	146687	105487	97451	145510	495135	2398	2513	2366	2487	975	1115	1301	1397	859	1134	647	1436	248	271	127	124	206	242	121	105	66177
*	5p	-	13	148348	100140	95948	150554	494990	2370	2447	2262	2222	875	1148	624	1335	883	1124	627	1420	258	317	133	98	302	294	111	112	63969
*	5p	-	14	147511	100431	97629	149377	494948	2421	2482	2317	2221	897	1102	643	1449	886	1130	580	1460	297	315	157	172	323	283	132	123	61833
*	5p	-	15	150424	98576	95561	150319	494880	2336	2457	2251	2238	846	1004	625	1388	892	1166	685	1463	343	341	174	169	339	299	153	138	59744
*	5p	-	16	150841	98400	95574	149972	494787	2371	2466	2283	2297	865	1143	1230	1434	872	1193	597	1414	355	394	181	192	392	353	146	128	57629
*	5p	-	17	151125	98350	96414	148848	494737	2293	2431	2232	2255	880	1080	621	1363	843	1328	591	1350	396	408	172	179	412	377	157	125	55884
*	5p	-	18	148873	98323	98684	148807	494687	2323	2402	2246	2283	955	1122	611	1326	930	1210	577	1460	437	391	219	203	411	416	137	155	54078
*	5p	-	19	148847	99148	95885	150789	494669	2362	2382	2285	2249	876	1124	539	1362	836	1212	605	1412	451	454	218	195	415	409	148	166	52359
*	5p	-	20	147987	97549	97382	146411	489329	2505	2465	2380	2382	1054	1169	630	1435	935	1258	705	1487	459	494	231	249	473	466	185	170	50744
*	5p	-	21	146958	97605	96418	146149	487130	2625	2526	2510	2428	928	1252	659	1395	1050	1384	903	1488	475	482	270	260	477	473	214	220	49048
*	5p	-	22	146997	98355	94533	146379	486264	2501	2432	2362	2387	906	1142	789	1480	946	1286	697	1451	497	528	268	260	511	516	199	189	47480
*	5p	-	23	146693	96959	95383	146725	485760	2628	2443	2403	2301	905	1175	639	1424	898	1236	686	1529	511	527	331	262	493	514	202	236	45981
*	5p	-	24	146216	96920	97005	145245	485386	2681	2488	2338	2380	861	1202	617	1474	946	1278	634	1510	540	584	296	279	546	570	198	192	44471
*	5p	-	25	145274	98574	95910	145274	485032	2673	2705	2378	2388	928	1168	617	1532	914	1203	715	1523	571	592	306	302	515	550	228	192	43032
*	5p	-	26	146556	97338	95545	145237	484676	2785	2458	2386	2523	986	1237	637	1478	914	1261	676	1467	630	586	304	286	538	549	234	202	41715
*	5p	-	27	147043	95900	96184	145264	484391	2666	2506	2420	2379	1001	1163	607	1531	902	1232	636	1441	631	574	337	317	558	565	225	214	40442
*	5p	-	28	145662	97814	96110	144539	484125	2646	2502	2342	2428	933	1257	734	1477	939	1294	646	1460	646	620	338	332	605	554	210	257	39201
*	5p	-	29	145742	97092	96240	144841	483915	2660	2469	2386	2384	936	1186	643	1385	956	1250	619	1526	657	666	337	333	600	614	210	263	38007
*	5p	-	30	145250	96260	96051	146126	483687	2543	2514	2320	2390	839	1163	641	1392	981	1233	611	1467	688	669	372	352	602	607	249	253	36823
*	5p	-	31	144345	97197	94723	146175	482440	2615	2478	2456	2651	905	1168	585	1455	954	1324	639	1516	716	763	344	347	598	611	221	242	35749
*	5p	-	32	146564	95390	96085	143056	481095	2735	2461	2339	2445	922	1164	616	1460	972	1262	682	1426	753	727	363	363	624	602	282	251	34713
*	5p	-	33	145939	97142	94198	142661	479940	2660	2603	2339	2390	917	1210	586	1469	1004	1302	647	1400	705	731	403	381	624	635	270	269	33629
*	5p	-	34	146804	95198	94789	141942	478733	2763	2401	2373	2332	947	1133	640	1521	898	1290	686	1425	801	714	402	379	666	599	225	276	32606
*	5p	-	35	145691	94629	93930	143128	477378	2606	2438	2457	2406	862	1181	613	1480	956	1317	630	1388	790	800	398	365	614	628	279	251	31681
*	5p	-	36	142395	95127	93554	143613	474689	2729	2428	2531	2440	902	1176	620	1438	986	1285	637	1373	826	763	366	402	630	656	250	247	30811
*	5p	-	37	143157	94064	92570	142172	471963	2670	2493	2727	2324	808	1157	608	1572	898	1299	626	1384	771	753	400	378	681	626	267	269	29903
*	5p	-	38	140638	92347	92993	143162	469140	2652	2385	2341	2219	882	1105	585	1482	869	1250	683	1283	814	806	377	374	655	616	257	293	29090
*	5p	-	39	140801	92057	91200	142361	466419	2692	2391	2351	2367	867	1153	591	1463	979	1278	625	1381	799	774	395	383	661	642	278	254	28255
*	5p	-	40	140430	92287	91093	139850	463660	2734	2435	2407	2283	873	1146	616	1441	908	1272	633	1423	800	807	375	384	641	669	261	253	27436
*	5p	-	41	138074	91335	93148	137334	459891	2861	2442	2415	2325	933	1131	627	1453	936	1257	621	1359	733	782	426	399	660	659	307	239	26648
*	5p	-	42	137789	91453	90814	136157	456213	2791	2419	2372	2287	891	1189	574	1496	964	1300	577	1283	766	788	400	380	602	646	260	254	25891
*	5p	-	43	137839	89346	88939	136196	452320	2707	2295	2235	2312	895	1110	597	1401	884	1242	643	1297	758	804	396	398	669	650	267	268	25174
*	5p	-	44	135592	88861	88708	135065	448226	2795	2317	2233	2769	840	1093	574	1342	927	1235	547	1300	735	740	442	420	662	678	259	270	24479
*	5p	-	45	134579	87860	87511	134186	444136	2849	2334	2227	2239	830	1091	549	1403	948	1252	603	1281	778	735	423	378	692	683	256	275	23770
*	5p	-	46	133385	85262	87578	133216	439441	2818	2197	2214	2205	791	1119	548	1350	902	1243	582	1259	782	743	371	404	680	656	285	245	23107
*	5p	-	47	132199	84571	84851	132885	434506	2663	2255	2122	2140	837	1073	550	1309	866	1178	568	1219	755	754	370	437	636	648	253	263	22419
*	5p	-	48	129390	84345	86029	129632	429396	2726	2171	2120	2018	836	1095	590	1328	915	1201	549	1267	776	769	371	383	688	673	267	239	21777
*	5p	-	49	131393	82278	83118	127348	424137	2738	2178	2507	2167	853	1084	581	1337	893	1160	521	1232	748	791	377	387	634	642	260	279	21183
*	5p	-	50	126900	81967	82908	127066	418841	2768	2151	2164	2062	813	1012	546	1277	826	1142	541	1239	741	756	422	384	651	643	260	269	20585
*	5p	-	51	125258	80474	82555	125398	413685	2703	2114	2090	2130	800	1069	522	1324	821	1094	551	1193	729	742	392	397	638	648	274	235	20028
*	5p	-	52	123296	80238	81671	123111	408316	2667	2132	2021	1962	734	1004	569	1276	813	1141	633	1995	724	809	413	377	625	657	234	228	19461
*	5p	-	53	121834	78783	79449	122786	402852	2685	2071	2038	1932	763	1006	551	1326	781	1120	552	1129	731	764	444	380	639	648	234	240	18927
*	5p	-	54	120898	77003	78757	120577	397235	2725	2075	1859	1917	764	980	499	1293	788	1029	497	1047	754	788	392	398	606	631	248	222	18410
*	5p	-	55	118994	75584	79115	117749	391442	2621	2053	2014	1997	741	1018	494	1242	829	1063	522	1164	695	762	397	392	614	560	236	254	17881
*	5p	-	56	118283	74421	76200	116444	385348	2649	1909	2056	1857	702	933	508	1211	819	1037	526	1052	706	737	401	379	613	609	224	250	17358
*	5p	-	57	116154	72583	74732	115698	379167	2527	1881	1978	1898	706	946	492	1240	786	1047	467	1056	715	727	369	405	578	630	246	250	16909
*	5p	-	58	114240	71933	73922	113004	373099	2626	1947	1856	1827	704	909	493	1105	758	966	462	1050	691	733	369	380	591	602	246	251	16445
*	5p	-	59	111112	71851	72288	111612	366863	2528	1945	1794	1796	690	878	476	1166	709	948	489	995	679	659	349	376	622	571	211	239	16030
*	5p	-	60	109797	69163	72372	109181	360513	2613	1898	1812	1753	706	875	488	1098	693	967	482	999	672	631	396	355	531	603	210	228	15598
*	5p	-	61	107607	68879	69724	107734	353944	2506	1735	1699	1723	626	831	423	1159	691	913	447	1029	685	706	338	339	553	544	239	211	15186
*	5p	-	62	106383	66885	69373	104651	347292	2511	1791	1672	1693	618	863	478	1087	708	950	447	952	654	678	348	376	537	562	227	233	14746
*	5p	-	63	104374	64950	67574	103687	340585	2479	1712	1721	1665	653	836	460	1030	681	897	444	943	679	696	345	322	519	548	223	212	14314
*	5p	-	64	100921	65504	66008	101135	333568	2504	1641	1716	1677	611	820	456	1115	696	948	413	958	623	670	344	352	525	514	218	200	13929
*	5p	-	65	99594	62698	64487	100031	326810	2446	1586	1634	1600	624	812	400	1045	669	837	422	859	657	654	336	310	479	518	174	216	13547
*	5p	-	66	96893	61403	63949	97703	319948	2315	1603	1540	1492	587	737	360	1077	694	944	418	883	630	631	333	351	505	504	159	200	13188
*	5p	-	67	95700	59271	63078	94766	312815	2323	1559	1654	1540	606	784	439	973	650	867	378	862	583	627	308	335	483	510	180	179	12832
*	5p	-	68	93744	59088	60437	92537	305806	2362	1515	1533	1533	571	757	405	966	625	836	365	842	558	622	319	300	477	506	196	183	12456
*	5p	-	69	91220	57979	59455	90077	298731	2170	1477	1536	1477	592	730	367	951	571	808	396	898	566	546	294	316	460	482	190	181	12101
*	5p	-	70	90062	55792	57425	88301	291580	2180	1453	1448	1402	548	699	367	1000	595	817	328	722	568	542	287	319	488	509	179	174	11779
