# table produced by mapDamage version 2.2.1
# using mapped file CviAPal038.merged.L103.realn.bam and reference.ssl.Cvi20k_rename.fasta as reference file
# Chr: reference from sam/bam header, End: from which termini of DNA sequences, Std: strand of reads
Chr	End	Std	Pos	A	C	G	T	Total	G>A	C>T	A>G	T>C	A>C	A>T	C>G	C>A	T>G	T>A	G>C	G>T	A>-	T>-	C>-	G>-	->A	->T	->C	->G	S
*	3p	+	1	89961	65474	84772	89912	330119	4386	863	1274	1052	436	501	455	584	656	536	358	482	0	0	0	0	2	6	11	14	119980
*	3p	+	2	106235	68715	62225	92973	330148	2602	782	717	903	328	319	192	566	328	442	270	383	1	1	4	0	11	10	7	18	119803
*	3p	+	3	98934	58788	78671	93771	330164	1582	745	763	717	285	310	200	550	328	366	257	372	2	0	2	3	6	16	8	6	117567
*	3p	+	4	100386	58753	73905	97068	330112	1290	771	741	653	236	339	210	446	285	334	243	374	23	15	13	15	12	22	22	31	114866
*	3p	+	5	98746	62028	70660	98654	330088	1018	861	743	697	273	317	202	430	292	319	215	372	17	29	21	21	38	24	33	17	112019
*	3p	+	6	96217	68485	65625	99744	330071	1726	1326	1151	1229	537	655	362	910	533	706	461	741	34	26	25	27	35	42	28	25	108884
*	3p	+	7	108434	64335	66806	90492	330067	1670	1101	1217	1092	515	527	365	811	568	754	402	665	50	54	22	35	41	39	30	24	106972
*	3p	+	8	103520	63763	72398	90366	330047	1628	1139	1282	1123	450	547	383	842	599	770	414	734	67	46	25	33	55	59	17	22	104936
*	3p	+	9	106575	62309	71701	89401	329986	1639	1116	1212	1197	433	519	365	845	561	720	586	792	56	65	40	44	74	70	29	44	102815
*	3p	+	10	105862	63963	65216	94870	329911	1475	1196	1155	1117	441	552	353	811	475	720	440	738	79	77	46	48	107	95	54	38	100708
*	3p	+	11	98495	64634	71434	95302	329865	1596	1210	1309	1333	533	606	390	930	623	792	587	779	110	102	43	70	91	120	73	55	98540
*	3p	+	12	95681	64562	75869	93724	329836	1584	1204	1413	1409	499	530	415	891	667	753	2355	814	127	98	73	74	114	129	56	72	96918
*	3p	+	13	99882	63911	72299	93723	329815	1553	1172	1266	1290	502	505	356	828	640	766	471	772	150	131	60	68	120	136	64	68	95193
*	3p	+	14	97748	64904	74264	92825	329741	1546	1178	1265	1274	489	578	399	889	644	739	432	903	140	152	88	86	154	152	65	83	93441
*	3p	+	15	99380	63353	70433	96539	329705	1502	1168	1258	1221	531	575	538	943	593	775	381	761	152	152	103	87	158	167	87	88	91731
*	3p	+	16	98652	63407	70217	97398	329674	1503	1187	1284	1280	506	563	383	889	635	820	2152	778	183	182	94	91	185	173	83	87	89985
*	3p	+	17	97884	63895	70748	97116	329643	1556	1220	1395	1286	534	613	368	876	634	800	413	749	177	221	97	117	178	177	96	109	88430
*	3p	+	18	99254	68593	69356	92339	329542	1456	1298	1256	1293	541	530	546	984	556	751	346	765	226	188	103	104	215	199	96	146	86898
*	3p	+	19	103949	64115	68782	92690	329536	1409	1267	1342	1283	519	622	416	868	554	771	359	759	221	213	106	109	234	229	100	101	85450
*	3p	+	20	90617	66249	67097	87652	311615	1513	1330	1362	1363	528	674	896	1151	750	854	421	854	222	266	110	128	267	218	99	130	84025
*	3p	+	21	91774	61312	66184	85795	305065	1637	1414	1602	1599	589	686	801	969	647	849	384	822	249	242	124	147	204	261	115	128	82630
*	3p	+	22	91656	59984	65484	85305	302429	1515	1377	1380	1333	524	614	370	990	576	778	727	840	292	218	145	138	269	242	99	125	81257
*	3p	+	23	89714	61466	65870	83953	301003	1573	1324	1360	1430	568	633	440	983	603	779	393	815	291	288	139	156	267	236	123	132	79942
*	3p	+	24	87111	63593	64721	84672	300097	1604	1350	1683	1396	615	626	385	982	592	831	357	840	295	266	171	151	259	292	103	149	78636
*	3p	+	25	87213	63585	66021	81948	298767	1628	1406	1401	1395	512	627	386	1010	581	752	363	897	302	306	169	180	289	240	116	147	77340
*	3p	+	26	86010	60097	66205	85315	297627	1571	1504	1366	1412	567	597	387	921	585	833	378	893	303	325	199	184	305	281	121	154	76035
*	3p	+	27	87205	61017	62336	86008	296566	1533	1305	1707	1449	513	590	407	913	641	783	351	814	320	346	163	195	391	274	147	132	74811
*	3p	+	28	85656	61176	67057	81941	295830	1520	1349	1375	1441	520	604	407	909	589	771	452	834	360	334	165	213	300	277	131	167	73563
*	3p	+	29	84309	61404	65574	83909	295196	1513	1381	1331	1386	498	597	425	935	651	769	427	809	306	340	202	231	297	316	174	158	72351
*	3p	+	30	89891	60414	61489	82712	294506	1410	1334	1422	1384	493	590	358	876	575	829	395	811	373	328	173	213	320	303	125	194	71128
*	3p	+	31	88000	57750	65238	82030	293018	1435	1329	1529	1419	547	601	374	854	1354	833	366	860	378	345	196	175	330	302	119	171	69947
*	3p	+	32	83337	58872	63761	85371	291341	1389	1291	1490	1447	539	613	356	918	782	855	345	807	338	370	198	201	352	305	134	190	68803
*	3p	+	33	82404	57399	64037	85948	289788	1587	1361	1403	1474	553	559	393	826	694	874	350	859	346	373	192	209	342	302	146	189	67652
*	3p	+	34	84811	57830	59179	86230	288050	1367	1437	1385	1398	536	566	496	935	637	866	383	889	366	370	208	229	380	345	139	148	66527
*	3p	+	35	82522	57361	61020	85345	286248	1432	1367	1365	1354	495	631	378	863	582	821	373	876	378	385	230	216	374	359	140	190	65443
*	3p	+	36	86238	56822	61497	78545	283102	1437	1323	1453	1397	536	596	389	857	654	788	400	796	360	369	216	193	374	371	156	165	64380
*	3p	+	37	81618	56208	62937	79925	280688	1460	1267	1278	2600	640	562	369	851	580	762	366	897	352	353	190	219	357	343	140	178	63362
*	3p	+	38	84543	57877	58479	77230	278129	1416	1309	1317	1328	518	518	532	868	532	753	346	820	395	342	190	232	369	336	166	140	62355
*	3p	+	39	83260	55355	60054	77226	275895	1426	1285	1424	1316	522	531	353	909	552	773	383	820	376	348	217	213	338	333	163	147	61372
*	3p	+	40	82714	54723	58122	78037	273596	1441	1292	1298	1277	543	578	395	873	571	733	351	774	381	362	200	230	352	321	165	154	60315
*	3p	+	41	76075	58846	59866	75967	270754	1382	1308	1376	1295	585	543	373	921	564	758	374	908	362	349	218	215	336	342	150	156	59335
*	3p	+	42	77755	55293	58674	76107	267829	1376	1328	1496	1197	480	623	352	841	602	730	349	792	388	346	208	235	357	366	137	173	58345
*	3p	+	43	78504	53415	55600	77767	265286	1299	1305	1356	1279	489	599	339	841	523	750	314	813	382	359	200	209	342	328	158	170	57321
*	3p	+	44	76671	54164	57197	74587	262619	1325	1235	2044	1270	503	594	341	742	506	702	366	787	384	353	223	234	318	341	138	148	56362
*	3p	+	45	79240	52146	53725	73827	258938	1367	1174	1488	1293	490	566	505	782	497	680	352	759	381	418	189	258	309	358	176	201	55418
*	3p	+	46	76467	54029	51862	73279	255637	1265	1309	1282	1282	509	579	377	862	512	694	339	778	379	380	269	226	344	344	176	159	54439
*	3p	+	47	76472	51346	52166	72347	252331	1318	1248	1097	1216	468	552	354	807	542	680	309	802	418	363	208	219	333	328	146	158	53483
*	3p	+	48	71901	55493	50948	70688	249030	1265	1309	1206	1237	490	536	531	859	543	702	313	726	375	363	211	236	312	332	136	173	52559
*	3p	+	49	70710	49690	49607	75778	245785	1241	1144	1183	2222	410	524	309	779	550	681	320	725	322	378	220	231	321	326	173	164	51588
*	3p	+	50	73298	49178	50436	69583	242495	1138	1131	1297	1132	512	495	302	787	486	678	321	681	348	366	190	220	327	324	153	167	50720
*	3p	+	51	70033	51320	48929	69136	239418	1192	1187	1229	1139	470	483	338	893	443	640	310	670	339	356	183	225	333	335	132	157	49785
*	3p	+	52	68154	50562	49537	67996	236249	1204	1203	1153	1129	448	500	655	3051	458	613	292	669	321	372	223	207	371	314	154	134	48887
*	3p	+	53	70475	47526	47672	67123	232796	1212	1055	1113	1105	445	474	321	705	444	626	314	674	345	344	222	208	358	333	147	147	47972
*	3p	+	54	68993	47614	46224	66540	229371	1125	1169	1119	1105	436	478	296	686	442	642	289	700	340	347	190	218	343	333	128	159	47081
*	3p	+	55	64279	50459	45231	66059	226028	1204	1134	1121	1074	432	461	308	684	425	587	321	662	330	354	193	208	323	371	138	148	46244
*	3p	+	56	63478	45798	44971	68351	222598	1161	1071	980	1144	405	507	292	630	471	604	295	625	331	345	201	194	364	347	153	133	45397
*	3p	+	57	63666	44530	43536	67330	219062	1050	1093	1079	1065	406	471	256	640	449	583	324	624	351	337	184	210	328	308	145	151	44555
*	3p	+	58	62242	43945	43258	66189	215634	1160	1037	966	1056	398	444	238	573	434	530	262	664	347	349	201	201	301	301	133	151	43705
*	3p	+	59	61603	43086	44986	62342	212017	1040	1055	924	1025	400	422	249	607	433	556	279	630	339	344	201	204	320	309	137	133	42869
*	3p	+	60	60957	45212	41740	60658	208567	1106	1032	971	1021	398	413	308	625	383	480	284	597	299	319	195	203	305	318	126	133	42085
*	3p	+	61	61643	41321	42296	59662	204922	1007	998	852	992	400	462	237	597	400	516	286	609	330	324	186	195	294	298	113	142	41308
*	3p	+	62	58378	43334	40005	59569	201286	948	964	976	968	353	439	279	583	354	538	349	598	318	315	190	187	297	301	116	147	40502
*	3p	+	63	58929	40889	39244	58401	197463	930	936	956	920	367	439	247	563	374	546	260	569	333	335	150	193	264	284	113	123	39682
*	3p	+	64	58038	39202	40102	56340	193682	953	971	939	902	386	426	260	491	413	532	246	584	323	299	173	196	250	261	134	112	38851
*	3p	+	65	58447	38753	37667	54923	189790	856	950	862	876	340	401	270	519	384	480	233	577	306	310	178	179	263	270	122	121	38018
*	3p	+	66	56388	38810	37412	53468	186078	919	898	860	890	393	375	259	536	380	486	240	575	317	323	166	163	286	253	108	113	37154
*	3p	+	67	53661	39770	35902	52821	182154	925	882	899	945	334	373	255	676	384	505	213	562	301	300	179	171	245	269	115	116	36342
*	3p	+	68	52195	36284	37644	52212	178335	835	889	860	865	335	385	191	530	360	467	229	539	301	326	154	153	269	259	95	109	35540
*	3p	+	69	50933	36138	36741	50675	174487	866	826	886	862	304	356	189	495	350	447	247	523	295	297	165	190	250	240	113	93	34740
*	3p	+	70	50463	34461	34534	51110	170568	772	827	831	828	330	363	212	438	335	405	200	554	294	321	143	164	214	221	116	111	33792
*	3p	-	1	74675	57359	68080	77406	277520	4142	755	1142	936	445	427	293	507	487	407	281	445	0	0	0	0	21	21	9	8	101385
*	3p	-	2	87621	56675	49783	83497	277576	2295	592	602	770	286	319	137	453	252	368	194	293	12	15	2	4	9	9	3	4	101254
*	3p	-	3	83077	53261	57142	84105	277585	1423	612	667	620	238	285	183	418	296	332	157	329	9	5	8	2	6	4	2	4	99440
*	3p	-	4	81474	53667	55313	86980	277434	1042	597	598	568	211	256	157	391	245	291	178	381	57	71	25	16	53	66	27	28	97160
*	3p	-	5	80876	54090	54181	88288	277435	905	571	592	571	208	244	176	394	235	289	156	340	47	69	20	30	69	66	19	19	94734
*	3p	-	6	79414	56284	52487	89225	277410	1438	1065	1038	1075	415	536	318	794	478	677	297	671	65	65	43	36	70	80	26	22	92104
*	3p	-	7	85665	55076	54213	82457	277411	1308	1024	1004	965	393	496	276	777	478	659	290	602	65	73	36	28	79	65	29	24	90590
*	3p	-	8	83666	55737	56127	81853	277383	1276	995	1075	992	368	455	317	734	475	698	284	614	92	69	33	44	91	72	25	38	88932
*	3p	-	9	86351	54483	55937	80510	277281	1324	945	983	1028	450	479	285	744	500	714	339	650	121	109	51	49	124	109	52	44	87250
*	3p	-	10	82602	57175	53070	84404	277251	1223	991	983	961	392	485	286	761	459	642	345	650	129	138	74	56	121	141	47	46	85511
*	3p	-	11	78699	58212	56390	83921	277222	1326	1052	1061	1174	520	462	366	825	531	681	333	659	139	156	79	72	126	147	62	50	83819
*	3p	-	12	79076	58793	57134	82164	277167	1253	1015	1112	1200	483	488	529	816	568	699	342	655	147	161	110	73	151	154	70	66	82531
*	3p	-	13	80774	57185	55938	83221	277118	1348	1002	1023	1066	532	471	317	795	554	676	300	678	150	150	97	89	169	175	64	81	81194
*	3p	-	14	81639	56139	55247	83976	277001	1236	994	1100	1143	946	475	305	733	565	699	360	709	174	170	95	107	210	232	87	64	79862
*	3p	-	15	80782	56641	56315	83315	277053	1275	1098	1075	1133	493	472	330	786	534	683	348	717	214	173	103	97	203	198	66	88	78509
*	3p	-	16	79908	58893	55680	82529	277010	1213	1054	1120	1109	505	494	310	806	606	761	315	688	205	195	112	99	186	200	107	96	77143
*	3p	-	17	80678	56671	55786	83895	277030	1255	1043	1129	1049	612	487	345	775	517	714	461	695	223	231	128	122	183	199	82	114	75951
*	3p	-	18	79637	57354	56166	83818	276975	1252	1030	1104	1147	488	476	311	753	525	672	275	776	234	254	137	126	213	183	123	112	74784
*	3p	-	19	80160	57793	55191	83836	276980	1171	1018	1116	1054	451	495	270	697	517	693	312	691	245	237	169	121	222	220	85	98	73673
*	3p	-	20	74018	55627	52847	76446	258938	1245	1099	1119	1141	441	557	345	843	527	733	290	777	257	250	151	137	230	246	110	106	72509
*	3p	-	21	72345	53069	51256	75618	252288	1286	1274	1229	1253	447	548	344	785	579	689	358	731	289	240	170	136	229	246	116	115	71364
*	3p	-	22	71024	54445	50475	73801	249745	1261	1201	1229	1201	442	509	309	806	538	728	351	713	239	254	140	139	246	256	114	102	70344
*	3p	-	23	71673	52685	50093	73924	248375	1296	1131	1262	1211	482	570	322	803	544	729	355	746	255	237	137	143	234	284	100	103	69352
*	3p	-	24	70575	54006	50165	72720	247466	1255	1159	1191	1256	460	509	335	792	528	753	382	798	301	267	135	156	236	260	110	111	68372
*	3p	-	25	70526	52541	50035	73010	246112	1241	1224	1152	1142	415	534	402	808	503	704	438	741	301	260	159	137	268	266	106	123	67384
*	3p	-	26	69617	52768	49724	72902	245011	1202	1097	1204	1214	438	545	358	810	504	717	352	754	288	260	175	177	264	269	121	117	66310
*	3p	-	27	70048	52109	49505	72327	243989	1258	1175	1310	1181	469	514	348	820	530	696	330	778	288	286	173	181	285	280	130	116	65344
*	3p	-	28	69231	53086	49447	71465	243229	1248	1050	1154	1210	498	528	379	735	537	671	357	821	265	272	197	158	231	293	146	135	64418
*	3p	-	29	69334	50939	49499	72909	242681	1184	1070	1196	1153	416	514	326	763	531	697	307	737	270	275	170	162	246	295	132	110	63504
*	3p	-	30	68957	52661	49717	70602	241937	1240	1142	1155	1230	460	518	332	735	472	684	378	744	294	284	160	168	257	293	134	142	62561
*	3p	-	31	68784	51855	49101	70750	240490	1280	1118	1167	1181	428	487	307	773	504	670	336	744	300	260	190	177	260	288	129	132	61699
*	3p	-	32	68184	51727	49246	69887	239044	1178	1060	1168	1115	468	519	312	733	538	697	309	741	309	253	168	181	283	282	142	111	60831
*	3p	-	33	67732	50562	48636	70716	237646	1160	1099	1130	1214	467	510	323	756	513	692	417	776	279	305	187	180	277	291	141	115	59987
*	3p	-	34	67022	51597	48580	68977	236176	1212	1053	1155	1139	432	484	334	716	476	673	367	793	304	311	193	171	278	312	136	123	59118
*	3p	-	35	67762	49403	48775	68738	234678	1229	1134	1091	1108	482	535	305	753	499	618	344	748	319	294	209	171	290	284	124	128	58264
*	3p	-	36	67298	50374	47941	66744	232357	1233	1182	1174	1145	472	543	339	764	480	649	314	737	309	294	192	186	319	267	138	115	57377
*	3p	-	37	66970	49024	47004	67340	230338	1208	1089	1141	1151	452	488	347	682	488	710	308	732	351	312	164	167	298	303	123	144	56614
*	3p	-	38	66170	49032	47062	66092	228356	1200	1103	1139	1046	466	558	313	713	525	609	327	757	291	288	188	164	280	323	137	142	55708
*	3p	-	39	65139	48456	46546	66258	226399	1216	1119	1124	1080	443	533	363	700	480	613	301	769	320	309	170	165	263	319	122	154	54891
*	3p	-	40	64473	48752	45393	65900	224518	1132	1093	1171	1096	431	541	324	717	450	607	315	738	328	281	176	180	262	280	132	146	54043
*	3p	-	41	64048	46616	45579	65972	222215	1143	1073	1079	1079	379	501	331	735	431	619	326	695	323	307	206	164	261	288	132	119	53218
*	3p	-	42	63463	47654	45373	63351	219841	1213	1112	1081	1089	399	503	329	707	463	627	333	723	337	303	188	197	248	270	131	141	52417
*	3p	-	43	62860	46035	45313	63361	217569	1076	1054	1094	1093	473	468	318	673	465	583	277	852	323	295	194	176	276	293	105	143	51586
*	3p	-	44	62225	45921	44365	62703	215214	1079	1038	1058	1115	428	481	316	665	472	604	271	669	317	312	213	178	281	286	130	107	50844
*	3p	-	45	61059	45427	43622	62106	212214	1087	1064	1074	1014	400	470	330	691	470	610	312	693	317	294	196	181	299	273	138	130	50086
*	3p	-	46	60749	44617	43071	61023	209460	1137	1046	1205	992	448	508	270	640	415	577	276	663	305	320	191	176	284	284	138	146	49308
*	3p	-	47	60312	43383	42547	60418	206660	1120	991	983	1004	376	463	303	675	445	596	269	744	323	313	215	207	309	278	131	102	48557
*	3p	-	48	59295	42840	42589	59192	203916	1044	961	1003	991	417	455	289	673	403	582	273	664	320	306	199	188	282	259	137	128	47809
*	3p	-	49	58531	42234	41341	59128	201234	1087	1011	954	969	371	450	293	632	414	566	272	630	315	315	194	181	289	264	120	127	47046
*	3p	-	50	58094	41538	41156	57701	198489	1014	907	1016	941	378	443	276	655	399	548	281	676	326	298	176	180	280	254	127	116	46299
*	3p	-	51	56891	41537	40157	57291	195876	1059	973	971	967	349	397	266	633	393	551	277	592	326	319	202	185	284	264	124	116	45550
*	3p	-	52	56410	40617	39604	56562	193193	898	884	981	925	386	410	266	622	423	512	240	585	305	329	185	162	244	270	111	124	44821
*	3p	-	53	55646	40175	39020	55605	190446	942	922	943	946	371	444	320	661	409	492	253	587	326	281	176	164	266	257	114	93	44076
*	3p	-	54	54810	38850	38797	55146	187603	910	908	1003	941	371	400	318	552	396	491	268	552	301	296	185	155	239	249	124	107	43331
*	3p	-	55	53641	39397	37791	53962	184791	852	865	948	884	367	408	265	560	359	507	249	537	290	289	187	154	246	257	99	108	42604
*	3p	-	56	53613	37844	37124	53347	181928	891	909	986	839	361	424	273	570	361	523	223	557	262	295	210	164	240	247	122	108	41862
*	3p	-	57	52567	37493	36796	52107	178963	897	862	975	809	356	419	270	565	357	496	204	542	245	298	165	181	271	232	111	110	41114
*	3p	-	58	51284	37352	36158	51160	175954	875	896	850	792	322	387	250	559	360	501	227	532	267	256	166	178	256	231	105	110	40421
*	3p	-	59	51101	35979	35497	50347	172924	855	882	838	757	318	340	273	528	345	465	208	556	285	286	161	153	235	226	115	105	39712
*	3p	-	60	50295	35441	34569	49684	169989	868	872	828	806	321	337	248	510	349	483	243	520	257	264	178	155	238	208	111	90	38988
*	3p	-	61	49162	34794	33950	49177	167083	859	795	867	803	305	412	254	490	376	446	224	544	250	256	170	140	224	209	93	105	38267
*	3p	-	62	48001	34591	33581	47685	163858	819	796	792	798	349	353	251	497	324	460	208	515	259	231	193	145	214	233	99	91	37524
*	3p	-	63	47049	33606	32768	47199	160622	833	801	812	813	327	378	265	494	329	412	190	487	263	226	157	131	204	199	116	94	36794
*	3p	-	64	46104	32721	32377	46281	157483	745	793	771	800	306	352	246	491	299	449	224	503	225	233	158	131	215	181	108	96	36100
*	3p	-	65	45618	31792	31562	45348	154320	764	686	732	760	304	346	253	439	280	445	285	573	244	228	135	167	197	199	108	83	35394
*	3p	-	66	44410	31387	31012	44275	151084	761	777	762	781	273	348	221	486	308	421	190	440	262	227	131	146	211	204	101	94	34597
*	3p	-	67	43724	30662	29990	43654	148030	744	710	717	796	278	319	221	450	337	431	217	396	228	201	149	158	200	211	100	75	33913
*	3p	-	68	42787	30355	29264	42429	144835	688	717	710	681	275	306	261	409	279	410	215	432	254	215	141	116	184	189	85	103	33261
*	3p	-	69	41583	29587	28986	41535	141691	711	672	735	723	259	312	224	422	259	345	197	441	221	211	130	127	202	170	82	71	32497
*	3p	-	70	40754	29117	27958	40709	138538	724	642	682	640	257	298	213	405	267	404	202	404	199	196	120	141	159	173	79	70	31717
*	5p	+	1	89068	85463	72068	83435	330034	898	1290	1318	1539	656	398	484	852	538	622	467	480	0	0	0	0	104	17	7	12	98905
*	5p	+	2	101580	57587	68259	102735	330161	865	1413	1182	816	338	460	270	475	397	467	220	533	26	14	3	10	6	9	3	7	98651
*	5p	+	3	100650	69382	62291	97866	330189	766	1000	778	945	371	285	204	535	258	405	237	570	5	10	8	15	3	4	0	3	96659
*	5p	+	4	104457	65036	63845	96671	330009	907	971	733	868	330	320	211	579	261	428	205	499	100	65	30	42	71	63	18	42	94118
*	5p	+	5	106760	63415	66066	93742	329983	881	851	767	756	288	353	199	487	266	386	227	581	73	74	33	36	85	86	25	25	91289
*	5p	+	6	107954	61149	68014	92810	329927	1380	1302	1332	1241	462	543	419	793	541	804	343	812	85	108	30	54	95	119	19	44	88123
*	5p	+	7	98107	63850	65421	102564	329942	1234	1243	1188	1276	430	555	342	796	437	674	329	782	80	98	37	36	75	120	34	32	86333
*	5p	+	8	96970	67466	66834	98656	329926	1206	1279	1140	1289	472	595	363	801	442	581	379	827	103	98	41	38	96	120	35	30	84296
*	5p	+	9	94807	67190	64102	103711	329810	1144	1313	1245	1198	508	600	518	788	470	686	317	778	133	137	65	70	119	166	58	51	82388
*	5p	+	10	101609	62552	67975	97615	329751	1201	1337	1183	1219	468	525	343	794	478	613	330	823	159	133	82	101	188	167	55	45	80557
*	5p	+	11	100697	68451	69659	90882	329689	1341	1315	1378	1368	495	552	369	848	580	666	382	821	156	175	82	93	176	201	69	71	78602
*	5p	+	12	97667	68923	70428	92621	329639	1291	1386	1537	1413	524	578	396	782	552	645	787	854	166	190	87	119	205	189	80	90	77114
*	5p	+	13	98664	66401	69045	95509	329619	1295	1284	1384	1340	518	529	339	789	657	676	408	794	177	197	118	121	213	211	84	79	75493
*	5p	+	14	100830	66273	66384	96052	329539	1203	1300	1420	1378	573	570	417	786	1119	661	378	821	196	232	134	142	286	206	87	86	73919
*	5p	+	15	98807	67116	67866	95778	329567	1230	1280	1516	1291	524	505	414	799	737	698	344	775	255	229	117	119	245	195	100	97	72356
*	5p	+	16	97831	66383	70705	94634	329553	1368	1318	1308	1373	518	540	354	882	584	702	343	907	271	246	132	152	214	242	87	94	70821
*	5p	+	17	101061	66767	67138	94573	329539	1264	1338	1351	1351	541	531	736	805	831	660	330	786	278	286	132	152	229	239	91	106	69468
*	5p	+	18	100599	67344	68103	93421	329467	1188	1549	1488	1308	475	534	383	854	485	648	365	840	306	266	149	168	265	255	90	125	68048
*	5p	+	19	99954	66476	68904	94096	329430	1198	1274	1232	1347	457	547	348	811	449	673	339	788	259	303	169	193	278	285	88	122	66767
*	5p	+	20	93232	64103	66349	87843	311527	1338	1372	1415	1408	573	613	366	908	539	800	370	864	272	299	182	157	286	260	115	145	65411
*	5p	+	21	92647	61850	63971	86443	304911	1483	1357	1732	1494	532	558	437	839	542	787	398	862	314	317	135	174	303	298	125	134	64089
*	5p	+	22	89801	61161	65312	86014	302288	1433	1406	1493	1508	571	622	358	906	575	704	425	805	325	277	165	187	298	280	153	143	62924
*	5p	+	23	90267	60873	63439	86273	300852	1367	1379	1435	1603	560	573	406	919	547	735	384	863	320	328	169	169	324	319	133	130	61749
*	5p	+	24	87939	60799	66350	84877	299965	1434	1326	1462	1473	515	582	385	864	589	723	388	813	327	315	177	195	349	289	121	170	60583
*	5p	+	25	89794	60902	63392	84562	298650	1382	1296	1460	1367	536	641	557	888	503	744	461	843	300	341	160	198	320	313	133	139	59457
*	5p	+	26	89245	61276	63178	83822	297521	1411	1311	1408	1525	498	602	404	915	557	720	422	860	291	356	193	198	335	317	156	158	58336
*	5p	+	27	88445	60618	63856	83584	296503	1407	1350	1545	1521	578	589	400	953	569	745	399	897	321	349	190	203	361	307	164	171	57284
*	5p	+	28	87653	60215	64654	83163	295685	1473	1280	1429	1379	547	584	410	1108	592	777	456	900	342	326	181	210	342	354	146	172	56299
*	5p	+	29	89366	59899	62118	83726	295109	1403	1326	1460	1432	542	573	416	838	517	735	460	868	351	358	191	211	329	364	159	173	55272
*	5p	+	30	86964	60303	64093	83101	294461	1414	1370	1621	1342	496	597	546	928	582	783	472	867	374	321	203	209	366	287	145	181	54298
*	5p	+	31	86452	60353	63101	82996	292902	1390	1388	1397	1456	515	609	453	866	645	686	402	922	340	394	197	219	379	316	157	177	53310
*	5p	+	32	86253	60360	62074	82620	291307	1384	1369	1369	1394	502	585	435	962	569	765	438	882	345	376	233	218	353	316	165	176	52396
*	5p	+	33	86830	59742	61453	81767	289792	1374	1358	1488	1452	541	567	625	991	713	736	421	822	384	373	210	223	349	311	154	158	51453
*	5p	+	34	84718	59144	62909	81325	288096	1421	1315	1344	1385	545	607	498	893	607	752	425	813	405	358	205	212	352	298	152	164	50564
*	5p	+	35	84637	59210	60294	82152	286293	1387	1349	1362	1382	514	578	380	871	586	758	410	829	371	394	215	253	343	331	155	186	49727
*	5p	+	36	81198	59291	61717	80959	283165	1536	1293	1340	1415	520	571	382	919	573	751	494	782	356	372	242	270	382	337	139	139	48834
*	5p	+	37	81712	58289	59396	81248	280645	1404	1331	1353	1345	512	571	346	919	574	689	439	797	396	432	218	237	350	365	149	189	47968
*	5p	+	38	81581	57230	58906	80403	278120	1403	1386	1335	1419	537	561	361	955	595	709	417	758	424	382	202	253	347	351	153	168	47145
*	5p	+	39	80162	57354	59274	79137	275927	1525	1330	1320	1462	478	544	358	940	545	762	464	781	393	383	213	273	345	314	144	150	46285
*	5p	+	40	80176	55800	59983	77633	273592	1484	1307	1331	1416	482	571	389	855	575	759	410	758	395	383	232	251	332	347	140	174	45488
*	5p	+	41	80511	55792	56589	77866	270758	1394	1231	1364	1406	446	597	370	859	583	759	400	781	415	355	225	242	336	333	153	159	44635
*	5p	+	42	77905	55291	58065	76609	267870	1503	1316	1222	1394	499	568	394	943	554	725	396	784	368	372	236	240	319	346	157	176	43888
*	5p	+	43	77623	55179	56107	76364	265273	1364	1312	1271	1330	444	546	322	1144	634	752	390	778	363	376	214	237	331	362	170	151	43118
*	5p	+	44	77545	54361	55377	75283	262566	1407	1245	1298	1333	498	578	333	825	576	674	426	744	361	361	211	229	323	356	176	147	42338
*	5p	+	45	75484	53473	54977	75050	258984	1467	1190	1258	1293	445	475	368	810	498	781	409	781	386	382	191	238	338	341	131	190	41555
*	5p	+	46	74589	52707	54427	73974	255697	1374	1190	1218	1520	519	545	315	761	597	685	386	719	361	371	213	208	326	320	178	144	40827
*	5p	+	47	74126	52571	52520	73090	252307	1319	1257	1184	1203	438	506	358	974	574	715	441	719	388	344	193	245	387	320	140	144	40148
*	5p	+	48	72573	51680	52552	72216	249021	1338	1201	1131	1298	485	518	325	790	518	716	447	706	359	399	204	201	349	339	144	134	39422
*	5p	+	49	72243	49993	52443	71137	245816	1358	1116	1174	1202	445	544	319	720	494	776	404	706	366	342	205	219	367	336	123	126	38754
*	5p	+	50	70576	51271	50299	70430	242576	1281	1161	1104	1288	434	530	327	771	516	660	401	758	352	352	190	225	319	312	140	120	38092
*	5p	+	51	70455	48878	50820	69285	239438	1250	1097	1164	1251	466	516	348	807	479	631	373	728	358	391	192	217	317	325	152	145	37451
*	5p	+	52	68695	48892	49713	69004	236304	1295	1150	1077	1115	445	477	341	716	455	685	388	703	356	384	184	196	336	325	130	133	36824
*	5p	+	53	68324	47237	49181	68114	232856	1259	1066	1144	1114	383	511	310	685	458	671	377	729	335	375	229	209	299	318	132	176	36183
*	5p	+	54	67744	47001	47921	66827	229493	1294	1063	1195	1127	393	502	326	660	484	609	381	727	329	387	198	208	275	287	131	148	35530
*	5p	+	55	65941	46128	48627	65464	226160	1220	1010	1001	1194	444	463	315	610	432	586	395	653	330	371	183	219	286	277	135	144	34933
*	5p	+	56	66105	45556	46238	64879	222778	1263	995	1125	1157	391	493	308	638	479	611	411	682	361	358	195	167	279	280	123	134	34325
*	5p	+	57	63632	45088	45811	64629	219160	1276	1034	1037	1310	410	481	268	734	431	604	362	607	338	363	206	191	281	268	122	161	33780
*	5p	+	58	62575	44277	45775	63073	215700	1239	1015	1016	1077	402	448	295	698	420	568	381	643	329	323	185	188	270	289	129	129	33189
*	5p	+	59	62444	43825	43598	62273	212140	1199	1022	1009	1021	406	480	257	676	465	544	395	626	329	321	181	177	273	257	120	127	32591
*	5p	+	60	61492	41906	43472	61772	208642	1201	956	988	1042	376	434	280	656	440	513	368	568	305	341	189	163	287	265	104	148	32048
*	5p	+	61	59980	41886	42560	60582	205008	1164	934	961	971	352	439	300	640	488	577	332	576	326	292	178	178	259	260	102	139	31490
*	5p	+	62	58755	41652	42073	58903	201383	1166	1000	1001	979	332	438	239	638	376	531	385	588	304	296	195	284	245	259	115	132	30944
*	5p	+	63	58568	40407	41202	57314	197491	1156	1014	933	983	351	418	243	569	368	547	356	531	311	392	165	172	267	258	109	127	30347
*	5p	+	64	57174	40289	40150	56087	193700	1172	914	928	932	336	483	263	665	417	505	289	580	294	296	144	180	233	266	103	140	29829
*	5p	+	65	55774	39245	38939	55860	189818	1132	919	942	920	370	414	357	836	403	511	328	523	262	293	163	155	266	265	111	112	29302
*	5p	+	66	54551	38438	38713	54409	186111	1112	899	901	888	344	390	279	531	414	541	323	511	235	285	153	173	251	233	108	135	28760
*	5p	+	67	53799	37109	37736	53522	182166	1040	907	894	794	330	424	272	531	375	486	300	500	241	259	152	153	259	232	112	129	28157
*	5p	+	68	51920	36411	37282	52725	178338	994	856	866	831	321	390	217	493	400	493	361	535	260	226	125	162	246	267	94	120	27634
*	5p	+	69	51274	36161	36165	50849	174449	1080	844	924	838	309	358	262	532	379	522	370	498	237	241	125	130	250	265	97	122	27128
*	5p	+	70	50721	34523	35310	49986	170540	1020	821	797	785	323	372	222	504	391	447	275	465	248	234	140	150	240	241	104	104	26659
*	5p	-	1	72900	73953	57560	73115	277528	771	1092	971	1277	593	371	330	676	453	482	414	375	0	0	0	0	5	6	8	15	90238
*	5p	-	2	79926	51314	56886	89426	277552	722	1205	896	636	282	401	243	386	326	398	168	419	1	4	0	0	6	8	19	4	89972
*	5p	-	3	79910	64243	49340	84088	277581	780	923	659	767	302	326	163	420	237	327	205	458	2	3	2	4	9	5	2	6	88276
*	5p	-	4	84377	59820	49551	83770	277518	737	749	566	712	242	281	155	426	222	338	172	373	10	9	7	16	19	10	25	32	86162
*	5p	-	5	85468	58509	52597	80938	277512	711	673	610	593	214	292	185	403	238	344	159	447	25	26	14	25	23	22	18	28	83771
*	5p	-	6	86601	54544	56090	80264	277499	1108	1082	1128	942	386	483	331	641	475	579	315	720	17	29	21	22	31	22	23	31	81095
*	5p	-	7	77315	56468	52763	90948	277494	986	1150	947	1069	387	460	331	615	400	600	266	663	50	40	22	19	27	35	20	28	79528
*	5p	-	8	77630	60221	53103	86541	277495	923	1118	1030	1061	431	504	288	593	386	532	263	703	39	37	29	40	40	28	19	25	77853
*	5p	-	9	75786	59995	51972	89678	277431	918	1198	1026	1045	400	440	370	641	396	491	308	703	58	68	44	40	48	63	40	25	76085
*	5p	-	10	81958	54718	53530	87188	277394	1021	1051	929	963	370	462	338	598	392	580	295	650	63	82	42	52	59	81	35	37	74381
*	5p	-	11	80383	60991	54990	80941	277305	1023	1080	1118	1123	432	471	470	628	455	592	327	665	90	112	44	44	86	103	63	48	72563
*	5p	-	12	78891	63079	54156	81186	277312	1084	1198	1198	1216	412	455	1061	655	429	550	300	722	104	97	75	63	101	91	60	44	71141
*	5p	-	13	79293	60294	54673	83052	277312	1054	1130	1068	1087	445	473	359	644	423	581	322	682	114	130	66	57	98	99	52	46	69692
*	5p	-	14	79548	60483	54679	82527	277237	1048	1143	1112	1067	471	522	330	713	415	593	271	665	112	149	84	66	127	132	66	49	68360
*	5p	-	15	80959	59704	53485	83056	277204	1029	1152	1082	1024	421	465	351	603	441	619	402	724	156	147	91	75	125	142	78	62	66973
*	5p	-	16	81531	58979	53447	83212	277169	1100	1050	1157	1075	461	444	1124	671	441	593	300	706	167	135	97	65	134	148	76	62	65564
*	5p	-	17	81361	60233	53880	81664	277138	1066	1080	1027	1129	451	474	308	619	444	617	309	661	164	174	107	68	137	167	81	79	64327
*	5p	-	18	79379	58651	56316	82713	277059	1070	1141	1093	1097	399	481	318	633	457	591	358	793	183	181	97	94	177	186	101	80	63127
*	5p	-	19	78789	58419	54445	85406	277059	1060	1065	1074	1077	393	462	321	627	472	638	316	684	173	170	99	109	188	210	74	70	61901
*	5p	-	20	73740	56376	53443	75486	259045	1165	1164	1243	1170	533	531	332	741	501	683	575	808	200	183	110	105	164	223	105	94	60790
*	5p	-	21	71735	55463	50734	74468	252400	1212	1243	1229	1211	421	509	334	730	488	689	475	716	203	175	107	111	193	206	92	105	59656
*	5p	-	22	70801	54006	50062	74959	249828	1098	1110	1173	1207	441	507	460	676	470	685	319	726	228	208	109	119	203	227	97	108	58641
*	5p	-	23	70286	54866	50093	73182	248427	1199	1233	1075	1149	434	471	330	684	413	626	343	710	220	219	158	118	220	220	116	103	57621
*	5p	-	24	70370	54078	51489	71570	247507	1144	1206	1194	1233	447	501	274	723	511	663	317	727	194	214	140	132	238	224	122	94	56614
*	5p	-	25	68683	55007	51135	71352	246177	1212	1261	1142	1171	434	493	354	767	468	613	328	742	236	237	154	145	209	257	128	106	55604
*	5p	-	26	70197	54326	49223	71319	245065	1252	1213	1202	1087	430	572	341	736	505	697	302	762	257	235	171	150	233	251	135	103	54598
*	5p	-	27	70614	52410	49483	71463	243970	1175	1152	1167	1298	424	511	304	713	487	599	316	708	269	291	178	127	255	346	124	111	53628
*	5p	-	28	68436	54366	49952	70538	243292	1161	1142	1123	1183	423	536	383	719	474	671	316	700	281	305	173	134	242	245	126	136	52674
*	5p	-	29	69586	53828	49268	70038	242720	1152	1155	1082	1144	421	517	320	677	472	640	316	685	278	275	174	156	218	291	115	128	51760
*	5p	-	30	68675	51712	48947	72683	242017	1133	1181	1129	1137	413	521	319	737	452	639	322	733	294	276	165	176	246	268	121	118	50836
*	5p	-	31	68303	52776	47855	71592	240526	1135	1112	1126	1297	1024	506	324	722	498	692	338	679	288	317	175	179	271	273	118	117	49973
*	5p	-	32	69348	51925	49247	68557	239077	1153	1086	1130	1241	591	508	288	743	474	628	308	713	311	276	168	162	268	275	139	114	49166
*	5p	-	33	69508	52944	47856	67306	237614	1114	1237	1220	1129	539	563	299	706	496	604	311	670	291	309	171	174	314	276	141	131	48334
*	5p	-	34	69982	49493	47676	69022	236173	1178	1097	1142	1106	427	518	262	757	476	625	400	764	299	286	195	182	345	291	124	101	47492
*	5p	-	35	69451	50503	47403	67279	234636	1219	1115	1168	1199	439	538	279	733	497	663	326	688	328	310	173	160	314	283	152	123	46733
*	5p	-	36	65481	50723	46707	69425	232336	1229	1082	1163	1143	435	502	316	726	517	713	298	673	333	299	184	185	316	285	139	126	45976
*	5p	-	37	66231	51295	46125	66704	230355	1147	1120	1663	1083	405	555	315	746	522	637	333	696	312	325	164	174	286	290	143	136	45246
*	5p	-	38	64596	48210	47018	68592	228416	1154	1070	1068	1126	399	457	300	692	525	635	434	706	273	324	214	182	288	268	134	135	44478
*	5p	-	39	64262	49049	45293	67824	226428	1186	1076	1050	1175	398	510	324	749	489	655	297	678	302	327	176	174	291	291	124	131	43714
*	5p	-	40	64515	47781	45251	66960	224507	1101	1087	1079	1077	464	442	297	690	440	669	317	683	332	285	195	206	307	284	100	141	42945
*	5p	-	41	63380	48579	47346	62869	222174	1200	1060	1144	1119	423	461	274	694	556	596	319	723	300	325	200	183	291	290	129	133	42228
*	5p	-	42	62868	47297	45368	64268	219801	1161	1078	1066	1134	421	494	290	693	499	667	319	696	355	272	162	185	290	276	137	122	41452
*	5p	-	43	63212	46641	44145	63576	217574	1134	992	1041	1058	390	490	287	647	384	580	305	660	315	298	196	187	290	255	116	147	40733
*	5p	-	44	62112	46439	43880	62776	215207	1149	1042	992	1487	428	475	294	664	437	629	272	630	305	305	215	177	282	243	135	145	40002
*	5p	-	45	61257	44178	43124	63655	212214	1169	1034	1062	1139	391	445	302	637	474	632	362	637	332	295	186	174	311	272	124	130	39308
*	5p	-	46	61060	42792	43672	61984	209508	1171	1006	1034	1087	379	476	254	652	473	631	265	618	321	321	176	174	286	251	119	148	38612
*	5p	-	47	60122	42670	42295	61630	206717	1108	988	974	991	379	478	284	620	442	605	244	636	331	274	185	205	284	248	125	111	37952
*	5p	-	48	58608	42197	43649	59473	203927	1194	1007	960	968	377	488	284	620	396	562	365	675	317	287	187	185	284	264	119	129	37238
*	5p	-	49	60793	41256	40785	58403	201237	1131	954	1321	959	410	469	241	655	396	604	239	680	344	279	174	182	271	264	122	142	36577
*	5p	-	50	57454	41409	40721	58873	198457	1083	938	932	1054	378	466	295	610	376	574	259	603	305	282	188	173	265	279	133	131	35974
*	5p	-	51	57127	40069	41185	57502	195883	1155	880	986	926	369	391	238	600	406	514	253	695	327	298	190	154	270	259	126	125	35347
*	5p	-	52	56105	40370	40594	56111	193180	1078	865	893	917	365	398	227	626	398	523	442	1562	303	306	172	167	246	279	112	124	34766
*	5p	-	53	55671	38684	39377	56670	190402	1045	908	903	939	383	420	253	636	385	506	252	586	291	266	158	180	265	272	122	117	34136
*	5p	-	54	54952	37865	38771	55912	187500	1039	855	867	835	373	420	249	581	386	527	254	558	266	304	156	152	270	265	154	135	33540
*	5p	-	55	54825	36702	40249	52934	184710	1012	906	884	812	354	400	241	539	347	487	225	628	317	267	177	175	283	286	114	115	32984
*	5p	-	56	54795	36852	37345	52882	181874	1080	863	874	830	360	392	253	593	383	518	261	465	272	289	167	174	255	284	115	118	32391
*	5p	-	57	53767	36013	36618	52529	178927	1074	856	868	867	353	368	241	552	382	519	247	542	287	287	152	169	254	245	131	130	31865
*	5p	-	58	52914	35841	35813	51298	175866	981	880	913	841	305	362	263	515	384	504	209	528	252	269	166	157	265	262	131	127	31288
*	5p	-	59	50886	35829	35517	50662	172894	1022	864	824	818	314	389	225	554	432	481	208	462	269	269	164	145	245	263	94	106	30780
*	5p	-	60	49673	34120	36416	49759	169968	995	805	828	763	281	386	206	536	346	489	232	554	287	256	156	159	219	228	98	126	30253
*	5p	-	61	49133	34218	34256	49460	167067	989	783	792	799	313	371	238	518	337	442	195	492	260	247	159	158	226	218	102	102	29757
*	5p	-	62	48799	32954	34589	47471	163813	937	743	779	765	290	374	253	534	320	528	224	477	288	243	160	156	239	231	103	91	29272
*	5p	-	63	47778	32102	33158	47564	160602	934	782	821	767	283	397	221	527	360	442	188	485	260	257	165	144	237	211	86	96	28762
*	5p	-	64	46011	32490	32071	46887	157459	931	728	764	723	305	333	214	534	341	476	202	446	277	261	167	144	224	204	103	90	28239
*	5p	-	65	45248	30728	31853	46498	154327	986	725	720	726	291	325	207	519	335	443	226	422	247	278	140	142	215	197	87	91	27719
*	5p	-	66	43936	30331	31432	45391	151090	925	714	704	733	273	329	217	492	335	445	197	411	259	269	155	147	218	206	88	89	27255
*	5p	-	67	43644	29560	31449	43358	148011	887	653	770	705	278	331	173	515	301	459	207	509	253	243	153	141	220	209	99	78	26742
*	5p	-	68	42993	29807	29637	42337	144774	910	659	699	672	296	310	163	482	326	399	162	421	240	263	165	138	219	207	92	105	26246
*	5p	-	69	41550	29202	29414	41477	141643	893	673	705	665	283	307	192	464	284	439	180	384	257	230	137	132	195	211	83	82	25769
*	5p	-	70	41784	27962	28177	40536	138459	852	595	687	602	261	302	186	470	341	406	163	374	223	243	146	137	170	192	108	87	25296
