# table produced by mapDamage version 2.2.1
# using mapped file CviAPal025.merged.L103.realn.bam and reference.ssl.Cvi20k_rename.fasta as reference file
# Chr: reference from sam/bam header, End: from which termini of DNA sequences, Std: strand of reads
Chr	End	Std	Pos	A	C	G	T	Total	G>A	C>T	A>G	T>C	A>C	A>T	C>G	C>A	T>G	T>A	G>C	G>T	A>-	T>-	C>-	G>-	->A	->T	->C	->G	S
*	3p	+	1	6398	4961	5839	6898	24096	248	48	100	77	29	26	26	34	46	37	36	53	0	0	0	0	0	0	0	0	9463
*	3p	+	2	7368	5536	4306	6892	24102	175	46	43	54	22	25	13	37	14	34	25	27	0	0	0	0	0	0	0	0	9443
*	3p	+	3	7200	4216	5891	6795	24102	146	52	52	48	22	22	20	33	16	27	24	31	0	0	0	0	0	0	0	0	9262
*	3p	+	4	7207	4236	5466	7187	24096	87	54	58	42	11	19	12	32	23	31	18	26	1	0	0	0	1	2	0	3	9077
*	3p	+	5	7515	4390	4904	7284	24093	69	55	48	49	16	31	9	29	19	25	21	32	3	1	3	0	2	3	3	0	8861
*	3p	+	6	7014	5323	4451	7306	24094	113	90	72	106	28	67	26	62	40	52	44	72	2	0	4	1	3	3	2	0	8638
*	3p	+	7	8336	4678	4654	6426	24094	121	93	99	56	38	43	19	71	29	43	37	57	3	1	1	1	3	3	1	0	8483
*	3p	+	8	7788	4644	5048	6615	24095	115	79	71	93	35	32	24	61	36	50	33	55	3	5	2	1	2	1	2	2	8324
*	3p	+	9	8009	4359	5106	6613	24087	111	66	101	73	36	32	33	64	35	55	75	65	5	11	4	6	7	3	4	0	8162
*	3p	+	10	7916	4591	4527	7051	24085	94	80	82	66	35	42	26	47	45	56	41	50	7	6	3	3	9	0	5	3	8006
*	3p	+	11	7443	4548	5093	7002	24086	120	89	97	83	40	50	20	60	43	59	77	58	8	5	1	1	6	8	3	0	7861
*	3p	+	12	6832	4592	5730	6932	24086	136	119	103	97	49	48	26	59	57	49	370	79	5	5	2	5	3	6	3	4	7723
*	3p	+	13	7242	4571	5467	6801	24081	105	95	94	96	37	45	24	58	39	69	49	76	7	12	4	3	9	6	2	5	7590
*	3p	+	14	7049	4581	5481	6965	24076	113	84	91	77	32	50	26	64	44	58	32	59	10	10	6	5	9	11	5	2	7466
*	3p	+	15	7442	4411	4779	7442	24074	121	87	84	97	30	56	42	54	50	53	24	52	14	10	6	4	7	17	2	4	7356
*	3p	+	16	7135	4508	5033	7400	24076	119	67	94	92	46	45	27	58	45	49	210	62	9	8	5	7	6	9	7	4	7222
*	3p	+	17	7432	4472	4842	7323	24069	108	87	113	87	41	51	33	81	40	45	38	59	7	16	9	5	11	13	5	5	7102
*	3p	+	18	7076	5364	4922	6706	24068	102	100	69	95	51	39	31	55	51	46	26	62	18	9	7	6	8	13	2	11	6985
*	3p	+	19	7910	4554	4757	6850	24071	106	88	94	96	31	36	32	63	41	51	25	66	19	16	6	11	15	9	4	5	6877
*	3p	+	20	6721	5113	4601	6435	22870	87	82	91	90	40	44	65	67	53	54	27	72	18	15	8	10	15	14	8	6	6771
*	3p	+	21	7041	4543	4491	6297	22372	93	70	101	106	36	43	175	78	56	52	43	65	15	16	9	12	22	13	6	5	6656
*	3p	+	22	6500	4298	4887	6488	22173	134	74	85	96	32	51	39	67	40	54	66	63	16	12	8	9	19	15	7	8	6558
*	3p	+	23	6859	4440	4650	6106	22055	101	88	99	86	44	48	50	69	43	66	35	63	17	24	13	14	24	16	9	13	6451
*	3p	+	24	6096	5007	4430	6454	21987	105	99	84	110	46	56	33	72	42	68	31	70	19	22	11	7	23	16	15	11	6357
*	3p	+	25	6352	4963	4663	5921	21899	97	107	87	92	25	57	18	67	38	51	16	72	20	18	9	13	20	17	5	14	6250
*	3p	+	26	6213	4268	4573	6767	21821	118	112	95	81	32	36	40	66	38	58	29	65	18	18	13	11	18	20	10	10	6154
*	3p	+	27	6379	4292	4405	6686	21762	79	89	112	116	41	50	34	67	48	60	31	67	11	22	10	9	19	26	9	5	6047
*	3p	+	28	6008	4450	4984	6259	21701	98	66	89	106	46	32	30	77	43	61	35	84	16	25	7	10	27	17	11	4	5937
*	3p	+	29	6140	4632	4544	6333	21649	102	100	93	97	31	38	24	62	38	58	28	62	23	21	10	7	36	15	9	8	5837
*	3p	+	30	6732	4522	4222	6123	21599	97	99	85	97	48	43	36	67	40	55	32	57	20	19	6	5	26	22	12	12	5742
*	3p	+	31	6339	3990	5089	6062	21480	99	91	110	94	42	38	28	64	107	54	28	79	19	20	16	9	24	18	9	14	5654
*	3p	+	32	5979	4156	4324	6915	21374	126	76	111	111	38	36	31	66	74	61	27	64	22	27	13	12	21	23	7	7	5561
*	3p	+	33	6036	4075	4577	6575	21263	110	82	103	95	40	46	31	83	57	49	17	62	27	22	10	19	18	24	8	11	5471
*	3p	+	34	6077	4078	4087	6921	21163	104	92	82	100	41	48	36	55	40	56	23	92	30	38	12	9	20	16	10	10	5369
*	3p	+	35	6155	3934	4305	6653	21047	103	101	91	99	35	63	21	60	37	66	28	51	23	29	12	19	19	22	9	14	5284
*	3p	+	36	6780	4029	4276	5732	20817	99	102	87	113	40	46	27	56	35	56	21	56	26	24	14	15	22	30	7	14	5196
*	3p	+	37	6085	3815	4876	5862	20638	100	56	90	214	42	43	33	56	36	48	27	62	27	31	6	17	22	36	13	10	5119
*	3p	+	38	6574	4113	4046	5607	20340	112	107	80	89	28	44	61	47	41	57	29	58	30	30	11	9	38	26	11	12	5044
*	3p	+	39	6352	3916	4356	5536	20160	93	89	88	83	30	39	25	68	45	46	24	57	25	19	9	9	32	19	7	11	4980
*	3p	+	40	6432	3865	4002	5689	19988	116	104	109	85	32	45	31	79	42	39	25	55	20	27	12	13	28	16	14	8	4891
*	3p	+	41	5724	4327	4230	5461	19742	91	110	92	90	44	42	27	66	42	51	16	84	19	27	12	9	25	29	7	12	4798
*	3p	+	42	5631	3868	4381	5580	19460	91	110	116	85	32	39	23	41	44	56	25	55	18	27	12	19	22	19	19	15	4712
*	3p	+	43	5580	3663	4082	5876	19201	90	85	90	63	35	45	23	57	40	46	19	66	16	27	16	18	28	15	16	13	4636
*	3p	+	44	5598	3675	4121	5530	18924	91	99	137	90	41	46	24	41	32	46	29	64	28	31	18	13	17	25	9	15	4561
*	3p	+	45	6039	3561	3762	5228	18590	120	98	93	90	44	30	31	50	34	48	34	60	18	22	16	20	22	29	10	14	4485
*	3p	+	46	5837	3674	3485	5352	18348	74	87	89	83	34	37	31	67	40	38	18	47	31	27	14	14	29	21	9	12	4403
*	3p	+	47	5924	3409	3491	5165	17989	93	85	82	108	34	34	27	73	34	49	25	52	37	25	10	18	19	24	10	15	4333
*	3p	+	48	5102	4126	3448	5085	17761	96	89	82	88	44	40	29	55	37	58	30	59	29	30	12	22	23	30	7	7	4260
*	3p	+	49	5138	3419	3195	5758	17510	82	76	76	263	26	38	22	67	25	39	23	59	23	30	14	13	22	22	10	12	4192
*	3p	+	50	5509	3392	3415	4983	17299	96	80	129	76	32	36	21	45	39	39	15	61	15	38	14	11	21	32	7	12	4120
*	3p	+	51	5158	3714	3297	4907	17076	89	104	72	98	33	34	23	88	34	52	26	51	19	28	19	6	27	26	7	10	4057
*	3p	+	52	4966	3708	3299	4896	16869	88	85	75	81	35	37	96	449	38	32	21	55	12	29	16	12	24	29	5	7	3983
*	3p	+	53	5475	3191	3150	4844	16660	93	91	90	72	25	39	30	46	27	43	24	52	21	23	9	15	27	11	8	11	3912
*	3p	+	54	5270	3251	3236	4670	16427	85	83	75	91	23	51	26	41	37	41	23	57	20	15	10	16	27	15	10	6	3866
*	3p	+	55	4720	3641	3046	4818	16225	75	72	67	82	32	39	18	42	30	40	25	48	18	21	13	8	20	17	6	10	3801
*	3p	+	56	4640	3124	3066	5174	16004	84	77	48	92	20	46	36	41	38	35	25	37	18	21	14	11	21	16	11	10	3729
*	3p	+	57	4569	3056	3044	5102	15771	64	67	86	71	31	34	21	38	27	37	20	41	27	21	15	5	23	15	13	8	3657
*	3p	+	58	4568	2960	2900	5105	15533	81	66	76	71	30	38	16	32	22	49	18	47	22	19	15	11	21	15	11	9	3591
*	3p	+	59	4462	2930	3421	4470	15283	83	80	77	68	29	32	13	42	31	40	20	48	19	20	8	10	27	17	6	9	3528
*	3p	+	60	4615	3232	2947	4235	15029	75	92	63	82	32	37	24	29	28	34	29	45	21	16	15	8	29	12	15	7	3460
*	3p	+	61	4656	2898	2951	4257	14762	68	80	70	63	23	38	10	54	30	40	18	48	20	24	13	7	25	21	7	14	3391
*	3p	+	62	4229	3185	2736	4362	14512	54	78	59	56	30	29	17	32	29	37	24	48	15	25	12	9	24	18	13	4	3340
*	3p	+	63	4647	2783	2541	4264	14235	56	58	66	64	23	32	16	47	27	35	22	41	24	21	11	7	28	17	8	8	3280
*	3p	+	64	4446	2687	2916	3957	14006	69	57	66	59	34	24	27	33	24	32	14	48	19	19	13	6	33	12	7	9	3209
*	3p	+	65	4604	2570	2649	3938	13761	73	67	53	52	24	28	16	32	22	33	18	38	22	20	11	13	23	19	9	9	3136
*	3p	+	66	4410	2652	2577	3876	13515	60	70	64	55	32	40	19	36	27	40	18	46	27	18	9	12	22	23	10	4	3060
*	3p	+	67	3986	2982	2532	3762	13262	46	72	73	63	15	29	20	64	21	29	14	43	22	25	14	3	21	12	12	6	2996
*	3p	+	68	3937	2504	2785	3779	13005	61	59	72	52	19	26	14	29	32	35	19	34	31	17	10	10	21	17	7	4	2929
*	3p	+	69	3720	2492	2787	3737	12736	50	70	55	62	23	24	19	33	21	39	24	53	19	25	9	10	20	12	7	15	2862
*	3p	+	70	3900	2370	2448	3757	12475	54	54	57	53	32	29	16	28	22	22	19	47	21	23	10	8	24	22	3	11	2788
*	3p	-	1	6335	4937	5628	6612	23512	223	54	95	77	47	41	29	35	39	48	24	46	0	0	0	0	0	1	0	0	8726
*	3p	-	2	7477	4756	4096	7184	23513	178	44	50	75	34	34	13	27	34	39	13	27	1	1	0	0	0	0	0	0	8701
*	3p	-	3	7092	4337	4735	7349	23513	119	52	52	60	15	23	18	33	24	19	15	36	0	1	0	1	0	0	0	0	8555
*	3p	-	4	6879	4543	4579	7498	23499	94	56	54	44	22	21	12	31	14	19	17	34	5	5	0	1	6	6	2	0	8366
*	3p	-	5	6919	4574	4448	7559	23500	70	38	44	48	21	21	15	29	22	25	16	26	8	6	2	2	6	4	1	2	8164
*	3p	-	6	6950	4837	4166	7544	23497	111	105	93	71	34	36	28	55	41	55	32	58	7	4	4	0	6	7	2	1	7953
*	3p	-	7	7351	4595	4405	7145	23496	127	78	87	84	33	34	27	56	37	33	31	67	10	4	5	0	6	7	1	2	7823
*	3p	-	8	7081	4722	4690	7000	23493	108	86	89	93	38	29	33	81	40	59	25	78	6	9	1	4	11	4	4	1	7694
*	3p	-	9	7499	4607	4619	6764	23489	102	87	76	78	34	26	26	59	27	51	30	55	7	10	4	7	7	14	2	1	7569
*	3p	-	10	7062	4770	4505	7151	23488	98	77	84	65	47	51	19	56	57	48	36	61	11	21	4	2	10	9	3	2	7433
*	3p	-	11	6783	4789	4627	7286	23485	115	95	95	92	50	34	24	50	45	52	24	69	13	15	5	4	14	3	6	4	7279
*	3p	-	12	6693	5030	4752	7007	23482	112	98	91	105	39	39	98	69	48	36	38	60	13	11	6	6	10	11	2	6	7159
*	3p	-	13	7020	4698	4601	7148	23467	113	73	100	92	39	37	27	61	39	56	26	82	12	12	11	7	20	16	5	4	7058
*	3p	-	14	7034	4720	4598	7118	23470	114	86	100	75	117	41	27	57	38	57	25	74	18	13	5	6	18	11	2	10	6938
*	3p	-	15	7016	4730	4644	7089	23479	106	85	81	101	49	42	22	49	47	52	42	63	14	16	5	8	10	12	4	7	6809
*	3p	-	16	6965	4897	4534	7083	23479	102	87	91	80	49	42	23	57	50	59	30	70	12	20	7	11	14	8	7	4	6677
*	3p	-	17	7042	4614	4636	7188	23480	117	76	75	74	95	45	31	52	44	64	94	75	20	22	10	8	12	11	7	2	6570
*	3p	-	18	6856	4732	4749	7130	23467	164	82	103	80	37	37	29	54	45	49	31	69	17	16	12	13	12	16	9	8	6458
*	3p	-	19	7095	4582	4663	7129	23469	79	73	113	84	43	45	34	42	48	40	32	89	19	21	9	8	10	22	7	4	6356
*	3p	-	20	6482	4625	4431	6729	22267	98	91	100	100	46	41	27	55	47	58	37	80	24	32	11	6	17	22	11	6	6242
*	3p	-	21	6287	4308	4310	6865	21770	105	103	107	98	44	40	30	65	42	56	38	74	23	28	15	8	15	20	10	9	6144
*	3p	-	22	6246	4461	4276	6590	21573	91	76	123	94	33	48	33	54	56	56	36	55	38	19	13	13	14	20	10	10	6049
*	3p	-	23	6404	4400	4200	6453	21457	102	92	132	99	41	44	22	63	31	47	37	67	28	29	12	10	27	14	5	8	5955
*	3p	-	24	6214	4567	4232	6398	21411	102	92	109	98	36	40	25	50	51	60	27	77	36	23	10	14	18	21	7	7	5867
*	3p	-	25	6346	4281	4120	6568	21315	106	92	96	77	30	47	27	59	36	54	58	74	32	17	15	6	17	20	8	9	5776
*	3p	-	26	6011	4649	4245	6310	21215	99	110	101	90	39	30	30	49	41	58	27	61	19	29	15	10	27	26	11	6	5695
*	3p	-	27	6060	4491	4183	6441	21175	108	105	89	105	44	36	54	74	36	69	30	76	22	26	11	13	22	31	10	8	5613
*	3p	-	28	6078	4417	4189	6442	21126	104	89	89	93	38	41	37	69	54	68	22	104	21	35	7	18	15	31	8	9	5520
*	3p	-	29	6158	4276	4196	6450	21080	89	83	83	107	26	47	28	68	39	51	21	69	30	13	14	16	26	29	5	10	5454
*	3p	-	30	5941	4546	4203	6339	21029	108	88	87	132	45	39	46	66	43	56	25	59	24	23	10	12	25	28	6	10	5367
*	3p	-	31	6023	4220	4190	6481	20914	104	76	96	103	29	40	39	61	34	48	30	82	25	21	17	12	22	27	4	12	5292
*	3p	-	32	5986	4288	4158	6391	20823	93	85	116	111	43	38	36	68	43	65	33	87	25	25	8	13	22	17	10	10	5202
*	3p	-	33	6120	4106	4143	6330	20699	103	89	104	93	45	42	37	58	45	47	37	65	23	28	16	7	37	23	5	7	5122
*	3p	-	34	5880	4359	4111	6226	20576	89	90	100	97	41	40	23	61	35	40	23	72	21	29	13	14	22	31	14	7	5039
*	3p	-	35	6183	4154	4071	6039	20447	109	87	103	87	34	43	31	49	36	58	24	61	27	26	15	9	18	21	16	10	4959
*	3p	-	36	5981	4285	4134	5863	20263	95	98	100	104	44	46	38	43	39	57	32	75	31	22	16	6	25	23	9	15	4869
*	3p	-	37	6096	4068	4051	5895	20110	96	108	72	89	42	41	31	42	29	46	32	71	39	21	12	18	21	29	12	12	4797
*	3p	-	38	5952	4143	3932	5873	19900	108	89	96	83	37	35	27	46	47	42	21	67	24	21	21	13	23	35	15	11	4737
*	3p	-	39	5749	4123	4015	5833	19720	103	99	89	88	33	55	38	41	58	54	36	77	30	23	15	13	24	30	13	5	4669
*	3p	-	40	5539	4323	3830	5867	19559	84	83	70	75	35	47	35	47	29	49	30	66	23	32	13	18	24	24	8	14	4592
*	3p	-	41	5838	3695	3792	5959	19284	101	81	98	92	30	39	29	39	42	71	25	57	22	30	18	11	25	32	6	8	4520
*	3p	-	42	5502	3983	3862	5609	18956	118	102	121	95	39	43	21	54	38	35	32	69	31	33	19	9	24	28	10	7	4439
*	3p	-	43	5534	3712	3839	5639	18724	114	88	92	92	32	40	33	59	37	45	18	126	28	28	13	15	21	24	5	8	4363
*	3p	-	44	5322	3747	3706	5698	18473	108	79	84	92	35	38	25	63	34	60	23	67	37	29	14	6	23	20	10	10	4297
*	3p	-	45	5475	3788	3558	5355	18176	72	72	104	81	35	32	38	60	42	52	17	52	23	28	22	11	23	32	9	7	4230
*	3p	-	46	5210	3673	3687	5324	17894	101	87	127	78	36	55	29	39	33	49	26	47	21	32	15	8	32	24	8	10	4158
*	3p	-	47	5181	3589	3518	5289	17577	71	88	90	75	37	39	29	64	28	49	23	111	20	37	12	16	30	21	11	7	4087
*	3p	-	48	5151	3500	3592	5109	17352	87	87	104	106	31	29	34	43	39	45	25	66	28	25	10	14	21	21	7	6	4020
*	3p	-	49	4981	3539	3404	5161	17085	93	86	96	72	31	33	26	43	36	38	23	54	21	23	11	20	16	27	9	16	3949
*	3p	-	50	4951	3333	3486	5090	16860	107	75	87	74	41	39	44	42	28	43	22	51	22	35	12	8	27	30	10	5	3893
*	3p	-	51	4953	3313	3281	5120	16667	68	80	95	91	34	42	27	54	39	41	22	59	23	28	17	12	23	22	11	16	3829
*	3p	-	52	4886	3308	3329	4941	16464	95	67	85	78	29	32	29	38	42	51	19	56	27	27	16	13	27	25	11	8	3748
*	3p	-	53	4785	3313	3201	4970	16269	66	85	79	86	21	45	28	53	34	44	21	61	19	27	7	18	20	21	11	13	3676
*	3p	-	54	4766	3197	3299	4795	16057	86	76	68	85	34	27	18	38	30	39	15	49	27	21	10	14	16	22	10	12	3622
*	3p	-	55	4597	3262	3211	4759	15829	74	79	68	72	26	43	38	48	36	46	27	44	27	34	14	10	27	16	13	8	3571
*	3p	-	56	4795	3086	3027	4690	15598	72	67	74	67	33	41	40	26	26	48	23	53	26	30	16	9	26	19	10	5	3513
*	3p	-	57	4637	3222	3051	4508	15418	72	92	88	73	34	42	36	46	31	35	22	53	26	26	15	17	26	16	4	8	3444
*	3p	-	58	4506	3223	2960	4513	15202	83	78	76	77	24	32	32	38	32	47	22	54	30	32	16	14	15	23	9	3	3381
*	3p	-	59	4496	2921	3019	4502	14938	69	76	68	73	36	38	42	36	23	43	15	58	33	38	17	14	21	20	9	6	3312
*	3p	-	60	4547	2974	2799	4404	14724	59	79	76	83	22	30	22	51	24	41	20	44	29	21	19	15	21	15	13	5	3254
*	3p	-	61	4416	2817	2872	4377	14482	74	76	63	63	24	32	28	29	27	35	22	63	36	27	16	11	16	21	6	8	3183
*	3p	-	62	4261	2862	2948	4186	14257	59	72	60	65	30	30	38	29	28	40	14	42	25	24	27	16	22	16	5	11	3137
*	3p	-	63	4150	2756	2749	4325	13980	71	80	63	67	26	31	27	41	33	49	21	47	38	30	20	11	21	20	12	10	3075
*	3p	-	64	4020	2778	2794	4158	13750	62	66	67	59	29	32	20	43	21	37	25	42	29	27	11	13	20	18	13	6	3012
*	3p	-	65	3954	2675	2768	4124	13521	60	64	60	71	23	21	20	30	22	27	30	86	24	29	14	12	15	23	11	7	2922
*	3p	-	66	3971	2634	2755	3939	13299	66	59	71	56	25	32	29	40	22	36	26	41	17	24	12	14	10	24	9	9	2858
*	3p	-	67	4038	2600	2555	3854	13047	72	60	66	79	26	32	23	34	29	35	21	45	17	19	16	12	19	18	6	8	2798
*	3p	-	68	3841	2713	2511	3721	12786	68	63	53	61	25	34	28	37	18	40	13	46	18	21	21	9	16	19	11	7	2744
*	3p	-	69	3642	2515	2622	3753	12532	66	61	51	69	20	28	43	41	25	32	14	35	20	19	14	14	12	16	9	8	2678
*	3p	-	70	3660	2398	2460	3730	12248	62	53	63	51	24	30	28	38	28	35	13	37	23	22	11	5	20	16	6	5	2612
*	5p	+	1	6514	6137	5357	6093	24101	77	67	116	111	48	22	33	38	34	33	36	39	0	0	0	0	2	1	0	0	8245
*	5p	+	2	7537	4285	4795	7485	24102	44	100	71	75	20	39	24	26	24	35	15	35	2	0	0	0	0	0	0	0	8224
*	5p	+	3	7523	5068	4328	7184	24103	53	63	56	73	28	28	17	31	16	25	19	41	1	0	0	1	0	0	0	0	8076
*	5p	+	4	7745	4643	4584	7118	24090	56	52	52	54	16	23	14	35	13	35	19	37	8	5	3	2	7	3	1	3	7894
*	5p	+	5	7735	4737	4709	6906	24087	56	55	46	52	12	12	10	32	16	19	20	41	4	3	2	3	9	5	1	2	7663
*	5p	+	6	7761	4288	4929	7111	24089	102	94	91	94	27	46	28	48	34	54	21	66	5	12	3	5	4	5	3	2	7466
*	5p	+	7	7316	4593	4565	7618	24092	88	93	82	97	34	35	37	65	25	51	21	66	6	8	0	3	2	6	3	1	7338
*	5p	+	8	7103	5089	4806	7092	24090	99	96	84	91	36	38	22	60	32	40	31	63	6	8	2	3	5	5	1	3	7195
*	5p	+	9	6996	4775	4591	7717	24079	76	89	80	117	44	49	30	44	32	50	25	61	9	13	5	5	12	7	3	3	7036
*	5p	+	10	7330	4599	4879	7269	24077	79	86	99	72	27	39	33	42	34	39	24	58	9	13	3	5	14	6	4	2	6913
*	5p	+	11	7566	4868	4695	6938	24067	90	85	97	84	35	42	21	53	42	48	42	60	13	13	4	6	13	7	6	9	6761
*	5p	+	12	7194	4950	5206	6721	24071	81	105	106	118	37	59	41	41	39	46	155	62	15	13	5	6	7	13	4	8	6649
*	5p	+	13	7267	4682	4928	7190	24067	84	79	71	89	33	42	29	53	45	46	12	56	19	15	10	5	14	10	7	5	6525
*	5p	+	14	7326	4798	4626	7306	24056	78	101	81	90	36	45	24	64	125	39	18	66	14	18	5	14	26	15	2	4	6418
*	5p	+	15	7381	4818	4923	6934	24056	84	96	100	85	42	32	29	52	49	46	28	70	20	22	7	12	18	16	6	5	6314
*	5p	+	16	7216	4630	5078	7137	24061	84	114	93	95	35	47	33	62	43	34	24	73	17	21	10	6	18	15	3	5	6201
*	5p	+	17	7432	4718	4804	7109	24063	90	81	83	86	37	40	205	58	111	41	25	67	18	17	9	8	17	11	6	6	6102
*	5p	+	18	7235	5021	4805	6985	24046	96	189	91	94	41	40	37	68	39	52	26	74	9	24	18	14	10	26	10	11	6001
*	5p	+	19	7559	4651	4686	7156	24052	88	87	79	93	37	46	22	67	45	52	25	72	15	18	9	9	17	23	4	6	5890
*	5p	+	20	6818	4753	4696	6596	22863	101	98	86	112	48	38	34	53	46	43	23	63	20	16	7	14	22	15	6	9	5795
*	5p	+	21	7098	4236	4407	6632	22373	97	86	114	105	43	44	41	70	31	70	33	51	20	20	8	10	11	20	11	4	5703
*	5p	+	22	6711	4420	4570	6463	22164	112	116	99	107	60	37	39	42	35	40	36	51	13	23	11	9	25	17	6	9	5608
*	5p	+	23	6653	4211	4525	6669	22058	112	96	97	165	41	39	19	61	33	44	26	59	20	21	7	14	15	26	8	10	5515
*	5p	+	24	6467	4282	4742	6511	22002	98	106	89	82	33	40	28	55	43	67	26	69	16	35	6	8	10	19	7	15	5445
*	5p	+	25	6937	4180	4292	6476	21885	87	102	94	95	36	51	79	64	41	58	41	63	14	25	11	9	21	32	6	11	5367
*	5p	+	26	6576	4284	4731	6216	21807	82	96	98	89	43	61	24	73	28	49	24	56	16	22	5	7	25	28	10	10	5293
*	5p	+	27	6726	4344	4616	6068	21754	106	99	96	111	34	35	39	92	44	47	40	61	14	14	9	13	24	24	13	6	5217
*	5p	+	28	6503	4604	4407	6178	21692	90	101	90	111	29	46	27	106	40	39	41	67	20	23	10	15	29	23	7	9	5146
*	5p	+	29	6935	4283	4265	6175	21658	98	84	100	107	39	52	32	57	41	50	34	63	25	25	19	8	19	18	10	11	5070
*	5p	+	30	6479	4273	4836	6027	21615	119	88	131	108	35	36	28	59	48	59	46	76	23	38	14	8	22	18	9	6	4994
*	5p	+	31	6643	4229	4439	6172	21483	92	86	93	87	47	47	25	52	45	44	47	65	23	27	11	9	25	13	13	10	4905
*	5p	+	32	6552	4298	4403	6116	21369	109	89	83	99	40	34	24	69	36	60	48	69	25	31	16	5	23	21	9	9	4821
*	5p	+	33	6606	4275	4316	6062	21259	84	105	99	97	40	38	34	62	47	60	36	59	30	28	14	14	33	15	13	3	4744
*	5p	+	34	6578	4244	4511	5812	21145	102	109	91	86	32	48	29	50	34	54	32	65	36	30	18	16	31	24	13	4	4644
*	5p	+	35	6397	4117	4070	6457	21041	104	97	86	94	32	40	35	44	38	61	27	67	23	42	15	20	21	25	14	9	4586
*	5p	+	36	5857	4455	4273	6239	20824	90	103	89	99	41	38	26	46	43	45	23	55	30	37	18	7	23	22	11	10	4527
*	5p	+	37	6317	4158	3938	6232	20645	114	99	80	108	37	40	34	69	42	39	28	59	30	21	21	13	28	27	9	8	4473
*	5p	+	38	6105	3994	4129	6137	20365	91	98	98	96	41	49	24	55	38	51	31	58	26	36	12	14	23	21	7	11	4390
*	5p	+	39	5886	4208	4112	5959	20165	109	102	93	94	29	48	25	87	35	52	41	48	28	35	15	15	20	22	12	9	4316
*	5p	+	40	6067	4004	4308	5609	19988	79	89	97	95	30	44	24	68	37	38	44	74	32	29	10	18	28	22	9	6	4249
*	5p	+	41	6114	3826	3770	6029	19739	89	79	88	95	24	48	29	84	34	51	32	55	25	24	9	24	27	28	11	9	4188
*	5p	+	42	5761	3902	4022	5774	19459	110	83	97	108	34	52	36	89	44	49	22	64	22	26	8	18	31	23	10	12	4126
*	5p	+	43	5658	4016	3804	5716	19194	108	100	91	89	33	44	30	192	45	51	25	71	31	23	12	10	35	26	4	13	4073
*	5p	+	44	5922	3963	3723	5313	18921	75	90	106	106	35	36	24	59	30	46	28	55	28	16	13	12	25	25	10	9	3989
*	5p	+	45	5620	3603	3835	5538	18596	104	89	82	113	42	44	20	52	45	52	38	70	24	21	7	14	20	28	9	12	3926
*	5p	+	46	5666	3675	3735	5274	18350	90	87	92	177	29	51	19	55	33	56	25	47	26	20	11	11	23	27	9	10	3868
*	5p	+	47	5456	3738	3573	5215	17982	111	88	78	96	25	42	36	109	29	44	42	53	25	23	12	17	28	26	17	4	3810
*	5p	+	48	5342	3595	3633	5185	17755	89	96	99	100	26	46	20	73	38	38	41	50	18	28	15	16	31	24	9	9	3750
*	5p	+	49	5481	3393	3693	4941	17508	114	88	78	80	23	35	23	48	39	52	34	55	20	19	14	14	29	23	8	8	3703
*	5p	+	50	5273	3644	3371	5020	17308	86	99	66	89	38	43	20	50	35	50	26	59	20	39	11	13	30	15	7	11	3632
*	5p	+	51	5226	3355	3565	4939	17085	96	83	70	77	33	34	18	64	37	52	32	66	31	24	20	10	18	20	13	10	3564
*	5p	+	52	5056	3381	3338	5100	16875	86	87	78	84	31	31	17	43	26	45	25	60	26	35	17	12	23	18	9	9	3512
*	5p	+	53	5117	3310	3529	4705	16661	99	83	86	81	30	41	32	46	34	52	36	62	23	30	14	13	22	22	7	5	3443
*	5p	+	54	5144	3220	3186	4888	16438	86	75	78	85	35	30	21	45	42	40	26	48	25	27	11	14	26	14	3	4	3383
*	5p	+	55	4953	3269	3365	4639	16226	87	83	83	79	41	37	19	40	30	60	28	49	18	27	16	10	22	10	9	8	3329
*	5p	+	56	4899	3086	3190	4835	16010	92	76	79	74	32	42	17	32	27	38	41	40	18	34	17	10	15	14	9	13	3285
*	5p	+	57	4704	3150	3270	4662	15786	96	71	61	127	21	30	23	43	43	45	38	51	22	21	10	10	17	16	5	6	3241
*	5p	+	58	4634	3058	3288	4563	15543	94	69	92	71	32	24	32	43	25	42	40	36	27	21	11	13	14	18	6	8	3192
*	5p	+	59	4654	3034	2888	4718	15294	90	60	75	54	22	47	26	36	33	40	48	50	15	18	14	14	15	17	11	5	3140
*	5p	+	60	4409	2885	3010	4741	15045	79	63	78	70	26	26	11	37	36	44	34	48	17	19	9	7	21	13	2	11	3083
*	5p	+	61	4399	2882	2771	4729	14781	66	70	60	66	32	23	36	43	35	40	27	33	19	21	9	11	15	17	9	7	3038
*	5p	+	62	4102	2988	3018	4413	14521	91	73	60	63	18	37	21	39	32	47	36	41	23	23	15	27	18	15	10	5	2989
*	5p	+	63	4367	2848	2845	4190	14250	83	62	65	66	31	29	19	45	32	32	23	50	27	36	17	11	16	12	10	6	2940
*	5p	+	64	4170	2807	2843	4196	14016	94	70	69	67	30	37	22	56	22	38	22	46	25	20	18	15	19	17	7	7	2890
*	5p	+	65	4176	2819	2646	4139	13780	75	56	69	71	28	24	42	113	22	35	28	27	22	23	15	11	11	18	7	4	2845
*	5p	+	66	3993	2952	2664	3924	13533	76	63	60	52	22	32	12	44	22	44	34	39	21	24	11	10	13	14	6	7	2793
*	5p	+	67	3926	2774	2658	3914	13272	80	60	75	60	24	25	32	40	25	38	34	44	17	24	9	10	13	15	4	8	2753
*	5p	+	68	3859	2523	2710	3914	13006	76	62	62	72	16	23	18	32	33	38	30	39	22	22	12	10	19	15	7	6	2702
*	5p	+	69	3733	2759	2540	3715	12747	70	55	74	57	27	18	23	36	28	39	42	33	19	19	11	9	20	10	7	6	2649
*	5p	+	70	3806	2547	2395	3746	12494	64	53	47	45	25	32	20	24	35	41	20	45	19	18	12	6	10	15	9	7	2600
*	5p	-	1	6667	6052	4877	5913	23509	69	56	81	118	54	20	43	43	33	58	38	36	0	0	0	0	0	0	0	0	8472
*	5p	-	2	6785	4233	5136	7358	23512	73	104	71	52	21	35	24	45	24	28	15	35	0	0	0	0	0	0	0	0	8455
*	5p	-	3	6636	5745	4079	7052	23512	50	84	49	65	17	23	19	23	21	25	27	54	0	0	0	0	0	0	0	0	8302
*	5p	-	4	7144	5241	4219	6900	23504	53	60	46	38	25	19	13	24	16	24	16	44	0	1	1	2	1	2	2	3	8131
*	5p	-	5	7290	4805	4258	7154	23507	51	56	55	49	26	19	18	26	23	28	11	38	2	1	3	4	0	2	1	2	7914
*	5p	-	6	7381	4368	5209	6549	23507	102	89	91	70	25	37	44	54	43	49	36	68	1	2	2	2	2	0	0	3	7683
*	5p	-	7	6501	4639	4383	7986	23509	95	102	68	83	31	50	39	50	28	49	21	69	2	0	1	2	0	2	1	0	7544
*	5p	-	8	6448	5078	4485	7495	23506	76	83	102	88	36	56	42	46	40	34	16	61	3	3	5	1	2	3	1	0	7403
*	5p	-	9	6512	4903	4296	7790	23501	82	96	83	115	31	50	63	45	41	39	25	72	2	4	3	2	4	4	2	1	7264
*	5p	-	10	7062	4308	4380	7741	23491	83	67	76	92	29	46	32	35	38	36	30	54	6	2	1	4	7	9	1	4	7105
*	5p	-	11	6917	4968	4523	7085	23493	80	94	88	104	44	41	55	45	33	42	32	73	4	10	2	1	4	8	3	4	6969
*	5p	-	12	6655	5761	4493	6580	23489	97	70	113	105	47	35	293	60	46	63	25	61	5	16	6	0	6	6	5	7	6859
*	5p	-	13	6742	5416	4396	6931	23485	97	100	84	92	31	46	48	47	40	33	21	61	10	9	8	1	7	9	5	7	6723
*	5p	-	14	6830	5260	4573	6827	23490	92	98	93	71	26	36	28	46	36	45	32	54	12	8	5	5	6	11	2	4	6616
*	5p	-	15	7356	4795	4261	7072	23484	79	101	94	86	25	42	29	37	37	44	28	62	13	6	1	5	8	10	9	2	6533
*	5p	-	16	7305	4827	4425	6923	23480	86	86	93	80	43	50	182	50	33	56	19	71	10	20	7	3	11	10	9	2	6412
*	5p	-	17	7243	4760	4458	7013	23474	99	92	79	124	35	40	29	45	29	61	25	71	16	15	9	2	17	16	4	2	6323
*	5p	-	18	6651	4755	5054	7010	23470	108	116	92	81	49	46	19	52	41	41	22	57	16	12	5	6	17	12	5	9	6215
*	5p	-	19	6700	4828	4395	7542	23465	82	72	107	72	31	37	25	47	39	42	27	60	12	19	8	10	20	12	10	6	6137
*	5p	-	20	6319	4659	4847	6455	22280	99	111	97	96	53	49	27	59	33	66	46	68	22	15	7	8	12	22	6	5	6051
*	5p	-	21	6241	4473	4187	6884	21785	99	96	104	102	42	45	48	55	40	72	93	51	18	17	6	8	13	16	6	4	5952
*	5p	-	22	6197	4755	4121	6515	21588	86	91	96	83	44	53	80	49	36	65	23	72	31	20	8	12	12	16	5	7	5866
*	5p	-	23	6183	4506	4175	6595	21459	96	100	99	103	38	46	28	52	45	62	46	76	25	20	19	11	14	18	15	5	5769
*	5p	-	24	6232	4339	4676	6167	21414	79	82	96	84	35	49	24	51	34	53	17	76	16	28	12	11	22	13	5	10	5671
*	5p	-	25	5978	4563	4581	6196	21318	105	108	84	84	35	45	30	50	36	54	31	67	29	24	9	15	16	18	12	5	5581
*	5p	-	26	6480	4432	4069	6245	21226	117	93	82	99	43	47	28	49	30	50	27	68	27	28	10	11	23	21	4	11	5479
*	5p	-	27	6504	4259	4192	6225	21180	94	86	100	100	33	45	30	41	38	47	38	72	20	19	15	7	20	29	7	10	5388
*	5p	-	28	6016	4877	4221	6013	21127	102	83	86	103	37	36	32	46	51	48	32	55	22	23	6	16	22	24	9	7	5292
*	5p	-	29	6197	4418	4322	6144	21081	115	102	80	97	36	45	20	42	32	65	22	68	19	26	16	13	27	20	11	11	5207
*	5p	-	30	6058	4242	4294	6438	21032	91	90	83	85	35	47	25	48	50	38	33	63	26	25	12	19	26	19	14	7	5094
*	5p	-	31	6107	4888	3845	6074	20914	93	95	82	106	131	48	22	56	34	42	23	83	26	31	8	12	28	20	9	8	5015
*	5p	-	32	6555	4260	3974	6023	20812	86	77	88	108	42	46	30	43	32	59	35	73	24	29	11	13	24	25	10	12	4938
*	5p	-	33	6550	4470	3779	5906	20705	112	91	99	99	46	41	25	50	48	48	28	64	25	24	20	10	24	24	10	8	4862
*	5p	-	34	6554	4110	3895	6030	20589	82	96	96	102	37	50	19	85	31	52	37	72	19	34	14	16	26	20	7	8	4781
*	5p	-	35	6482	4233	3793	5937	20445	108	84	91	70	37	46	25	67	48	55	30	62	31	29	16	17	23	25	12	7	4718
*	5p	-	36	5681	4315	3918	6348	20262	101	95	96	95	33	36	26	54	33	62	17	71	32	28	17	15	23	30	13	7	4647
*	5p	-	37	5958	4682	3842	5626	20108	100	95	188	91	41	49	34	49	38	46	30	57	20	26	19	23	30	23	9	13	4573
*	5p	-	38	5653	3964	4032	6262	19911	102	83	88	93	52	35	25	54	33	50	48	60	29	34	15	18	27	19	20	7	4501
*	5p	-	39	5675	4210	3714	6120	19719	89	98	90	110	38	53	28	38	43	55	25	68	29	39	13	15	25	28	8	11	4418
*	5p	-	40	5802	3879	3831	6044	19556	102	71	94	75	45	27	23	41	35	49	30	76	26	29	19	16	26	26	11	10	4354
*	5p	-	41	5424	4171	4188	5503	19286	96	82	91	88	33	45	20	61	49	55	31	73	36	28	15	17	25	27	10	6	4284
*	5p	-	42	5483	4114	3732	5630	18959	98	93	80	110	46	42	19	39	44	59	32	51	33	31	12	15	24	18	15	9	4219
*	5p	-	43	5731	3904	3544	5542	18721	67	88	88	83	31	44	19	53	33	61	26	48	26	29	15	17	24	17	14	6	4157
*	5p	-	44	5359	4038	3544	5524	18465	88	91	87	134	33	37	20	61	49	43	28	45	34	22	16	9	33	18	12	8	4091
*	5p	-	45	5362	3641	3426	5750	18179	79	77	98	91	21	43	30	40	32	53	38	68	21	27	17	11	26	25	11	6	4015
*	5p	-	46	5320	3419	3627	5539	17905	83	88	96	86	42	36	32	54	36	56	25	60	24	28	18	19	21	23	9	10	3937
*	5p	-	47	5092	3315	3498	5683	17588	110	88	91	72	26	39	13	53	37	44	23	59	36	36	10	9	17	21	13	6	3876
*	5p	-	48	4854	3428	3960	5102	17344	108	84	90	101	36	40	24	56	39	40	24	67	27	21	15	12	12	33	9	9	3812
*	5p	-	49	5491	3222	3397	4976	17086	107	73	223	92	40	37	24	51	38	45	25	72	14	32	25	11	16	29	7	14	3745
*	5p	-	50	4924	3212	3366	5369	16871	91	81	73	101	31	41	23	52	37	53	24	63	31	36	10	10	23	26	9	3	3692
*	5p	-	51	4993	3240	3474	4967	16674	85	90	84	82	37	47	16	39	34	51	20	74	25	29	15	18	28	21	9	6	3624
*	5p	-	52	4781	3346	3492	4841	16460	92	84	72	75	23	38	28	38	36	50	74	373	30	32	10	11	31	18	16	10	3566
*	5p	-	53	4812	3121	3152	5186	16271	78	70	85	80	32	45	18	46	42	45	13	48	35	24	14	20	24	20	8	10	3517
*	5p	-	54	4658	3100	3210	5079	16047	94	69	61	75	38	31	17	45	38	49	19	53	28	24	12	18	17	30	8	15	3467
*	5p	-	55	4769	3017	3551	4499	15836	96	71	80	65	20	25	24	42	33	58	15	61	28	28	17	17	20	23	10	5	3406
*	5p	-	56	5119	3011	2978	4486	15594	86	78	69	72	28	32	19	36	27	54	18	48	28	34	19	15	18	26	13	7	3347
*	5p	-	57	5077	2923	2968	4436	15404	73	69	78	59	36	39	24	37	26	40	21	53	29	28	18	21	29	21	8	9	3302
*	5p	-	58	4926	2874	3010	4382	15192	79	66	70	58	33	48	24	45	22	38	18	50	33	21	18	13	20	23	9	8	3255
*	5p	-	59	4440	3150	2914	4433	14937	79	80	58	70	26	28	22	49	39	42	15	43	24	26	17	18	17	22	8	11	3207
*	5p	-	60	4315	2788	3212	4410	14725	94	71	66	61	23	26	19	51	29	36	26	44	27	27	16	18	21	14	7	11	3155
*	5p	-	61	4240	2829	2773	4635	14477	85	61	62	71	30	43	22	45	40	40	19	37	18	31	13	13	19	23	9	5	3105
*	5p	-	62	4242	2726	3050	4232	14250	68	66	56	69	34	22	21	43	32	40	14	39	33	30	13	15	21	23	10	6	3055
*	5p	-	63	4265	2666	2702	4347	13980	72	62	84	77	25	29	14	36	26	30	12	43	43	19	15	18	23	26	6	8	3006
*	5p	-	64	3933	2810	2663	4331	13737	76	58	68	63	29	23	24	31	24	45	23	43	29	23	8	14	27	33	7	3	2952
*	5p	-	65	3978	2536	2626	4378	13518	81	59	69	43	24	19	13	35	41	35	15	36	22	24	16	7	14	32	7	7	2906
*	5p	-	66	3771	2518	2629	4369	13287	74	63	68	66	20	30	17	44	31	42	17	36	20	26	14	10	17	24	10	13	2848
*	5p	-	67	3660	2461	2986	3938	13045	90	48	53	61	22	29	16	30	28	32	19	88	27	22	13	15	19	19	9	5	2794
*	5p	-	68	3697	2803	2377	3908	12785	68	53	60	67	19	21	10	41	22	34	18	38	30	21	12	13	19	21	8	6	2754
*	5p	-	69	3722	2712	2439	3659	12532	82	62	70	56	29	31	17	44	17	33	13	42	18	21	13	11	13	20	4	8	2698
*	5p	-	70	3713	2449	2367	3721	12250	64	45	62	66	22	22	17	43	31	31	11	28	28	19	8	13	14	16	7	8	2663
