# table produced by mapDamage version 2.2.1
# using mapped file CviAPal029.merged.L103.realn.bam and reference.ssl.Cvi20k_rename.fasta as reference file
# Chr: reference from sam/bam header, End: from which termini of DNA sequences, Std: strand of reads
Chr	End	Std	Pos	A	C	G	T	Total	G>A	C>T	A>G	T>C	A>C	A>T	C>G	C>A	T>G	T>A	G>C	G>T	A>-	T>-	C>-	G>-	->A	->T	->C	->G	S
*	3p	+	1	43375	30639	42911	47319	164244	2183	458	747	541	234	271	205	243	333	279	177	259	0	0	0	0	6	5	11	5	60381
*	3p	+	2	57270	32288	27804	46898	164260	1501	374	390	426	154	173	78	290	150	274	147	193	0	1	2	0	6	5	3	3	60286
*	3p	+	3	50843	27852	37654	47913	164262	957	410	415	344	125	181	152	305	182	181	125	232	3	2	3	1	4	8	2	3	59196
*	3p	+	4	51273	26666	35796	50510	164245	773	371	392	342	118	166	94	235	159	192	109	210	8	8	10	8	9	10	6	8	57798
*	3p	+	5	51135	28565	33188	51320	164208	626	383	361	319	144	185	99	225	132	155	114	209	18	13	13	10	16	21	23	10	56244
*	3p	+	6	49526	32590	30031	52060	164207	927	706	599	598	260	342	181	473	242	385	234	424	12	16	21	13	19	22	17	13	54547
*	3p	+	7	56806	30287	31162	45936	164191	1012	611	627	514	241	301	204	431	246	424	258	365	17	42	11	15	26	21	28	10	53534
*	3p	+	8	53786	29814	34210	46391	164201	943	544	654	549	234	295	170	418	312	415	253	373	19	29	6	17	20	25	12	19	52452
*	3p	+	9	56418	28363	33476	45878	164135	988	553	623	634	200	298	195	493	273	383	309	376	38	42	24	29	64	38	23	18	51358
*	3p	+	10	54420	30248	30404	49027	164099	859	609	579	524	259	293	166	435	290	375	243	390	48	32	31	33	61	59	33	24	50281
*	3p	+	11	50350	30532	33998	49204	164084	834	648	662	672	302	310	191	480	299	394	272	439	37	44	23	36	74	58	27	36	49150
*	3p	+	12	49052	29633	36888	48469	164042	921	636	719	655	260	320	193	505	296	405	1491	401	68	68	34	36	85	77	37	39	48236
*	3p	+	13	51004	30351	34511	48139	164005	918	591	670	665	264	332	184	454	310	387	267	405	84	73	38	45	94	90	46	43	47344
*	3p	+	14	50721	30430	35049	47786	163986	860	661	639	632	248	328	176	482	279	407	212	433	84	81	31	54	111	84	42	54	46439
*	3p	+	15	51588	29774	32746	49856	163964	828	615	622	604	259	296	220	493	315	384	201	364	101	92	55	62	132	96	34	54	45541
*	3p	+	16	50425	29690	33763	50104	163982	859	604	617	656	295	341	199	435	315	401	1370	405	89	121	46	59	106	98	50	46	44656
*	3p	+	17	51244	29728	32849	50139	163960	789	616	716	620	260	345	159	435	328	375	228	368	126	121	57	65	114	109	39	58	43874
*	3p	+	18	51486	32599	32616	47217	163918	824	632	653	639	260	328	205	494	316	371	191	429	116	130	37	63	120	132	46	65	43091
*	3p	+	19	53754	30545	31837	47814	163950	755	704	583	637	285	326	208	455	286	398	152	421	114	122	63	49	121	107	43	59	42316
*	3p	+	20	46780	31047	31612	45295	154734	808	696	730	702	260	354	356	546	369	419	182	407	99	114	75	90	138	144	75	68	41562
*	3p	+	21	47957	28708	30660	43996	151321	814	743	766	738	280	405	472	446	324	405	219	438	134	135	65	74	138	142	69	73	40801
*	3p	+	22	47112	28216	31050	43501	149879	815	676	682	663	294	345	185	493	308	407	310	434	150	146	74	81	186	147	81	79	40088
*	3p	+	23	46323	29214	30731	42888	149156	899	702	672	696	261	359	227	509	288	413	195	417	156	141	69	92	185	143	78	93	39376
*	3p	+	24	44291	29580	30583	44199	148653	803	648	750	715	293	372	181	549	307	394	193	464	140	152	89	71	189	167	59	82	38672
*	3p	+	25	44560	30606	30445	42344	147955	811	670	717	643	308	351	199	523	303	441	181	460	167	148	76	86	165	145	71	84	37983
*	3p	+	26	44452	27953	30816	44049	147270	787	765	713	643	269	333	200	492	307	435	182	457	181	158	97	82	183	167	67	105	37273
*	3p	+	27	44601	28692	28795	44580	146668	793	760	763	741	309	371	202	450	352	450	180	435	193	193	93	106	243	171	64	105	36648
*	3p	+	28	43378	29094	31681	42193	146346	794	664	703	690	271	373	197	515	313	397	224	444	182	175	107	101	181	200	59	76	36012
*	3p	+	29	43702	28951	29972	43378	146003	855	732	657	663	274	334	179	488	282	391	181	394	197	191	101	94	194	157	86	93	35398
*	3p	+	30	46521	28408	28588	42121	145638	783	664	667	665	277	333	185	441	293	407	191	426	181	204	97	114	210	175	64	106	34742
*	3p	+	31	45569	27122	30749	41470	144910	812	685	660	758	283	360	185	499	538	429	197	429	196	197	118	105	175	205	70	91	34191
*	3p	+	32	42673	27416	30417	43644	144150	804	706	804	694	265	349	170	429	351	437	171	445	215	211	88	103	189	196	73	70	33540
*	3p	+	33	42864	26522	29742	44070	143198	866	702	756	715	297	315	221	447	322	426	161	421	187	199	99	121	205	179	78	88	32928
*	3p	+	34	42883	26845	27379	45087	142194	777	711	692	707	238	313	227	478	300	415	146	431	162	221	109	116	198	188	83	100	32332
*	3p	+	35	42109	26524	28469	44083	141185	803	680	659	740	287	344	178	431	321	424	170	469	185	213	107	113	227	204	72	84	31788
*	3p	+	36	44029	26576	29021	39946	139572	787	710	709	671	268	345	179	411	326	411	164	410	188	243	94	104	195	210	90	77	31214
*	3p	+	37	41510	25853	29845	41341	138549	814	675	625	1589	295	341	205	415	303	408	186	563	216	210	105	123	211	200	77	79	30694
*	3p	+	38	43461	27122	27348	39441	137372	768	699	668	626	278	300	230	449	271	420	160	451	235	211	112	117	184	212	78	84	30200
*	3p	+	39	42801	25796	28248	39551	136396	777	645	708	662	264	345	162	463	302	406	197	377	217	207	122	102	212	178	85	92	29658
*	3p	+	40	42117	25988	26834	40432	135371	754	688	624	655	260	323	165	502	289	398	153	371	210	209	132	115	216	182	75	102	29130
*	3p	+	41	39120	27726	28413	38940	134199	741	673	664	651	270	342	185	471	255	386	144	428	209	196	130	140	209	171	69	76	28566
*	3p	+	42	39612	26481	27828	38996	132917	775	704	729	634	259	310	185	427	288	397	181	429	209	242	125	134	205	193	77	97	28024
*	3p	+	43	40319	25377	26054	39947	131697	702	698	647	633	274	315	190	431	229	364	167	425	223	239	115	145	215	202	93	91	27529
*	3p	+	44	38862	25864	27258	38445	130429	736	697	855	631	245	300	184	387	248	356	191	403	230	221	134	119	207	225	82	95	27050
*	3p	+	45	40859	24811	25329	37998	128997	719	656	701	672	275	328	216	399	274	377	175	431	226	228	129	115	195	237	73	89	26530
*	3p	+	46	39397	25791	24399	37974	127561	701	687	674	641	241	317	171	422	253	354	176	426	249	225	132	133	215	205	79	82	26038
*	3p	+	47	39958	24214	24446	37455	126073	715	651	556	652	245	339	134	452	244	362	147	395	231	265	115	113	203	204	71	90	25562
*	3p	+	48	37216	26534	24380	36529	124659	724	654	581	609	230	320	205	451	274	341	173	409	232	256	128	123	201	212	61	71	25078
*	3p	+	49	36698	23500	23525	39411	123134	685	592	581	1355	279	308	174	475	253	359	174	358	242	264	128	104	203	217	76	77	24597
*	3p	+	50	38480	23001	23925	36273	121679	662	635	615	608	212	313	178	382	245	342	165	362	240	261	128	127	200	204	74	88	24117
*	3p	+	51	36976	24562	22887	35897	120322	636	649	588	583	249	273	165	466	245	344	139	397	220	255	137	122	207	198	80	82	23663
*	3p	+	52	35609	24297	23785	35127	118818	603	572	609	524	208	280	258	1753	230	330	168	399	229	229	120	102	215	206	75	79	23205
*	3p	+	53	36812	22599	22575	35358	117344	608	609	551	585	217	293	163	388	215	360	161	354	230	216	108	115	186	217	93	72	22770
*	3p	+	54	36279	22620	22060	34879	115838	628	618	526	512	249	282	174	335	217	327	157	325	217	220	107	110	215	201	92	66	22312
*	3p	+	55	33570	24716	21455	34559	114300	638	621	609	577	227	284	136	351	234	329	165	330	223	219	109	109	202	185	80	83	21850
*	3p	+	56	33545	21797	21488	35855	112685	582	611	551	597	215	293	153	313	230	348	147	346	218	197	112	126	208	189	74	80	21436
*	3p	+	57	33009	21223	21025	35728	110985	551	584	540	565	222	301	160	323	255	324	152	313	212	222	127	103	187	205	77	96	21029
*	3p	+	58	32588	20848	20913	35041	109390	633	615	542	549	220	267	146	332	235	312	144	350	234	209	98	113	202	197	88	76	20602
*	3p	+	59	32021	20999	21737	32990	107747	614	583	532	517	202	280	133	306	212	314	128	319	229	225	113	134	209	194	80	61	20167
*	3p	+	60	32516	21988	19892	31687	106083	581	568	522	530	184	258	153	320	200	319	128	335	217	228	113	124	187	182	80	71	19741
*	3p	+	61	32347	19970	20302	31607	104226	554	514	511	543	182	271	126	326	207	298	140	334	214	208	109	120	195	190	65	87	19349
*	3p	+	62	30560	21254	19197	31449	102460	502	542	524	506	195	286	130	313	207	314	148	298	197	202	114	117	184	211	54	80	18923
*	3p	+	63	31422	19644	18962	30663	100691	523	554	512	484	176	259	127	285	178	267	136	346	202	217	115	100	190	176	68	77	18525
*	3p	+	64	30504	19119	19611	29697	98931	513	564	473	475	199	245	132	318	202	262	137	292	196	187	106	98	190	184	61	65	18108
*	3p	+	65	30987	18838	18094	29149	97068	471	506	459	512	169	257	146	294	195	260	105	318	210	190	87	90	168	151	88	70	17717
*	3p	+	66	30295	18612	18127	28253	95287	485	501	461	467	183	259	104	299	194	273	109	294	190	177	107	89	154	155	81	67	17299
*	3p	+	67	28944	19243	17566	27752	93505	510	481	420	477	186	269	108	329	173	234	113	314	188	187	101	84	141	174	70	55	16934
*	3p	+	68	27828	17518	18415	27817	91578	498	517	453	484	187	230	106	258	159	248	115	290	176	178	79	98	156	143	65	69	16507
*	3p	+	69	27330	17598	17947	26839	89714	477	480	437	442	153	219	110	268	206	250	117	303	168	186	92	101	166	148	72	71	16118
*	3p	+	70	26856	17135	16924	26899	87814	447	481	460	410	169	215	114	230	172	252	122	296	179	190	94	90	142	173	59	74	15693
*	3p	-	1	38378	29003	37633	43276	148290	2163	395	676	493	207	260	191	215	269	212	161	247	0	0	0	0	8	9	6	6	53209
*	3p	-	2	50693	27571	24371	45678	148313	1534	338	338	464	153	151	82	243	140	231	104	177	4	12	3	0	4	8	0	3	53152
*	3p	-	3	45504	27052	29647	46111	148314	962	343	379	310	114	153	99	261	133	150	88	201	4	7	2	1	3	6	0	3	52135
*	3p	-	4	45445	26337	28274	48172	148228	794	327	350	284	88	158	97	218	141	165	78	226	22	49	14	9	38	38	9	14	50818
*	3p	-	5	44267	27546	27296	49091	148200	555	341	329	307	129	154	114	209	137	149	75	206	35	41	16	12	49	49	12	18	49472
*	3p	-	6	44004	28160	26052	49972	148188	834	638	530	611	241	322	159	385	301	366	163	366	51	33	15	13	51	54	22	15	47916
*	3p	-	7	47678	27859	28139	44497	148173	907	544	529	469	211	295	152	421	253	337	153	383	44	30	24	17	72	51	17	16	47074
*	3p	-	8	46893	27538	28800	44948	148179	915	527	530	445	215	275	184	399	243	383	138	328	50	48	21	16	52	60	23	15	46154
*	3p	-	9	48669	27276	28480	43672	148097	841	472	515	514	221	263	190	405	269	374	178	401	72	71	26	31	87	80	38	28	45294
*	3p	-	10	45840	28192	26608	47438	148078	746	587	525	534	231	288	150	413	260	359	188	323	86	90	31	21	80	107	32	29	44380
*	3p	-	11	42616	30031	29299	46111	148057	845	568	625	623	260	276	207	432	263	410	187	407	74	78	52	40	94	104	38	33	43480
*	3p	-	12	43372	29660	29412	45626	148070	795	622	643	656	228	300	225	413	298	394	166	379	97	99	45	49	105	82	36	35	42779
*	3p	-	13	44933	29081	28121	45869	148004	785	588	618	615	278	289	156	436	277	375	168	380	114	111	39	29	111	138	42	31	41987
*	3p	-	14	45049	28104	28437	46413	148003	751	629	581	595	381	309	148	444	302	430	169	393	92	105	45	60	125	125	34	37	41252
*	3p	-	15	44395	29085	28872	45611	147963	780	568	604	589	277	281	183	424	287	380	150	374	114	128	61	52	121	133	55	54	40481
*	3p	-	16	44267	29727	28304	45616	147914	761	626	628	627	272	317	181	452	256	405	158	368	114	136	65	66	139	176	54	41	39756
*	3p	-	17	44311	28603	28264	46757	147935	707	587	612	597	286	291	161	414	280	337	249	387	119	138	79	68	152	129	54	57	39069
*	3p	-	18	43662	29191	28426	46638	147917	778	567	566	638	194	311	161	380	267	398	153	409	122	141	58	87	145	137	76	50	38406
*	3p	-	19	43842	29545	28775	45752	147914	693	593	525	598	241	275	165	412	266	390	144	413	142	143	88	87	138	127	80	69	37747
*	3p	-	20	40990	27788	26968	43076	138822	731	625	662	653	262	347	197	398	304	437	180	390	160	149	91	87	137	145	60	60	37127
*	3p	-	21	40018	26952	26324	42058	135352	745	629	659	692	245	318	200	412	306	399	192	410	167	137	94	98	159	144	58	50	36466
*	3p	-	22	39672	27044	26134	41163	134013	758	671	614	673	275	305	186	398	293	385	190	412	186	148	95	95	164	132	59	45	35905
*	3p	-	23	39370	27043	25783	41010	133206	718	679	710	637	259	367	169	416	262	410	183	431	165	162	88	90	154	161	79	64	35325
*	3p	-	24	39064	27248	25587	40808	132707	735	648	632	633	235	361	191	421	318	366	188	436	189	155	107	86	159	176	65	59	34730
*	3p	-	25	39010	26487	25536	40980	132013	724	639	676	649	237	326	184	402	280	371	188	466	191	165	94	86	182	141	68	64	34175
*	3p	-	26	39058	26005	25449	40815	131327	693	608	629	625	250	313	163	406	287	387	166	443	184	178	94	101	195	167	63	52	33663
*	3p	-	27	38618	26885	25323	39901	130727	784	596	698	649	238	302	219	405	274	405	178	367	156	195	103	94	202	180	62	65	33179
*	3p	-	28	38451	26803	25306	39765	130325	691	725	638	615	247	292	185	411	298	353	171	459	169	201	112	101	174	143	81	93	32674
*	3p	-	29	38887	25613	25051	40385	129936	713	622	570	603	265	304	171	379	281	371	172	443	199	185	110	99	202	187	63	78	32188
*	3p	-	30	38577	26297	25356	39327	129557	765	652	600	696	261	284	190	436	270	360	176	386	199	182	111	92	217	176	79	82	31711
*	3p	-	31	37808	26588	25487	38933	128816	749	654	662	622	269	343	199	416	288	400	197	411	184	178	126	104	203	173	85	71	31234
*	3p	-	32	38016	25796	25155	39093	128060	660	580	649	609	248	305	184	461	262	376	169	403	193	199	100	116	192	170	75	89	30736
*	3p	-	33	37433	25458	25242	39129	127262	792	614	631	572	251	312	209	407	274	395	215	470	202	209	124	88	188	169	95	63	30217
*	3p	-	34	37186	25757	25091	38437	126471	712	652	630	607	251	300	178	412	247	360	211	422	204	232	94	108	172	175	81	80	29764
*	3p	-	35	37817	24850	24760	38125	125552	666	605	594	557	258	298	154	409	269	375	201	456	226	209	133	84	198	179	62	82	29303
*	3p	-	36	37217	25340	24643	37074	124274	706	635	609	608	247	302	184	370	267	354	154	436	207	187	127	102	184	185	80	68	28820
*	3p	-	37	37361	24904	24223	36835	123323	695	634	644	648	249	341	194	398	287	366	168	436	214	178	98	102	181	202	78	90	28343
*	3p	-	38	36688	24658	23983	37046	122375	679	642	626	599	238	326	164	372	257	362	165	424	213	193	97	92	205	196	54	93	27876
*	3p	-	39	36670	24639	23762	36473	121544	649	664	632	555	230	307	222	403	243	323	166	389	184	217	102	85	198	179	81	82	27457
*	3p	-	40	35726	24846	23689	36364	120625	655	594	597	624	226	288	190	388	259	380	190	382	192	222	101	103	206	201	65	71	27010
*	3p	-	41	36091	23754	23423	36257	119525	709	586	603	634	229	278	171	376	243	391	152	383	200	198	112	116	212	192	78	59	26561
*	3p	-	42	35474	24201	23416	35223	118314	702	646	603	620	249	293	179	367	253	340	156	402	215	206	101	97	167	212	63	70	26157
*	3p	-	43	35062	23431	23388	35412	117293	711	605	562	570	232	312	168	365	229	325	154	419	203	201	105	116	180	186	82	65	25745
*	3p	-	44	34788	23382	22866	35087	116123	615	587	604	594	218	321	186	380	259	326	162	388	197	209	122	114	198	194	80	58	25324
*	3p	-	45	34950	23033	22623	34166	114772	620	645	601	573	254	272	156	395	232	316	178	360	201	216	125	118	205	191	75	69	24879
*	3p	-	46	34029	22796	22391	34211	113427	643	574	624	565	241	275	169	395	230	358	142	400	216	197	106	102	194	198	85	77	24440
*	3p	-	47	33727	22456	22148	33827	112158	609	596	598	533	242	302	172	357	206	363	159	399	173	208	116	95	191	180	86	67	24053
*	3p	-	48	33257	22219	21763	33574	110813	572	555	552	566	224	283	180	349	233	317	170	352	188	205	103	102	189	175	73	80	23614
*	3p	-	49	33008	22039	21504	32940	109491	644	608	564	571	193	278	146	327	244	355	125	373	175	180	128	86	164	190	83	68	23190
*	3p	-	50	32521	21344	21555	32698	108118	605	605	571	543	227	278	159	345	236	325	152	366	184	183	88	100	163	223	77	58	22778
*	3p	-	51	32051	21236	20882	32660	106829	540	564	561	495	225	239	165	323	222	276	148	343	169	166	127	92	159	196	71	65	22351
*	3p	-	52	31739	21255	20703	31809	105506	591	545	538	510	207	235	169	352	214	310	132	346	195	169	120	101	158	190	72	76	21916
*	3p	-	53	31384	20922	20454	31376	104136	532	543	512	521	213	235	169	330	208	292	148	320	191	165	100	104	174	161	81	62	21527
*	3p	-	54	30861	20557	20282	31076	102776	546	532	518	543	205	273	167	330	251	289	147	327	201	190	98	114	148	194	60	64	21130
*	3p	-	55	30309	20621	19716	30670	101316	527	530	570	483	188	241	142	314	205	318	120	316	189	198	93	109	173	166	70	64	20722
*	3p	-	56	30051	20005	19574	30263	99893	547	532	501	501	198	248	187	304	204	281	134	299	186	175	103	110	163	155	62	64	20350
*	3p	-	57	29649	19669	19540	29610	98468	514	477	519	503	157	268	174	286	210	269	115	322	171	164	110	108	176	146	70	57	19933
*	3p	-	58	29377	19581	18559	29433	96950	509	527	460	474	207	244	156	309	224	291	130	310	168	183	95	73	171	150	69	53	19530
*	3p	-	59	28795	19083	18666	28891	95435	515	525	471	470	206	238	165	311	205	288	129	324	162	165	87	94	166	154	83	61	19120
*	3p	-	60	28170	18805	18430	28560	93965	558	489	450	460	207	222	149	291	184	254	102	273	154	203	87	89	165	161	54	53	18723
*	3p	-	61	27902	18334	18076	28117	92429	476	494	463	454	162	229	146	284	183	287	138	271	175	168	94	85	150	164	65	57	18369
*	3p	-	62	27529	18057	17600	27646	90832	494	464	431	423	213	210	169	252	172	279	117	294	170	167	114	80	151	147	58	61	18009
*	3p	-	63	27002	17882	17193	27118	89195	489	470	460	446	165	216	134	272	165	282	129	278	169	181	77	89	142	144	65	45	17617
*	3p	-	64	26665	17254	17081	26602	87602	475	492	464	422	179	218	134	283	186	274	134	289	155	159	76	63	156	165	63	47	17245
*	3p	-	65	26238	17040	16812	25838	85928	446	482	415	435	142	216	148	260	171	248	116	326	152	140	77	75	157	154	59	65	16910
*	3p	-	66	25449	16852	16381	25570	84252	448	473	397	431	172	213	154	264	152	242	125	247	155	147	81	75	148	142	49	66	16530
*	3p	-	67	24957	16444	15896	25260	82557	454	446	398	383	190	210	130	248	142	242	93	293	169	135	79	71	140	149	52	50	16167
*	3p	-	68	24320	16337	15590	24635	80882	416	436	383	444	191	218	120	223	185	254	87	241	131	152	82	81	138	147	53	54	15810
*	3p	-	69	24157	15707	15562	23800	79226	440	419	384	386	141	191	132	253	164	229	113	276	146	162	81	64	127	148	62	32	15426
*	3p	-	70	23537	15460	14950	23600	77547	416	402	389	364	149	177	106	244	174	218	114	269	144	156	76	72	121	143	56	40	15015
*	5p	+	1	46857	43115	34170	40116	164258	549	557	635	879	350	205	189	431	297	322	229	208	0	0	0	0	5	6	4	3	50672
*	5p	+	2	51414	25993	30641	56218	164266	454	808	547	402	157	249	133	225	177	209	85	250	13	5	3	7	3	3	0	0	50584
*	5p	+	3	51127	32910	29948	50295	164280	409	531	384	461	178	173	98	277	127	197	140	337	0	5	4	2	2	0	0	0	49608
*	5p	+	4	53924	31171	29160	49918	164173	444	479	362	399	181	170	111	316	125	224	107	290	39	19	11	15	40	39	10	17	48418
*	5p	+	5	55290	30043	30713	48101	164147	440	478	399	419	163	173	125	242	132	211	132	308	57	50	19	16	52	45	14	24	47074
*	5p	+	6	56256	28389	31231	48249	164125	724	656	670	644	240	276	199	437	268	403	151	434	54	50	15	19	56	68	18	15	45546
*	5p	+	7	49702	30330	30619	53439	164090	639	737	588	609	218	349	162	399	213	331	135	463	41	63	21	31	74	79	20	19	44692
*	5p	+	8	49446	31946	30921	51754	164067	629	723	578	653	234	346	156	411	262	364	218	462	61	60	18	30	83	90	18	22	43823
*	5p	+	9	48029	31836	29597	54552	164014	595	733	629	626	238	333	241	403	241	357	211	442	71	74	34	34	94	111	23	37	42829
*	5p	+	10	53203	28832	31165	50777	163977	658	693	645	599	229	322	162	410	272	327	177	442	86	80	36	42	136	104	30	31	41863
*	5p	+	11	51272	32939	33320	46452	163983	674	686	691	716	263	312	196	426	304	380	211	408	83	100	40	53	110	98	49	39	40893
*	5p	+	12	50141	32707	33374	47766	163988	726	641	689	762	306	312	210	424	254	362	403	440	93	100	41	47	94	122	38	37	40172
*	5p	+	13	51131	31101	32595	49105	163932	672	703	667	677	244	313	171	438	279	334	187	461	111	120	66	49	152	117	40	39	39332
*	5p	+	14	51835	31366	30697	50017	163915	633	633	652	636	267	344	185	416	467	375	170	431	103	106	60	65	145	137	43	40	38581
*	5p	+	15	50660	32154	32436	48656	163906	652	671	752	682	252	330	178	406	347	316	183	428	129	123	57	68	122	122	52	74	37794
*	5p	+	16	50290	31201	32764	49639	163894	661	741	650	685	236	305	180	439	315	382	169	445	141	126	52	58	115	138	61	63	37052
*	5p	+	17	52112	31417	31795	48495	163819	655	747	710	709	263	320	457	418	423	363	175	407	144	137	65	72	159	150	80	71	36410
*	5p	+	18	51653	31987	31825	48356	163821	667	846	733	676	250	292	182	488	244	378	148	411	150	146	83	75	155	145	74	83	35758
*	5p	+	19	51375	31246	32492	48729	163842	688	637	625	714	234	320	170	474	278	357	179	446	171	165	80	99	169	132	66	72	35125
*	5p	+	20	47978	30071	30988	45688	154725	699	712	709	697	316	321	176	476	291	386	205	437	203	161	104	89	152	132	64	89	34446
*	5p	+	21	47616	29140	29910	44576	151242	770	738	842	739	272	328	217	432	285	406	211	445	196	186	75	90	174	169	77	84	33863
*	5p	+	22	46930	28871	30016	44041	149858	728	751	808	678	310	328	211	469	258	400	195	401	174	188	98	96	177	191	72	76	33273
*	5p	+	23	46378	28526	29788	44436	149128	726	750	696	810	285	366	195	422	276	387	192	462	156	208	93	95	200	178	76	70	32648
*	5p	+	24	45498	28604	30863	43623	148588	775	744	695	744	311	319	156	438	297	379	199	448	167	185	102	92	199	188	81	95	32063
*	5p	+	25	46319	28250	29349	43928	147846	712	725	751	722	253	358	292	466	298	398	237	454	170	211	102	120	207	207	77	84	31478
*	5p	+	26	45948	28645	29603	43006	147202	721	713	662	717	275	323	193	487	293	410	173	475	196	216	103	99	210	190	97	94	30938
*	5p	+	27	45436	28404	29875	42963	146678	754	704	712	789	286	348	205	448	293	402	211	504	209	208	117	100	194	217	77	84	30440
*	5p	+	28	44939	28198	29915	43265	146317	791	711	667	713	274	330	180	506	291	397	219	446	211	197	126	133	194	182	73	92	29978
*	5p	+	29	45852	28256	28772	43102	145982	733	708	664	728	257	337	182	476	296	385	207	405	229	216	134	104	185	198	86	81	29469
*	5p	+	30	44851	28011	29698	43089	145649	763	731	772	730	259	341	205	472	299	407	216	476	230	207	121	117	180	213	79	71	28997
*	5p	+	31	44072	28630	29771	42406	144879	742	724	702	741	243	354	219	453	278	378	230	492	219	197	112	135	195	207	85	82	28505
*	5p	+	32	44759	28308	28559	42476	144102	710	759	727	722	258	305	191	498	292	405	218	459	234	207	134	113	191	205	88	87	28000
*	5p	+	33	44254	28353	28590	41969	143166	744	728	684	783	298	322	281	480	337	393	212	396	226	201	116	123	213	216	75	76	27553
*	5p	+	34	44051	27738	29307	41053	142149	708	716	684	739	279	348	249	467	287	396	207	448	209	221	127	124	211	208	102	90	27119
*	5p	+	35	43309	27969	27695	42197	141170	683	674	650	799	231	324	184	391	302	402	202	420	221	208	118	126	227	205	79	93	26689
*	5p	+	36	41299	27962	28316	41961	139538	762	653	676	691	272	336	191	433	277	404	197	453	219	227	118	130	215	217	91	81	26238
*	5p	+	37	41699	27544	27673	41572	138488	701	722	692	688	238	318	194	471	311	398	240	422	222	255	115	122	240	200	97	90	25805
*	5p	+	38	41760	26760	27534	41255	137309	770	691	632	710	280	330	213	449	304	402	261	394	219	251	104	113	210	213	99	99	25361
*	5p	+	39	40776	27411	27611	40587	136385	720	706	638	712	271	303	195	557	267	422	215	426	202	235	124	115	205	191	92	89	24952
*	5p	+	40	41082	26576	28031	39668	135357	768	747	664	690	262	338	180	463	262	400	240	428	206	219	112	106	210	196	90	89	24543
*	5p	+	41	41267	26704	26122	40001	134094	712	659	612	699	258	319	202	482	292	398	187	387	223	236	122	118	241	216	84	89	24150
*	5p	+	42	39996	26046	27071	39760	132873	779	709	691	713	234	294	184	457	254	396	166	386	213	244	120	101	231	199	83	103	23739
*	5p	+	43	39366	26669	26208	39445	131688	716	699	598	658	252	317	175	613	299	416	210	418	212	235	120	117	228	218	89	75	23342
*	5p	+	44	39861	25905	25736	38917	130419	734	649	678	743	266	329	135	447	254	340	220	352	242	227	111	116	238	209	89	79	22963
*	5p	+	45	39098	25355	25839	38694	128986	785	642	646	670	257	322	171	410	272	379	227	450	227	210	104	111	224	204	88	88	22557
*	5p	+	46	38851	25357	25626	37694	127528	766	657	614	787	249	337	172	401	281	370	207	396	219	217	127	113	232	211	86	85	22184
*	5p	+	47	38498	24856	24987	37708	126049	739	610	622	671	233	321	188	519	249	350	207	411	222	249	120	123	220	214	68	90	21810
*	5p	+	48	37313	24756	25115	37429	124613	725	629	610	656	231	274	161	418	262	405	246	401	238	228	104	103	227	199	81	88	21468
*	5p	+	49	37559	23892	24833	36793	123077	693	628	618	655	238	324	161	375	236	331	236	382	233	229	105	106	242	191	97	102	21107
*	5p	+	50	36895	24389	23923	36452	121659	747	632	570	639	260	345	150	388	237	322	212	392	229	244	94	107	227	208	84	69	20756
*	5p	+	51	36751	23467	24144	35954	120316	718	584	554	595	238	283	157	402	277	340	223	339	200	204	105	110	214	223	78	58	20422
*	5p	+	52	35982	23423	23632	35776	118813	666	611	542	537	265	285	154	365	246	355	189	379	210	215	100	115	217	196	78	89	20082
*	5p	+	53	35963	22936	23470	34985	117354	642	574	573	599	224	309	148	363	219	330	198	384	188	229	112	107	197	187	77	95	19744
*	5p	+	54	35601	22586	22875	34806	115868	710	550	588	608	225	299	132	382	267	305	221	359	197	212	113	118	200	180	70	92	19425
*	5p	+	55	34369	22395	23453	34120	114337	684	602	526	615	216	293	161	371	237	279	216	360	182	194	115	107	180	184	75	75	19108
*	5p	+	56	34571	21922	22133	34108	112734	689	562	527	579	218	278	132	356	224	322	230	336	219	188	106	93	187	164	76	77	18777
*	5p	+	57	33546	21460	22252	33808	111066	696	543	513	737	233	283	145	357	259	331	198	299	188	195	100	106	182	191	52	59	18487
*	5p	+	58	33241	21227	22004	32974	109446	671	599	547	524	204	264	149	378	221	311	207	310	196	193	108	83	177	170	69	89	18181
*	5p	+	59	32708	21185	20974	32926	107793	648	535	510	505	184	236	135	349	220	321	252	297	173	203	122	92	183	194	60	62	17871
*	5p	+	60	32485	20488	20865	32299	106137	625	525	520	498	204	256	136	328	198	300	210	291	204	166	105	97	166	175	70	56	17561
*	5p	+	61	31936	20221	20473	31662	104292	640	499	499	507	182	249	144	327	242	308	186	299	178	201	93	106	147	183	65	77	17249
*	5p	+	62	30892	20055	20638	30931	102516	622	524	502	492	186	273	130	307	235	284	194	297	195	191	104	137	170	151	67	81	16931
*	5p	+	63	30571	19687	20040	30472	100770	614	515	491	456	179	264	159	299	213	313	166	316	198	211	95	101	147	172	57	56	16649
*	5p	+	64	30269	19555	19493	29702	99019	598	516	465	474	211	272	168	353	204	267	144	321	172	175	96	97	152	152	49	60	16369
*	5p	+	65	29427	19079	19100	29521	97127	598	470	490	458	200	237	168	444	211	290	186	287	173	181	78	102	139	170	58	55	16088
*	5p	+	66	28726	18900	18739	28957	95322	615	482	456	451	160	229	129	293	208	301	187	274	170	186	86	94	144	168	53	61	15815
*	5p	+	67	28448	18180	18569	28339	93536	601	478	475	486	190	224	140	287	201	267	170	247	153	181	84	101	125	152	56	78	15545
*	5p	+	68	27833	17655	18245	27865	91598	598	429	397	467	170	252	122	280	189	279	171	283	169	187	86	81	172	142	54	46	15285
*	5p	+	69	27210	17630	17666	27248	89754	565	469	489	412	186	221	120	293	196	282	190	227	163	176	83	81	151	145	59	64	15010
*	5p	+	70	26895	16902	17512	26519	87828	648	417	445	417	167	229	127	270	177	253	155	252	148	145	88	81	158	155	59	62	14728
*	5p	-	1	41640	39900	29233	37520	148293	431	542	533	745	321	203	187	334	249	270	248	205	0	0	0	0	6	6	6	11	48357
*	5p	-	2	42828	24839	28434	52186	148287	385	766	466	320	172	240	132	222	160	204	80	259	1	0	0	0	7	9	4	6	48251
*	5p	-	3	43545	33070	25157	46528	148300	395	544	302	384	184	188	108	243	132	200	121	316	2	0	1	0	11	5	7	0	47348
*	5p	-	4	46671	31058	24319	46225	148273	374	502	297	379	154	152	94	248	120	195	93	215	2	7	8	12	7	18	13	11	46240
*	5p	-	5	47205	29481	26442	45132	148260	424	395	314	362	149	177	116	207	123	203	86	249	7	14	9	10	18	12	12	24	44976
*	5p	-	6	48218	27020	28582	44434	148254	622	640	573	500	206	292	208	347	220	338	164	405	12	19	10	10	20	19	19	14	43507
*	5p	-	7	41988	28231	26443	51581	148243	565	634	473	577	209	277	189	304	222	290	150	412	23	13	16	14	18	30	14	21	42610
*	5p	-	8	42219	30556	26723	48734	148232	522	631	501	612	222	322	175	353	245	279	172	389	13	34	17	11	31	32	17	14	41724
*	5p	-	9	40922	30605	25717	50937	148181	497	705	515	577	214	268	230	306	202	337	179	379	33	43	34	25	37	63	23	22	40841
*	5p	-	10	45123	27375	27059	48601	148158	600	656	506	536	195	270	171	324	211	348	142	390	41	39	29	33	57	56	19	35	39892
*	5p	-	11	44264	30963	28232	44677	148136	584	615	627	681	245	285	216	348	276	357	149	393	42	52	36	21	56	79	32	22	38969
*	5p	-	12	43364	32764	27350	44623	148101	581	671	594	643	262	277	783	345	219	318	174	397	67	62	34	28	72	78	47	30	38267
*	5p	-	13	43776	30633	27403	46287	148099	620	655	587	642	209	261	173	322	260	302	148	368	81	82	43	30	84	83	33	30	37520
*	5p	-	14	43281	30947	27565	46285	148078	667	724	580	626	231	273	163	358	218	325	134	394	93	75	39	33	80	90	37	45	36827
*	5p	-	15	44336	30392	27184	46155	148067	620	682	574	560	217	263	170	401	241	350	199	417	81	78	48	47	93	90	48	32	36128
*	5p	-	16	45022	30123	27107	45750	148002	601	645	602	555	246	306	803	400	236	313	162	387	79	99	59	48	96	113	61	50	35444
*	5p	-	17	45146	30230	27176	45436	147988	556	641	577	619	262	272	184	322	228	318	193	390	112	102	49	44	112	120	50	59	34794
*	5p	-	18	43569	29560	28740	46117	147986	585	644	574	606	218	283	160	361	283	390	175	410	104	96	68	42	103	137	71	32	34222
*	5p	-	19	43666	29338	27588	47396	147988	626	664	566	568	224	292	167	343	212	357	170	374	119	98	46	50	122	130	44	45	33615
*	5p	-	20	41157	28676	27209	41825	138867	654	674	643	666	273	330	171	386	269	375	237	485	115	115	73	57	131	122	55	49	33006
*	5p	-	21	39708	28223	25536	41889	135356	660	662	659	679	277	332	210	388	266	395	243	406	121	112	63	66	132	132	77	65	32424
*	5p	-	22	39293	27380	25200	42115	133988	645	651	640	660	235	305	252	388	290	397	172	416	137	140	68	79	146	150	75	54	31840
*	5p	-	23	38998	27549	25741	40915	133203	620	642	621	604	255	365	158	398	239	357	183	436	131	134	100	72	153	150	85	69	31220
*	5p	-	24	39332	27441	26017	39895	132685	649	721	649	697	252	302	155	362	220	389	176	381	146	148	74	84	163	162	91	63	30691
*	5p	-	25	38148	27552	26384	39912	131996	701	696	639	636	222	308	173	386	239	341	180	433	141	166	98	83	164	148	85	76	30113
*	5p	-	26	38732	27501	25316	39760	131309	742	669	616	592	245	331	185	411	281	392	190	456	158	156	102	81	175	169	93	61	29523
*	5p	-	27	39506	26218	25476	39493	130693	685	664	648	671	240	310	188	346	287	355	145	442	162	186	98	87	167	217	87	73	28995
*	5p	-	28	37847	27890	25346	39218	130301	607	663	590	630	221	299	219	357	262	400	135	401	171	171	129	70	165	200	81	71	28484
*	5p	-	29	38784	26924	25221	39022	129951	676	601	613	665	251	299	183	359	219	354	156	387	171	188	91	106	158	177	87	92	27989
*	5p	-	30	37965	25817	25288	40545	129615	654	637	601	657	228	320	153	351	261	387	177	398	185	174	91	82	176	189	80	53	27481
*	5p	-	31	37627	27053	24312	39860	128852	671	667	627	649	443	317	159	396	270	368	149	380	179	193	95	94	157	185	83	74	27067
*	5p	-	32	38648	26749	24827	37876	128100	663	627	614	674	288	300	159	373	225	362	153	397	158	170	96	94	179	167	76	65	26592
*	5p	-	33	38487	26678	24086	38060	127311	667	673	640	602	238	314	155	386	306	392	169	409	160	182	119	92	173	158	76	64	26148
*	5p	-	34	38802	25231	24277	38165	126475	671	653	591	575	239	309	151	420	272	397	223	438	200	186	117	107	186	172	82	67	25675
*	5p	-	35	38521	25673	23913	37448	125555	678	625	634	629	243	308	150	376	281	359	184	393	175	214	92	91	183	186	89	62	25246
*	5p	-	36	36325	25695	24217	38053	124290	688	618	622	642	264	303	167	379	264	343	182	388	189	184	104	99	195	176	64	67	24799
*	5p	-	37	36695	26451	23228	37001	123375	635	683	1043	607	222	339	150	438	305	331	157	327	203	202	111	92	203	175	68	50	24405
*	5p	-	38	35866	24273	24280	37988	122407	690	652	588	591	223	308	142	368	280	356	195	377	200	228	118	89	182	198	64	71	24028
*	5p	-	39	35851	24717	23378	37630	121576	660	635	572	673	217	285	153	345	237	314	166	364	196	192	119	104	189	194	71	55	23631
*	5p	-	40	36218	24113	23439	36914	120684	690	610	598	572	233	287	170	378	268	350	164	414	188	214	105	114	185	168	66	67	23218
*	5p	-	41	35432	24703	24475	34950	119560	682	606	659	594	226	311	166	359	262	356	137	376	194	209	116	122	187	181	69	65	22827
*	5p	-	42	35302	24405	23328	35281	118316	654	619	590	598	238	319	145	383	266	356	163	389	204	216	111	111	170	180	76	79	22436
*	5p	-	43	35755	23292	22703	35540	117290	724	540	566	571	210	300	174	404	251	330	170	370	192	229	120	107	156	210	77	73	22050
*	5p	-	44	34643	23741	22842	34879	116105	699	607	562	757	222	274	147	385	230	363	158	337	219	230	104	116	182	217	74	74	21670
*	5p	-	45	34379	22602	22473	35305	114759	641	579	610	624	197	292	162	394	242	340	179	389	186	237	129	112	186	206	92	68	21284
*	5p	-	46	34194	22067	22702	34450	113413	683	594	611	581	217	280	143	340	234	338	163	390	221	234	112	103	213	195	78	82	20926
*	5p	-	47	34071	21858	21807	34395	112131	669	597	578	529	206	293	129	336	245	343	157	375	187	222	126	130	200	215	69	67	20529
*	5p	-	48	33084	21516	22945	33211	110756	624	561	536	528	224	298	173	334	245	343	158	384	216	214	116	106	203	212	86	71	20169
*	5p	-	49	34476	21135	21153	32678	109442	654	565	863	490	226	273	153	401	228	376	124	364	194	208	116	112	200	202	78	72	19796
*	5p	-	50	32116	21523	21170	33311	108120	677	544	494	542	214	257	130	335	221	297	147	361	229	187	121	93	190	199	66	60	19497
*	5p	-	51	31959	20641	21581	32618	106799	649	569	519	513	216	279	151	354	231	335	148	337	217	201	102	93	203	173	80	62	19148
*	5p	-	52	31321	20977	21368	31843	105509	601	540	505	532	201	257	137	339	189	290	220	1003	209	191	111	115	181	162	83	67	18824
*	5p	-	53	31247	20262	20416	32195	104120	598	530	507	482	208	267	125	353	193	289	151	333	191	191	107	95	175	193	60	64	18498
*	5p	-	54	31234	19734	20181	31608	102757	648	513	489	543	209	243	143	305	208	302	139	309	220	174	104	92	175	183	62	64	18198
*	5p	-	55	30832	19404	21100	29923	101259	697	539	547	461	193	293	138	288	209	278	126	325	215	198	107	112	195	179	74	82	17879
*	5p	-	56	31215	19608	19389	29590	99802	612	489	534	425	161	226	117	315	200	324	122	270	197	191	125	98	210	190	64	70	17561
*	5p	-	57	30789	18914	19183	29556	98442	624	467	470	453	205	255	123	281	218	308	131	325	208	187	91	97	175	175	59	65	17289
*	5p	-	58	30306	18521	18993	29111	96931	564	541	467	460	185	218	137	331	187	280	122	261	195	179	97	107	163	169	63	67	16977
*	5p	-	59	29130	18871	18732	28682	95415	603	488	445	434	188	206	116	269	195	286	128	291	194	175	120	92	175	180	65	66	16679
*	5p	-	60	28250	18038	19165	28467	93920	624	486	449	484	177	218	104	282	190	297	137	299	209	168	82	100	164	164	86	63	16396
*	5p	-	61	28138	17785	18099	28394	92416	604	456	442	425	184	210	99	295	228	282	135	298	188	199	82	91	159	158	64	69	16128
*	5p	-	62	27829	17323	18439	27219	90810	617	426	429	419	187	208	133	283	174	293	135	251	178	177	84	110	128	181	66	56	15846
*	5p	-	63	27364	16806	17516	27486	89172	614	467	448	430	169	233	126	305	201	251	101	282	187	172	79	99	148	147	69	56	15550
*	5p	-	64	26578	17338	17017	26678	87611	598	428	439	448	188	204	97	283	199	269	116	254	192	166	90	86	163	141	61	59	15274
*	5p	-	65	26021	16398	16798	26738	85955	555	441	419	408	190	216	106	285	180	246	116	224	173	167	99	86	134	164	51	65	14943
*	5p	-	66	25470	15895	16791	26088	84244	529	443	416	442	179	217	127	289	190	259	118	261	152	179	76	89	130	166	49	67	14660
*	5p	-	67	25056	15607	16858	25033	82554	569	391	406	409	152	205	103	245	166	244	119	286	157	186	75	74	129	164	50	52	14397
*	5p	-	68	24682	15781	15786	24654	80903	534	408	404	366	150	182	112	233	168	265	97	208	187	159	75	92	134	135	52	51	14142
*	5p	-	69	24074	15373	15676	24081	79204	551	397	389	408	133	196	98	268	175	232	100	228	158	155	85	91	130	157	52	52	13889
*	5p	-	70	23915	14916	15280	23415	77526	514	367	384	329	157	212	86	263	169	215	101	223	138	151	79	71	134	141	51	54	13640
