# table produced by mapDamage version 2.2.1
# using mapped file CviAPal023.merged.L103.realn.bam and reference.ssl.Cvi20k_rename.fasta as reference file
# Chr: reference from sam/bam header, End: from which termini of DNA sequences, Std: strand of reads
Chr	End	Std	Pos	A	C	G	T	Total	G>A	C>T	A>G	T>C	A>C	A>T	C>G	C>A	T>G	T>A	G>C	G>T	A>-	T>-	C>-	G>-	->A	->T	->C	->G	S
*	3p	+	1	413668	340370	410314	457516	1621868	28861	5166	7970	6905	2984	2961	2285	3403	3438	3048	1947	2949	0	0	0	0	124	152	136	166	292622
*	3p	+	2	544207	310658	279384	487670	1621919	21893	5041	4521	5880	2028	2375	1151	3539	1879	3244	1462	2318	38	24	28	31	199	171	100	80	292268
*	3p	+	3	497314	291303	340956	492407	1621980	14324	5133	5195	4805	1730	2251	1372	3521	2083	2483	1259	2407	74	64	51	56	158	176	78	75	281021
*	3p	+	4	494940	277870	325105	523806	1621721	11412	5055	4859	4393	1647	2310	1288	3181	2037	2419	1206	2716	174	159	147	134	196	222	154	180	266350
*	3p	+	5	486743	294853	307972	532125	1621693	9522	5253	4723	4515	1616	2412	1245	3036	1871	2317	1208	2657	248	213	175	172	243	225	165	145	250193
*	3p	+	6	474274	309470	292676	545138	1621558	12274	7875	6527	7113	2725	3928	1922	4507	2661	3701	1984	4019	279	265	205	207	248	336	184	149	232105
*	3p	+	7	547805	288846	306582	478165	1621398	12914	6810	6993	6429	2520	3404	1886	4651	2749	3998	1872	3526	318	375	201	240	377	370	140	190	223721
*	3p	+	8	525911	296518	318899	479923	1621251	12093	6854	7157	6735	2584	3377	1948	4713	2831	4004	1948	3656	442	500	229	243	429	442	166	185	214143
*	3p	+	9	544222	293090	319469	464246	1621027	12163	6677	7189	6925	2551	3131	1864	4763	2901	4132	1886	3695	583	611	338	329	523	434	229	262	204670
*	3p	+	10	516073	295651	294535	514417	1620676	10841	7382	6587	6519	2672	3683	1834	4516	2613	3973	1963	3918	687	658	367	409	714	610	228	246	195270
*	3p	+	11	478963	318129	323040	500141	1620273	10651	7450	7908	7612	3090	3756	2117	4757	3125	3965	2204	4113	810	754	415	448	779	699	361	364	185538
*	3p	+	12	490277	307401	332692	489674	1620044	10812	7441	7969	7451	2758	3628	2065	4664	3135	3939	3863	3959	929	859	435	475	828	849	350	402	178673
*	3p	+	13	503318	302299	317753	496464	1619834	10571	7406	7541	7344	2869	3701	1928	4650	2933	4157	2079	3948	1007	1027	430	489	960	944	347	392	171689
*	3p	+	14	503885	305103	317672	492927	1619587	10514	7500	7435	7062	2854	3710	1978	4764	3040	4054	1972	3974	1050	1135	500	528	1041	1026	396	425	164815
*	3p	+	15	506647	300462	313103	499006	1619218	10070	7519	7530	7315	2803	3688	2140	4577	2919	4085	1959	4079	1199	1182	609	620	1193	1152	459	453	158134
*	3p	+	16	504658	302418	309825	502014	1618915	9990	7459	7405	7342	2904	3734	1964	4604	3009	4240	3487	3976	1229	1407	616	629	1310	1236	450	525	151352
*	3p	+	17	500321	305514	309188	503668	1618691	9627	7602	7408	7247	2966	3958	2006	4569	3048	4161	2033	4005	1337	1460	700	729	1397	1340	536	510	145831
*	3p	+	18	498950	311436	311601	496529	1618516	9567	7585	7460	7246	2999	3555	1962	4760	2950	3898	1912	4042	1533	1431	706	735	1439	1408	512	601	140129
*	3p	+	19	505784	304758	311109	496649	1618300	9138	7845	7298	7062	2970	3842	1970	4443	2928	4061	1895	3960	1552	1545	706	729	1550	1431	594	599	134913
*	3p	+	20	493239	308248	309694	495916	1607097	9601	7874	7853	7661	3069	4054	2061	4772	3221	4339	2004	4143	1665	1755	790	785	1613	1594	639	606	129660
*	3p	+	21	493016	305491	310057	494225	1602789	9701	8084	7792	7850	3081	4327	2464	4735	3020	4318	2101	4408	1808	1768	833	837	1669	1617	670	670	124517
*	3p	+	22	495694	299593	311198	494465	1600950	9565	8047	7949	7730	3143	4044	2034	4819	3099	4275	2343	4413	1856	1819	844	947	1768	1700	627	683	120023
*	3p	+	23	498782	301689	306516	492745	1599732	9504	8052	7736	7680	2891	4063	2186	4748	3189	4179	2074	4385	1924	1934	874	970	1826	1730	689	834	115579
*	3p	+	24	492909	306168	306831	493149	1599057	9530	8122	7888	7688	3056	4010	2126	4655	3150	4415	2051	4263	2049	1916	926	983	1860	1904	621	764	111172
*	3p	+	25	494884	304854	307618	490903	1598259	9606	8177	7818	7617	3033	3937	2141	4730	3062	4415	2077	4586	2026	1929	1007	983	1832	1811	766	758	107082
*	3p	+	26	493737	301813	306755	495322	1597627	9485	8503	7774	7698	3015	4089	2104	4797	3183	4409	2196	4466	2095	2131	993	1056	1836	1879	727	785	103039
*	3p	+	27	493586	303550	303391	496427	1596954	9405	8251	7899	7683	3089	4062	2086	4752	3085	4311	1907	4597	2202	2225	1079	1105	2034	1966	739	766	99329
*	3p	+	28	492165	302733	309738	491882	1596518	9344	8128	7811	7681	3044	4087	2046	4633	3161	4320	2285	4445	2255	2292	1116	1176	2051	1989	763	778	95592
*	3p	+	29	493391	305569	304460	492713	1596133	9116	8304	7866	7672	3001	3936	2017	4837	3153	4268	2042	4477	2367	2313	1131	1120	2118	2036	796	770	92101
*	3p	+	30	496320	304271	303075	492034	1595700	9188	8060	7619	7688	2934	4015	1960	4552	3057	4259	1970	4330	2307	2392	1169	1154	2121	2068	767	873	88630
*	3p	+	31	493418	299734	308349	490065	1591566	9268	8019	8071	7809	2945	4161	1967	4749	3107	4323	1962	4624	2505	2463	1081	1209	2242	2108	828	756	85406
*	3p	+	32	488909	302705	303469	492722	1587805	9012	8228	7772	7686	3092	3986	2010	4647	3054	4301	1944	4505	2509	2429	1208	1231	2242	2083	823	819	82279
*	3p	+	33	486462	300187	305631	492240	1584520	9010	8125	7678	7734	2916	4140	2102	4609	3106	4315	1945	4582	2540	2472	1130	1280	2181	2145	804	836	79325
*	3p	+	34	486018	300204	299273	495032	1580527	9193	8333	7765	7639	2994	3953	2188	4775	3160	4187	2031	4492	2539	2581	1241	1222	2200	2112	855	849	76412
*	3p	+	35	486756	298810	298758	492240	1576564	8789	8176	7554	7628	3095	3991	2149	4427	3153	4302	2010	4526	2615	2578	1290	1353	2233	2215	793	893	73705
*	3p	+	36	487563	297637	299361	483246	1567807	9039	8459	7601	7709	3111	4035	2039	4693	3034	4232	2036	4517	2600	2749	1328	1297	2212	2343	803	848	70954
*	3p	+	37	482962	293917	298042	484193	1559114	8787	8064	7673	8458	3054	3906	1922	4697	3014	4196	1955	4686	2647	2658	1250	1336	2306	2154	857	882	68461
*	3p	+	38	485138	295493	291163	478135	1549929	8701	8125	7739	7579	3054	4018	2127	4631	2998	4285	1947	4538	2855	2602	1323	1330	2265	2152	924	882	65999
*	3p	+	39	481092	291630	291828	476283	1540833	8692	8206	7550	7527	3132	3849	1978	4545	2972	4221	1966	4564	2823	2684	1209	1389	2286	2120	890	861	63715
*	3p	+	40	476383	290119	290985	474154	1531641	8792	7808	7476	7461	2948	3779	1968	4727	2957	4116	1985	4369	2812	2663	1343	1310	2311	2174	916	914	61484
*	3p	+	41	468855	293246	288811	468333	1519245	8413	8159	7616	7715	3055	3859	1917	4550	3133	4095	1925	4563	2726	2661	1346	1361	2349	2218	874	856	59156
*	3p	+	42	465547	287024	287771	466025	1506367	8586	8069	7446	7261	3047	3807	2097	4508	3063	4178	2014	4585	2757	2688	1360	1318	2263	2205	913	949	57063
*	3p	+	43	463154	282671	281413	465985	1493223	8442	7866	7293	7247	2925	3802	1835	4395	2940	4105	1883	4464	2753	2662	1295	1308	2241	2365	898	893	55093
*	3p	+	44	459035	281155	279096	460296	1479582	8365	7808	8175	7328	2979	3846	1842	4366	2935	4046	1907	4339	2622	2740	1321	1331	2354	2215	932	901	53116
*	3p	+	45	458948	276221	275696	454714	1465579	8310	7870	7425	7221	2972	3742	1809	4162	2940	4060	1836	4427	2696	2661	1277	1297	2292	2277	863	927	51250
*	3p	+	46	455669	274653	268837	450189	1449348	7870	7783	7226	7180	2841	3937	1829	4446	2797	3951	1816	4343	2695	2646	1280	1298	2312	2222	867	863	49341
*	3p	+	47	449143	271110	266227	445780	1432260	7853	7703	7091	7207	2793	3658	1865	4289	2670	3918	1853	4368	2727	2706	1294	1287	2311	2185	876	919	47539
*	3p	+	48	440575	271637	264911	437587	1414710	7928	7532	6909	6913	2909	3668	1844	4248	2883	3900	1783	4223	2657	2614	1338	1313	2277	2339	906	857	45725
*	3p	+	49	435080	263171	259414	438861	1396526	7634	7363	6881	7915	2657	3566	1784	4153	2901	3837	1843	4245	2719	2587	1207	1341	2309	2224	877	831	44058
*	3p	+	50	432880	260325	256905	427710	1377820	7556	7321	6870	6783	2760	3601	1726	4142	2676	3614	1758	4215	2661	2618	1283	1245	2280	2218	864	857	42489
*	3p	+	51	423673	259709	255148	421084	1359614	7282	7393	6653	6669	2727	3370	1734	4102	2599	3698	1841	4189	2650	2517	1168	1285	2238	2324	848	861	40920
*	3p	+	52	417977	255347	250680	416889	1340893	7220	7220	6612	6600	2649	3496	2073	6479	2633	3682	1707	4112	2610	2502	1227	1241	2187	2218	812	833	39455
*	3p	+	53	413664	250935	246179	410849	1321627	7099	7169	6396	6656	2565	3330	1672	3899	2543	3598	1763	4155	2564	2515	1180	1253	2141	2128	863	787	37961
*	3p	+	54	407915	246943	241144	405822	1301824	7144	7127	6245	6524	2551	3398	1548	3742	2572	3565	1651	4006	2542	2442	1256	1222	2150	2167	804	776	36570
*	3p	+	55	398451	245721	237577	400003	1281752	6924	6920	6379	6426	2474	3248	1595	3717	2420	3509	1648	3948	2506	2425	1197	1150	2144	2082	803	788	35233
*	3p	+	56	393271	237082	233764	396441	1260558	6743	6781	6107	6394	2536	3276	1707	3756	2483	3368	1628	3906	2494	2523	1139	1170	2158	2090	816	781	33908
*	3p	+	57	388959	232721	228025	389692	1239397	6757	6684	6142	6181	2551	3277	1614	3591	2499	3361	1572	3828	2482	2373	1167	1183	2094	2052	806	767	32701
*	3p	+	58	380704	229331	224422	383682	1218139	6667	6555	5778	6152	2419	3078	1532	3567	2300	3308	1617	3835	2480	2320	1182	1147	2070	1999	757	811	31494
*	3p	+	59	375221	225254	223318	372752	1196545	6590	6354	5869	5710	2420	3051	1502	3435	2374	3183	1485	3674	2464	2320	1133	1103	2043	1934	743	745	30347
*	3p	+	60	367716	224483	216030	366215	1174444	6483	6498	5717	5938	2237	3187	1440	3430	2300	3255	1591	3604	2391	2282	1103	1152	2053	1848	755	761	29229
*	3p	+	61	361714	217069	213489	359618	1151890	6084	6384	5553	5514	2263	3090	1399	3404	2227	3066	1510	3519	2311	2411	1063	1115	1941	1868	726	728	28139
*	3p	+	62	352926	215013	207908	353469	1129316	6177	6112	5454	5714	2300	2975	1414	3287	2229	3059	1486	3512	2319	2234	1106	1084	1859	1887	683	639	27128
*	3p	+	63	348152	208796	203172	345720	1105840	5877	6074	5392	5517	2107	2911	1318	3379	2136	3081	1462	3394	2168	2343	1031	1091	1777	1779	675	673	26148
*	3p	+	64	340754	203123	201245	337139	1082261	5731	5788	5341	5374	2099	2861	1362	3163	2097	2964	1359	3364	2213	2211	1096	1051	1752	1821	660	699	25156
*	3p	+	65	334600	199694	194792	329575	1058661	5515	5993	5072	5252	2098	2764	1376	3098	2131	2725	1395	3369	2200	2217	1013	1002	1724	1688	631	661	24226
*	3p	+	66	326323	196732	189683	322196	1034934	5436	5674	5137	5116	2081	2751	1294	3054	2066	2885	1328	3305	2222	2054	1023	991	1675	1674	658	607	23267
*	3p	+	67	317670	192859	184986	315494	1011009	5462	5519	5016	5079	2019	2686	1196	3082	1998	2702	1313	3140	2107	2066	992	982	1673	1710	636	622	22392
*	3p	+	68	309118	185750	183033	309327	987228	5196	5378	4677	4985	2027	2608	1227	2996	1921	2664	1248	3172	2104	2007	906	974	1584	1634	624	647	21525
*	3p	+	69	301684	181045	178356	301866	962951	5004	5341	4850	4764	1917	2483	1213	2834	1983	2658	1193	3147	2011	2026	989	952	1579	1611	565	627	20699
*	3p	+	70	294688	177024	171216	295909	938837	5041	5244	4665	4658	1898	2472	1110	2814	1880	2644	1186	2973	1965	2054	947	872	1481	1592	585	606	19865
*	3p	-	1	352832	286773	347573	388175	1375353	27761	4478	6650	5905	2430	2538	1843	2914	2920	2624	1561	2478	0	0	0	0	217	220	163	173	238632
*	3p	-	2	461695	259567	240613	413978	1375853	20533	4164	3790	4979	1706	2037	938	2859	1517	2669	1182	1922	349	284	60	64	125	101	48	38	238403
*	3p	-	3	424519	245892	285425	420175	1376011	13431	4313	4427	4034	1446	1966	1196	2949	1782	2178	942	2089	189	172	84	83	45	60	26	26	228589
*	3p	-	4	420400	234206	273879	446535	1375020	10353	4297	4273	3765	1320	2035	1098	2580	1713	2008	915	2206	471	524	191	188	414	449	144	147	215585
*	3p	-	5	413517	248905	261391	451097	1374910	8765	4249	4015	3773	1426	1965	1080	2659	1550	1974	962	2332	498	500	192	187	558	434	135	138	201448
*	3p	-	6	405435	256600	249521	463067	1374623	10898	6460	5518	5978	2259	3240	1479	3748	2314	3097	1557	3428	569	566	228	220	609	591	177	176	185668
*	3p	-	7	459546	243348	261912	409733	1374539	11363	5695	5922	5463	2109	2795	1576	4011	2346	3516	1456	3002	699	565	218	272	768	537	135	195	178404
*	3p	-	8	445874	249216	270605	408639	1374334	10551	5733	6085	5516	2140	2780	1668	4025	2444	3218	1507	3179	646	652	256	281	721	673	212	233	170364
*	3p	-	9	460026	246724	272479	394720	1373949	10669	5490	6136	5742	2210	2823	1594	4044	2506	3427	1501	3071	910	832	337	358	845	837	252	294	162213
*	3p	-	10	433124	249178	253182	438305	1373789	9655	6151	5609	5566	2154	2997	1499	3785	2212	3209	1439	3285	975	1095	374	378	887	938	271	293	154249
*	3p	-	11	403985	270515	275885	423228	1373613	9596	6250	6450	6439	2514	3118	1798	3919	2680	3309	1741	3522	1022	1046	434	481	937	949	325	352	146050
*	3p	-	12	416348	259602	280327	417054	1373331	9611	6156	6658	6352	2287	3127	1869	3920	2689	3348	1676	3314	1108	1129	468	509	1130	1026	335	358	140329
*	3p	-	13	427869	256524	269513	419239	1373145	9240	6166	6222	6207	2390	3090	1667	4035	2441	3384	1612	3318	1206	1228	527	546	1168	1054	422	389	134571
*	3p	-	14	429419	256853	266518	420161	1372951	9094	6103	6387	6117	2426	3062	1638	3864	2510	3469	1619	3476	1252	1235	522	596	1251	1190	378	408	128905
*	3p	-	15	427898	256587	268131	420262	1372878	8988	6301	6354	6082	2383	3043	1666	4009	2467	3349	1597	3305	1324	1374	559	597	1259	1171	431	437	123418
*	3p	-	16	428009	257368	265846	421414	1372637	8761	6246	6261	6208	2532	3065	1641	3972	2477	3363	1654	3470	1431	1476	622	613	1327	1284	459	439	117829
*	3p	-	17	425018	258203	266137	423205	1372563	8595	6278	6253	6098	2519	3084	1631	3830	2557	3456	1686	3445	1459	1579	701	688	1329	1375	425	483	113399
*	3p	-	18	422958	260215	266964	422261	1372398	8123	6270	6174	6178	2285	3129	1662	3957	2411	3280	1641	3383	1518	1606	703	718	1366	1353	535	525	108903
*	3p	-	19	423773	260351	265504	422553	1372181	7994	6179	6033	5883	2325	3103	1650	3951	2448	3335	1594	3397	1641	1629	705	778	1507	1478	523	490	104472
*	3p	-	20	418201	258973	264562	419343	1361079	8569	6659	6624	6592	2523	3383	1744	4091	2565	3535	1756	3625	1678	1677	834	841	1527	1519	577	550	100197
*	3p	-	21	416043	258434	264238	418086	1356801	8378	6819	6653	6532	2645	3358	1849	4072	2714	3626	1708	3839	1830	1757	814	804	1604	1590	585	563	96019
*	3p	-	22	417752	255897	263086	418376	1355111	8373	6674	6708	6587	2578	3302	1754	4059	2713	3561	1731	3605	1939	1715	846	829	1631	1573	553	580	92351
*	3p	-	23	419524	255980	261498	417118	1354120	8337	6870	6733	6522	2534	3292	1808	4037	2648	3716	1769	3834	1886	1861	858	885	1633	1593	579	585	88786
*	3p	-	24	418975	256774	260830	416758	1353337	8217	6714	6646	6451	2543	3396	1702	3992	2635	3739	1717	3777	1972	1913	864	829	1661	1635	611	624	85265
*	3p	-	25	419317	255413	260253	417478	1352461	8272	6888	6743	6497	2528	3350	1704	4069	2755	3582	1735	3816	1986	1933	928	947	1707	1691	666	606	82065
*	3p	-	26	418338	255983	259901	417585	1351807	8260	6955	6640	6480	2469	3461	1778	4005	2664	3676	1629	3842	2065	1932	958	988	1787	1660	641	662	78934
*	3p	-	27	418720	256291	259583	416682	1351276	8176	6876	6743	6556	2552	3372	1730	4075	2686	3766	1623	3842	1987	1994	996	959	1719	1779	659	726	76121
*	3p	-	28	418625	256941	259345	415989	1350900	7987	7016	6646	6533	2626	3364	1776	4099	2639	3601	1698	3845	2050	2090	988	941	1855	1712	644	691	73266
*	3p	-	29	417425	256904	259558	416673	1350560	7679	6808	6531	6466	2530	3271	1682	3977	2663	3584	1657	3785	2093	2052	1019	1006	1821	1783	708	655	70515
*	3p	-	30	417627	258028	260485	414156	1350296	7829	6793	6419	6540	2588	3295	1726	4080	2561	3509	1683	3712	2023	2079	1070	1091	1850	1692	678	712	67869
*	3p	-	31	415464	256488	259934	414823	1346709	7954	6761	6647	6593	2493	3250	1754	3988	2656	3495	1674	3798	2129	2050	1004	1051	1863	1838	706	694	65327
*	3p	-	32	414230	256198	258736	414329	1343493	7807	6801	6557	6601	2578	3265	1665	3974	2529	3618	1737	3790	2096	2137	1069	994	1855	1907	669	701	62948
*	3p	-	33	412918	257087	257607	412980	1340592	7810	6720	6374	6399	2524	3419	1706	4121	2623	3621	1708	3743	2187	2197	1049	1065	1876	1911	722	741	60592
*	3p	-	34	412126	254540	256566	414116	1337348	7612	6630	6417	6574	2468	3350	1662	3814	2617	3502	1677	3797	2244	2133	996	1043	1851	1846	730	738	58331
*	3p	-	35	412355	254258	255678	411544	1333835	7620	6781	6442	6411	2535	3376	1691	3928	2583	3568	1644	3810	2251	2092	1023	1058	1887	1894	667	752	56162
*	3p	-	36	410233	252156	253528	410326	1326243	7539	6882	6492	6424	2572	3366	1738	3808	2611	3422	1683	3887	2224	2252	1113	988	1866	1877	748	742	54083
*	3p	-	37	409059	250907	251034	407765	1318765	7692	6730	6368	6364	2538	3250	1683	3857	2634	3478	1725	3841	2197	2229	1181	1051	1909	1878	738	791	52173
*	3p	-	38	405910	250150	249914	404974	1310948	7486	6586	6513	6431	2453	3286	1727	3801	2547	3541	1747	3923	2310	2286	1038	1117	1947	2001	741	742	50223
*	3p	-	39	403136	248358	247855	403416	1302765	7425	6807	6408	6460	2469	3374	1673	3762	2561	3512	1698	3850	2241	2232	1099	1126	1931	1962	785	767	48404
*	3p	-	40	401503	247469	245626	400322	1294920	7375	6779	6364	6234	2485	3359	1684	3725	2506	3577	1700	3729	2184	2227	1126	1033	1898	1905	743	729	46573
*	3p	-	41	397541	245409	244539	396807	1284296	7268	6666	6279	6367	2501	3382	1646	3815	2550	3584	1627	3844	2310	2211	1115	1107	1914	1836	714	742	44920
*	3p	-	42	393659	242985	242289	394117	1273050	7304	6756	6177	6215	2486	3256	1655	3776	2489	3445	1693	3811	2230	2233	1100	1025	1917	1839	729	705	43313
*	3p	-	43	390842	240746	239881	390013	1261482	6989	6593	6056	6224	2545	3285	1559	3671	2521	3379	1587	3927	2160	2291	1051	1057	1902	1849	738	720	41798
*	3p	-	44	388202	238130	236460	386683	1249475	6912	6581	6111	6184	2435	3280	1654	3599	2410	3284	1529	3807	2190	2216	1136	1081	1900	1773	706	742	40351
*	3p	-	45	384410	235082	234497	382723	1236712	6933	6479	5967	5994	2365	3221	1587	3566	2384	3440	1629	3746	2169	2188	1080	1062	1923	1778	720	727	38843
*	3p	-	46	380272	232849	230298	379102	1222521	6899	6424	5969	5981	2359	3068	1622	3580	2462	3275	1670	3597	2119	2183	1057	1075	1786	1735	711	710	37400
*	3p	-	47	376776	229497	227436	373619	1207328	6694	6381	5903	5997	2315	3084	1552	3546	2322	3254	1545	3692	2164	2261	1011	1062	1742	1793	679	684	36031
*	3p	-	48	371412	226564	224002	369896	1191874	6700	6135	5837	5988	2272	3096	1504	3416	2375	3228	1503	3503	2161	2145	1043	1063	1850	1770	657	670	34625
*	3p	-	49	366516	223744	221033	364431	1175724	6595	6179	5783	5717	2308	3056	1527	3310	2308	3180	1479	3555	2125	2159	1123	1037	1798	1837	618	663	33346
*	3p	-	50	360883	220243	218400	359927	1159453	6536	6092	5756	5753	2222	2880	1491	3352	2243	3173	1423	3467	2178	2241	1057	1051	1700	1695	670	652	32031
*	3p	-	51	355596	218538	213963	355234	1143331	6397	5934	5636	5775	2257	3001	1514	3318	2244	3141	1491	3460	2086	2091	1107	1015	1688	1658	701	668	30834
*	3p	-	52	350954	214058	211235	350458	1126705	6278	5853	5562	5577	2098	2856	1450	3319	2349	3038	1427	3358	2078	2065	1030	982	1713	1722	625	626	29674
*	3p	-	53	344664	212023	209152	344119	1109958	6078	5883	5321	5463	2211	2864	1455	3304	2260	3057	1373	3353	2041	2069	934	967	1662	1674	642	656	28556
*	3p	-	54	340455	207961	204351	339643	1092410	6006	5831	5381	5302	2155	2806	1411	3278	2111	2977	1386	3385	2031	2007	952	994	1645	1607	672	620	27480
*	3p	-	55	334737	205160	201534	333108	1074539	5839	5605	5319	5374	2016	2665	1360	3029	2095	2926	1317	3298	1965	1999	920	947	1594	1591	658	618	26465
*	3p	-	56	330274	200836	196142	328716	1055968	5716	5674	5178	5174	2014	2725	1372	3145	2086	2837	1314	3298	1909	1945	934	961	1620	1613	635	630	25460
*	3p	-	57	323150	197306	194166	322745	1037367	5790	5488	5103	5199	2038	2613	1344	3139	2067	2790	1257	3206	1898	1839	936	960	1584	1561	595	600	24472
*	3p	-	58	317513	193752	189543	317671	1018479	5546	5391	5043	5003	1890	2592	1361	2959	2000	2759	1235	3127	1859	1909	911	904	1507	1502	591	578	23507
*	3p	-	59	312010	189377	186661	311173	999221	5463	5332	4976	5025	1939	2520	1216	2920	2003	2711	1252	3100	1869	1844	846	902	1487	1498	556	568	22621
*	3p	-	60	306509	186154	182104	304667	979434	5362	5193	4833	4844	1958	2575	1224	2853	2034	2747	1218	3037	1855	1851	899	894	1466	1505	575	560	21812
*	3p	-	61	299521	182469	178347	299451	959788	5221	5126	4777	4870	1840	2545	1242	2762	1839	2610	1162	2994	1864	1863	866	868	1437	1438	613	541	21032
*	3p	-	62	294263	178710	174419	292273	939665	5085	5171	4733	4798	1771	2496	1163	2722	1853	2623	1114	2868	1792	1709	907	877	1426	1406	580	549	20259
*	3p	-	63	286346	174861	171050	286770	919027	4971	4911	4466	4575	1788	2378	1164	2743	1802	2487	1135	2814	1750	1777	822	819	1362	1430	565	541	19470
*	3p	-	64	280581	170775	166566	280594	898516	4839	4829	4280	4435	1760	2394	1123	2604	1770	2438	1188	2792	1683	1723	803	827	1426	1362	508	503	18750
*	3p	-	65	275150	166373	162327	274139	877989	4687	4755	4228	4370	1689	2319	1064	2576	1641	2367	1052	2769	1578	1708	865	750	1338	1282	525	511	17967
*	3p	-	66	268257	162092	158964	267851	857164	4705	4565	4144	4317	1679	2149	1110	2479	1666	2390	1086	2724	1563	1615	735	808	1328	1263	494	522	17242
*	3p	-	67	261835	158492	154370	261633	836330	4532	4552	4098	4199	1674	2218	1037	2405	1662	2252	1074	2693	1520	1589	743	747	1246	1278	469	477	16557
*	3p	-	68	255241	154897	149708	255798	815644	4328	4407	3846	4078	1651	2068	1006	2421	1584	2230	1030	2456	1531	1515	744	759	1201	1150	484	446	15934
*	3p	-	69	248970	150304	146685	248663	794622	4206	4362	3864	3956	1587	2108	1058	2267	1556	2197	997	2468	1464	1484	745	771	1161	1212	444	414	15298
*	3p	-	70	242449	146082	142339	242940	773810	4139	4183	3769	3950	1464	1905	960	2225	1450	2101	973	2400	1431	1521	747	724	1141	1111	437	459	14651
*	5p	+	1	447518	413967	355490	404464	1621439	5722	6272	7328	8827	3804	2435	2052	4668	3283	3056	2435	2420	0	0	0	0	351	285	187	168	263214
*	5p	+	2	490811	271463	312229	547514	1622017	5418	9330	6389	4930	1884	3082	1426	2672	2237	2752	1206	3235	438	468	72	91	148	165	31	59	262890
*	5p	+	3	491260	334710	286379	509876	1622225	5479	6808	4914	5630	2192	2475	1213	3139	1786	2458	1539	4267	253	269	75	87	98	91	36	26	253636
*	5p	+	4	535434	313149	273533	498855	1620971	5524	6336	4689	5209	2032	2347	1137	3282	1673	2719	1326	3583	733	593	195	242	590	572	161	183	241622
*	5p	+	5	541672	300694	295410	483129	1620905	5486	5749	4757	5181	1920	2230	1225	3222	1772	2708	1347	3820	697	698	222	251	599	624	166	183	228541
*	5p	+	6	562330	281963	302390	473751	1620434	7940	7625	7131	6592	2620	3363	1948	4406	2782	4198	1754	4984	687	776	252	286	760	858	202	223	213207
*	5p	+	7	482087	302323	282202	553764	1620376	6763	8714	6294	6989	2723	3789	1668	3957	2466	3602	1824	4981	687	873	273	301	680	990	226	205	205847
*	5p	+	8	486808	313738	296122	523577	1620245	6988	8030	6830	7275	2945	3619	1805	3988	2711	3549	1962	5031	816	782	317	369	836	899	254	244	197475
*	5p	+	9	461269	320322	286448	551662	1619701	6639	8522	6702	7197	2889	3898	1717	3974	2683	3496	1925	5074	990	1083	409	385	1041	1093	338	304	189134
*	5p	+	10	526039	290771	291240	511329	1619379	7550	7928	6592	6744	2588	3593	1734	4248	2685	3926	1760	4890	1244	1109	443	460	1256	1105	373	365	180854
*	5p	+	11	500685	327228	322418	468810	1619141	7746	7687	7688	7785	3085	3536	2000	4452	2908	3895	2161	4912	1247	1199	545	539	1252	1183	460	442	172507
*	5p	+	12	491303	332234	306033	489342	1618912	7343	7903	7652	8037	3207	3681	2069	4306	2845	3800	2357	5013	1366	1340	577	585	1329	1298	503	436	166439
*	5p	+	13	498111	315442	304109	500913	1618575	7540	8140	7296	7468	2911	3722	1956	4366	2993	3769	2002	4960	1467	1392	605	595	1424	1478	519	482	160023
*	5p	+	14	497407	313583	302177	505234	1618401	7617	8078	7394	7615	2874	3854	2034	4372	2854	3810	1869	4796	1537	1560	653	602	1503	1553	543	477	153837
*	5p	+	15	496887	315655	302766	503039	1618347	7436	8256	7248	7685	2958	3630	1924	4360	2849	3976	1958	4975	1633	1638	679	690	1461	1602	531	536	147818
*	5p	+	16	499677	311239	303906	503278	1618100	7739	8088	7343	7553	2881	3797	2007	4178	2860	4056	1900	4879	1643	1624	747	744	1574	1642	600	555	141673
*	5p	+	17	500715	312699	304018	500552	1617984	7545	8097	7372	7552	2915	3738	2307	4301	3016	3931	1967	4891	1755	1733	802	801	1700	1597	609	582	136719
*	5p	+	18	500258	313832	305862	497973	1617925	7400	7992	7279	7512	2846	3693	1894	4185	2838	3937	1950	4774	1783	1896	841	788	1709	1592	602	647	131803
*	5p	+	19	500695	312829	306278	497903	1617705	7586	7763	7205	7198	2778	3592	1887	4257	2797	3844	1812	4648	1938	1982	880	938	1718	1726	696	629	126899
*	5p	+	20	496414	311246	304396	494492	1606548	8238	8088	7665	7802	3010	3895	2048	4603	3051	4289	2048	4939	1988	2050	1033	944	1843	1835	689	634	122125
*	5p	+	21	495630	311172	304758	490679	1602239	8502	8291	7721	8020	3173	3995	2003	4706	3028	4144	2160	5007	2102	2087	1003	987	1925	1867	729	655	117389
*	5p	+	22	496736	310548	301466	491736	1600486	8257	8301	7926	7880	3077	3944	2000	4710	3083	4248	2084	4846	2212	2109	1002	1050	1881	1957	702	706	113252
*	5p	+	23	493527	308876	301417	495592	1599412	8606	8458	7744	8044	3194	3930	2035	4700	3078	4217	2129	4939	2157	2248	1000	1078	1951	2011	715	736	109237
*	5p	+	24	494934	307095	302596	494030	1598655	8386	8204	7726	7781	3141	3892	2035	4642	3009	4208	2014	4983	2366	2308	1032	1089	1989	2084	744	741	105526
*	5p	+	25	495017	308366	299553	494731	1597667	8268	8405	7846	7897	3058	4089	2123	4721	3060	4214	2222	4825	2316	2396	1138	1072	2100	2082	795	785	101795
*	5p	+	26	495306	306872	300209	494664	1597051	8407	8313	7693	7937	3151	4159	1990	4667	3061	4124	2071	4957	2416	2444	1098	1053	2078	2103	842	786	98051
*	5p	+	27	495354	306593	300409	494175	1596531	8509	8380	7946	7908	3267	4000	2033	4691	3109	4125	2089	4924	2349	2381	1208	1122	2159	2163	799	808	94718
*	5p	+	28	494750	305006	301920	494511	1596187	8750	8327	7662	7905	3165	3951	2019	4935	3110	4339	2178	5017	2379	2414	1153	1201	2160	2111	846	799	91479
*	5p	+	29	494098	305616	302917	493197	1595828	8327	8030	7777	7729	3031	3914	1950	4642	3065	4203	2118	4982	2388	2454	1118	1193	2140	2226	825	835	88345
*	5p	+	30	491817	306172	302880	494591	1595460	8264	8395	7657	7788	3010	3971	1971	4534	3018	4234	2096	5048	2423	2462	1222	1219	2201	2143	865	862	85378
*	5p	+	31	489945	306801	301871	492754	1591371	8416	8296	7777	7837	3083	3849	2065	4613	3106	4204	2015	4850	2561	2552	1197	1221	2188	2189	928	825	82329
*	5p	+	32	491024	305277	300354	490979	1587634	8578	8236	7885	7740	2986	4043	2025	4623	2984	4222	2156	4914	2585	2496	1238	1209	2204	2224	869	836	79562
*	5p	+	33	490286	304451	300591	488999	1584327	8494	8212	7835	7956	3067	3971	2070	4637	3296	4240	2125	4831	2635	2590	1231	1284	2234	2216	876	830	76824
*	5p	+	34	489987	303221	299217	487940	1580365	8554	8269	7719	7754	2976	3985	1932	4481	3130	4176	2070	4604	2627	2606	1222	1168	2248	2242	839	852	74283
*	5p	+	35	487335	301815	298714	488575	1576439	8708	8350	7578	7743	3054	3866	1930	4544	3156	4143	1988	4554	2519	2602	1242	1312	2220	2232	910	896	71814
*	5p	+	36	484844	300166	296188	486539	1567737	8648	8323	7707	7786	3053	3936	2022	4724	3126	4125	2109	4575	2632	2721	1250	1282	2247	2257	865	907	69363
*	5p	+	37	483934	296474	294462	484120	1558990	8631	8164	7669	7675	3027	3928	1981	4752	3086	4140	2045	4533	2671	2700	1201	1392	2316	2236	902	866	67079
*	5p	+	38	481888	294592	293271	480074	1549825	8735	8315	7647	7707	3016	3945	2006	4613	3045	4135	2091	4279	2628	2707	1313	1307	2281	2212	922	913	64873
*	5p	+	39	477986	293831	292143	476641	1540601	9034	8232	7651	7653	3027	3918	1999	4697	2900	4134	2177	4477	2639	2700	1268	1327	2305	2202	993	891	62745
*	5p	+	40	476644	290728	291261	472952	1531585	8749	8055	7540	7611	2895	3811	1947	4570	3005	4137	2076	4310	2713	2558	1320	1354	2303	2253	913	900	60715
*	5p	+	41	471049	289242	289513	469377	1519181	8986	7967	7675	7388	2876	3805	2097	4545	3123	4175	2000	4397	2757	2628	1272	1298	2232	2314	950	867	58654
*	5p	+	42	467794	286677	285769	466103	1506343	8969	8110	7629	7459	2852	3941	1905	4481	3062	4108	1933	4295	2647	2654	1343	1271	2331	2211	920	890	56695
*	5p	+	43	464287	283750	282404	462830	1493271	8795	7744	7467	7298	2914	3858	1976	4700	2966	4191	1979	4332	2596	2651	1305	1295	2275	2284	880	911	54828
*	5p	+	44	460858	279701	280122	459097	1479778	8884	7779	7278	7206	2946	3895	1816	4305	2965	4049	1956	4123	2694	2649	1269	1235	2227	2241	850	887	53019
*	5p	+	45	455555	276720	278105	455325	1465705	8778	7697	7122	7201	2757	3702	1912	4335	2792	4059	1906	4162	2652	2647	1236	1324	2197	2253	878	904	51311
*	5p	+	46	450059	273351	275516	450585	1449511	8778	7849	7060	7295	2821	3795	1805	4276	2968	3982	1973	4169	2654	2635	1290	1281	2257	2152	838	859	49588
*	5p	+	47	445609	268521	271561	446891	1432582	8938	7426	7093	7015	2703	3809	1895	4428	2794	3828	1886	4118	2627	2619	1293	1266	2186	2098	830	856	47948
*	5p	+	48	439877	266397	268187	440646	1415107	8834	7517	6992	6974	2817	3651	1774	4273	2628	3935	1936	4035	2633	2521	1257	1298	2133	2184	840	815	46333
*	5p	+	49	435896	261938	264804	434173	1396811	8803	7289	6793	6885	2676	3608	1785	4230	2605	3869	1799	3905	2661	2571	1240	1250	2157	2154	823	823	44860
*	5p	+	50	429653	258794	260898	428864	1378209	8767	7234	6720	6669	2561	3500	1840	4071	2707	3765	1888	3843	2502	2553	1239	1263	2198	2042	810	777	43432
*	5p	+	51	423871	254741	259024	422407	1360043	8643	7013	6711	6684	2567	3512	1752	4204	2625	3710	1840	3863	2488	2551	1228	1205	2141	2051	838	811	42018
*	5p	+	52	418589	251937	254144	416503	1341173	8818	7034	6706	6565	2694	3430	1737	4102	2693	3678	1776	3730	2493	2520	1242	1234	2133	2031	803	800	40603
*	5p	+	53	411948	247629	251307	411108	1321992	8525	6819	6529	6374	2634	3345	1678	3900	2651	3701	1746	3726	2564	2393	1255	1274	2061	2006	748	736	39398
*	5p	+	54	407225	243012	246372	405648	1302257	8785	6686	6534	6525	2598	3356	1747	3924	2692	3604	1680	3571	2556	2426	1281	1150	1967	1902	780	812	38156
*	5p	+	55	400678	238690	244470	398406	1282244	8483	6750	6338	6418	2553	3338	1619	3840	2551	3583	1647	3593	2449	2392	1143	1250	1976	1849	739	757	36920
*	5p	+	56	394066	235194	238908	392808	1260976	8356	6484	6262	6233	2508	3263	1572	3871	2431	3462	1747	3421	2455	2378	1134	1194	1912	1969	772	772	35768
*	5p	+	57	387413	230532	235320	386578	1239843	8245	6465	6199	6190	2402	3287	1575	3822	2535	3448	1606	3471	2412	2292	1175	1172	1893	1857	758	766	34602
*	5p	+	58	380811	225198	232381	380293	1218683	8227	6329	5896	6009	2367	3003	1542	3813	2424	3412	1719	3359	2317	2256	1147	1186	1850	1828	716	696	33507
*	5p	+	59	374850	221503	226473	374213	1197039	8094	6237	5850	5858	2273	3231	1555	3496	2362	3339	1611	3265	2285	2264	1111	1060	1886	1727	653	708	32448
*	5p	+	60	367472	216661	223583	367176	1174892	8032	6071	5818	5656	2260	3098	1446	3594	2376	3252	1559	3270	2306	2144	1101	1124	1803	1794	716	654	31507
*	5p	+	61	361292	214148	218782	358126	1152348	8085	5944	5796	5445	2218	2917	1447	3523	2290	3191	1537	3111	2250	2169	1038	1054	1738	1707	689	668	30515
*	5p	+	62	353315	209354	214308	352653	1129630	7902	5853	5506	5523	2180	2858	1453	3440	2278	3127	1485	3058	2157	2179	1030	1120	1728	1664	680	653	29616
*	5p	+	63	346478	204962	209904	344822	1106166	7850	5745	5481	5333	2135	2834	1406	3301	2215	3150	1428	2990	2135	2021	1037	1033	1725	1616	615	632	28661
*	5p	+	64	339661	200588	204868	337464	1082581	7703	5567	5404	5207	2083	2879	1370	3339	2087	3019	1355	2969	2006	1976	989	1018	1684	1632	635	665	27785
*	5p	+	65	332292	196306	199597	330653	1058848	7679	5461	5278	5012	2049	2686	1422	3437	2186	2967	1337	2803	1980	1952	918	979	1644	1624	655	598	26906
*	5p	+	66	325091	190318	195683	324035	1035127	7428	5299	5159	4965	1978	2703	1361	3216	2215	2947	1381	2828	1883	1985	976	964	1634	1584	613	594	26038
*	5p	+	67	317670	187007	191254	315424	1011355	7244	5307	4963	4799	1997	2581	1348	3126	2009	2945	1298	2705	1870	1948	962	937	1614	1486	589	611	25212
*	5p	+	68	310502	181125	187724	308266	987617	7367	5218	4921	4695	2003	2655	1249	3113	2003	2812	1329	2702	1902	1889	873	904	1487	1471	572	577	24453
*	5p	+	69	303048	177112	182975	300183	963318	7176	4991	4781	4560	1833	2397	1241	3029	1875	2674	1261	2623	1869	1771	808	914	1441	1488	523	566	23713
*	5p	+	70	296008	171804	177344	294051	939207	7069	4829	4622	4687	1838	2403	1203	2964	1896	2666	1304	2450	1798	1713	828	883	1390	1460	483	562	22987
*	5p	-	1	377658	350406	305544	342067	1375675	4713	5196	6183	7484	3194	2120	1698	3949	2738	2690	2099	2039	0	0	0	0	119	99	134	134	226607
*	5p	-	2	413806	230910	268528	462483	1375727	4474	7762	5227	4067	1618	2461	1223	2215	1957	2301	950	2762	23	22	33	36	149	139	59	63	226272
*	5p	-	3	415686	286457	244793	428887	1375823	4581	5727	4164	4634	1859	2030	1062	2662	1509	2046	1301	3434	51	64	35	52	114	111	68	61	217972
*	5p	-	4	452307	266913	235960	420375	1375555	4529	5381	3849	4368	1658	2051	1028	2760	1405	2221	1112	3018	125	148	149	141	204	155	124	143	208086
*	5p	-	5	458725	256013	252821	407977	1375536	4764	4829	4082	4280	1611	1851	1092	2641	1488	2242	1041	3140	182	193	137	150	210	209	106	120	196754
*	5p	-	6	472829	240256	262981	399348	1375414	7001	6463	6021	5286	2045	2829	1638	3631	2382	3516	1516	4274	248	267	199	194	286	214	128	139	183735
*	5p	-	7	406685	257128	241214	470153	1375180	5805	7251	5338	5886	2229	3278	1497	3298	2173	2942	1490	4287	361	302	185	199	361	329	166	145	177444
*	5p	-	8	410287	268554	252646	443596	1375083	5921	6839	5769	6083	2475	3133	1512	3425	2310	2977	1541	4218	426	409	224	215	396	379	173	149	170308
*	5p	-	9	391122	272046	246392	465225	1374785	5657	7216	5586	6110	2471	3325	1532	3313	2244	2851	1514	4395	553	555	277	249	436	544	223	193	163255
*	5p	-	10	445165	246731	248870	433720	1374486	6326	6443	5543	5621	2094	3055	1546	3511	2274	3303	1450	4111	623	658	362	333	556	642	270	227	156211
*	5p	-	11	422446	278639	274843	398344	1374272	6461	6410	6482	6881	2697	2905	1864	3802	2534	3402	1679	4158	695	864	373	356	676	681	286	266	148800
*	5p	-	12	417013	283485	260439	413068	1374005	6217	6785	6353	6576	2673	3051	2181	3537	2527	3163	1724	4283	881	857	380	350	743	776	360	294	143437
*	5p	-	13	420889	268274	258728	425868	1373759	6349	6778	6270	6414	2491	3273	1659	3605	2502	3304	1576	4194	969	939	420	371	880	872	356	313	137823
*	5p	-	14	419619	268225	259136	426530	1373510	6466	6711	6012	6191	2438	3294	1688	3567	2437	3161	1648	4170	977	981	497	434	990	950	367	363	132476
*	5p	-	15	423125	266270	256859	427064	1373318	6404	6599	5975	6307	2334	3162	1678	3556	2366	3294	1847	4037	1063	1075	512	482	1054	1008	384	413	127343
*	5p	-	16	425361	264426	257163	426303	1373253	6438	6620	6131	6319	2458	3240	2430	3704	2479	3317	1711	4104	1138	1118	539	512	1053	1012	448	406	122136
*	5p	-	17	426714	266002	259124	421087	1372927	6543	6584	6131	6381	2424	3193	1598	3546	2386	3465	1580	4080	1231	1224	542	526	1183	1174	455	436	117945
*	5p	-	18	423701	266142	261995	420963	1372801	6407	6611	6074	6174	2477	3186	1510	3618	2453	3215	1613	3960	1195	1246	612	586	1185	1211	523	455	113649
*	5p	-	19	423115	265414	259635	424500	1372664	6521	6360	6017	6103	2418	3080	1448	3504	2511	3443	1598	3890	1320	1311	634	601	1231	1287	526	466	109476
*	5p	-	20	421505	263127	260431	416386	1361449	6973	6685	6529	6520	2778	3514	1700	3768	2664	3668	1722	4173	1375	1405	673	672	1333	1363	547	558	105465
*	5p	-	21	419337	264251	259020	414570	1357178	7101	6996	6779	6610	2499	3344	1722	3667	2664	3659	1908	4020	1449	1477	744	696	1388	1443	565	566	101417
*	5p	-	22	418281	263886	255452	417737	1355356	6998	6957	6455	6661	2483	3304	1774	3773	2675	3574	1649	4024	1584	1552	772	756	1480	1477	555	580	97753
*	5p	-	23	417400	261953	256369	418440	1354162	7061	6891	6527	6733	2480	3370	1688	3789	2619	3620	1809	4121	1643	1561	802	727	1542	1529	666	617	94277
*	5p	-	24	417183	261383	258096	416864	1353526	7097	6998	6531	6588	2506	3372	1699	3875	2558	3569	1827	4187	1642	1657	758	830	1671	1450	622	598	90930
*	5p	-	25	415402	262150	257514	417662	1352728	7200	7001	6487	6675	2488	3367	1729	3886	2548	3434	1792	4042	1641	1626	821	839	1610	1531	647	616	87757
*	5p	-	26	419007	260820	255610	416635	1352072	7280	7010	6459	6727	2656	3327	1673	3942	2579	3538	1709	4048	1743	1684	877	829	1622	1588	665	611	84604
*	5p	-	27	417678	259791	257194	416837	1351500	7273	6886	6523	6536	2536	3460	1713	3919	2612	3625	1782	4105	1843	1850	853	865	1638	1692	682	647	81737
*	5p	-	28	417311	261854	256142	415820	1351127	7050	6906	6508	6613	2628	3405	1807	3933	2594	3578	1766	4125	1882	1850	944	869	1644	1714	684	637	78934
*	5p	-	29	418358	259420	256961	415967	1350706	6998	6760	6443	6577	2449	3421	1758	3754	2613	3486	1750	4089	1958	1914	921	931	1746	1739	662	677	76250
*	5p	-	30	415308	258824	257597	418569	1350298	7130	6781	6314	6425	2458	3493	1687	3727	2596	3635	1738	4053	2025	1959	951	924	1813	1791	702	628	73566
*	5p	-	31	414348	259937	255554	417075	1346914	7195	6864	6474	6832	2492	3345	1641	3915	2696	3661	1760	3925	2122	2094	978	887	1802	1771	693	630	70927
*	5p	-	32	416510	257371	257254	412530	1343665	7495	6804	6600	6604	2572	3394	1676	3904	2629	3577	1690	3892	2097	2011	941	961	1819	1824	682	641	68475
*	5p	-	33	415663	258534	255574	411007	1340778	7491	6922	6349	6422	2535	3304	1717	3848	2589	3642	1673	3838	2074	2049	1030	971	1803	1888	710	666	66189
*	5p	-	34	416091	255229	254710	411427	1337457	7422	6752	6326	6321	2746	3371	1667	3794	2527	3521	1828	3908	2197	2165	1014	1014	1843	1787	748	676	63886
*	5p	-	35	414214	255224	253541	410827	1333806	7351	7016	6467	6513	2476	3403	1669	3905	2562	3573	1680	3749	2135	2243	1036	1089	1855	1912	749	711	61723
*	5p	-	36	409453	253905	252185	410691	1326234	7726	6770	6627	6589	2673	3379	1709	3815	2726	3585	1725	3883	2291	2277	1084	1106	1905	1850	726	759	59672
*	5p	-	37	407643	252675	250784	407731	1318833	7645	6711	6698	6355	2561	3371	1698	4022	2594	3432	1658	3828	2277	2242	1104	1055	1919	1869	719	739	57729
*	5p	-	38	404597	249482	250081	406984	1311144	7569	6735	6477	6542	2436	3226	1680	3835	2533	3626	1802	3789	2229	2279	1124	1078	1902	1879	725	728	55869
*	5p	-	39	403936	247173	246858	404994	1302961	7580	6750	6300	6301	2477	3339	1645	3793	2578	3516	1651	3936	2205	2344	1074	1072	1857	1969	694	729	54094
*	5p	-	40	400830	247094	247064	399838	1294826	7599	6740	6286	6220	2328	3214	1623	3768	2487	3437	1648	3656	2209	2277	1072	1092	1919	1934	733	779	52376
*	5p	-	41	396945	244275	246583	396463	1284266	7595	6650	6449	6433	2582	3324	1606	3763	2660	3484	1709	3802	2202	2256	1067	1106	1935	1866	719	713	50675
*	5p	-	42	394075	243148	242604	393248	1273075	7553	6504	6101	6214	2444	3279	1623	3788	2597	3484	1580	3661	2216	2325	1079	1170	1876	1821	762	706	48988
*	5p	-	43	392215	239030	239766	390493	1261504	7535	6480	6226	6163	2323	3220	1571	3666	2511	3506	1547	3639	2260	2244	1180	1096	1810	1901	695	778	47408
*	5p	-	44	387770	235886	238860	386822	1249338	7754	6616	6246	6720	2400	3142	1605	3698	2471	3443	1643	3612	2249	2252	1068	1150	1834	1894	778	753	45850
*	5p	-	45	383063	233307	235166	385120	1236656	7742	6455	6026	6146	2300	3111	1551	3669	2465	3493	1494	3394	2311	2254	1130	1122	1840	1898	771	696	44287
*	5p	-	46	379807	229082	233728	379760	1222377	7860	6338	5984	6019	2428	3085	1541	3647	2407	3374	1549	3481	2376	2205	1089	1117	1798	1781	769	742	42921
*	5p	-	47	375763	225840	228942	376571	1207116	7672	6247	5841	5954	2329	3034	1501	3664	2290	3223	1514	3453	2283	2288	1103	1116	1812	1856	741	704	41544
*	5p	-	48	370203	223427	227965	369992	1191587	7779	6173	5826	5887	2304	2996	1504	3529	2257	3192	1511	3419	2205	2229	1128	1145	1907	1866	750	709	40188
*	5p	-	49	368592	219386	223205	364333	1175516	7463	6122	6140	5780	2286	3115	1536	3448	2304	3179	1476	3324	2206	2242	1107	1103	1791	1899	665	778	38879
*	5p	-	50	360722	217486	220440	360460	1159108	7545	5772	5716	5758	2177	2961	1391	3408	2323	3123	1421	3318	2281	2266	1093	1083	1784	1916	686	677	37645
*	5p	-	51	355763	214891	217305	354960	1142919	7405	5782	5609	5502	2140	2866	1471	3484	2252	3017	1390	3173	2132	2228	1076	1021	1914	1808	724	682	36448
*	5p	-	52	350344	211467	214647	349835	1126293	7472	5724	5539	5436	2200	2941	1451	3411	2235	3020	1491	4012	2210	2231	1063	1012	1911	1852	658	682	35285
*	5p	-	53	345195	208409	211334	344730	1109668	7273	5697	5443	5301	2129	2851	1412	3386	2218	2951	1421	3148	2143	2116	1055	1057	1837	1745	670	675	34169
*	5p	-	54	340690	203185	208197	339983	1092055	7224	5618	5328	5366	2164	2766	1379	3296	2107	2875	1369	3069	2174	2124	1010	1038	1750	1794	703	654	33019
*	5p	-	55	335128	199276	206627	333220	1074251	7419	5606	5373	5106	2039	2745	1366	3231	2119	2914	1322	3053	2235	2063	1039	1001	1678	1780	658	633	31956
*	5p	-	56	330338	196351	200924	328222	1055835	7313	5413	5328	5057	1989	2633	1324	3147	2064	2829	1320	2853	2003	2152	1037	1011	1678	1722	638	594	30983
*	5p	-	57	325030	191556	196853	323675	1037114	7299	5306	5050	5002	1915	2661	1369	3072	2126	2823	1292	2869	2013	2089	982	1029	1719	1633	641	605	30005
*	5p	-	58	319064	188402	193632	317052	1018150	7003	5188	5037	4961	1843	2522	1229	3084	1994	2782	1214	2835	2032	2029	922	971	1598	1625	677	611	29061
*	5p	-	59	311827	185467	189994	311626	998914	7109	5074	4848	4786	1850	2467	1305	3024	2014	2680	1283	2711	2018	2024	918	909	1655	1578	587	596	28139
*	5p	-	60	304984	181071	187742	305422	979219	7113	5121	4821	4767	1763	2505	1298	3001	1974	2646	1164	2707	1972	1963	949	900	1595	1564	579	590	27289
*	5p	-	61	300075	177606	182354	299608	959643	6626	4685	4674	4725	1776	2477	1245	2952	1921	2745	1144	2567	1905	1996	953	888	1483	1554	539	600	26406
*	5p	-	62	294227	172345	180390	292526	939488	6886	4719	4658	4581	1770	2366	1231	2912	1909	2603	1246	2582	1906	1927	911	908	1509	1449	577	577	25526
*	5p	-	63	288432	168163	176079	286170	918844	6915	4556	4426	4354	1689	2328	1181	2728	1752	2519	1094	2532	1877	1905	831	841	1527	1445	545	556	24752
*	5p	-	64	281355	166843	171348	278864	898410	6711	4625	4564	4356	1692	2284	1155	2817	1751	2456	1110	2433	1796	1819	956	899	1457	1403	544	498	23970
*	5p	-	65	273963	161978	167167	274704	877812	6584	4389	4312	4091	1661	2162	1103	2726	1778	2453	1050	2289	1775	1819	868	828	1419	1365	489	561	23238
*	5p	-	66	268100	157664	163228	268043	857035	6518	4384	4309	4024	1684	2140	1068	2668	1857	2371	961	2264	1746	1737	804	830	1442	1306	478	509	22516
*	5p	-	67	262265	153182	159695	261020	836162	6488	4289	4133	3962	1586	2164	1042	2470	1636	2308	1014	2329	1705	1735	752	802	1381	1303	466	479	21795
*	5p	-	68	256157	149444	154916	254783	815300	6461	4054	4031	3928	1524	2076	1055	2411	1683	2252	986	2190	1707	1701	753	774	1362	1291	484	489	21096
*	5p	-	69	249629	146883	150790	247004	794306	6365	3982	3979	3911	1488	2015	1019	2592	1613	2279	989	2034	1587	1630	796	808	1313	1257	478	499	20433
*	5p	-	70	244526	140568	146654	241767	773515	6046	3912	3771	3720	1449	2004	981	2393	1552	2158	921	2054	1578	1621	715	753	1259	1238	485	459	19770
