# table produced by mapDamage version 2.2.1
# using mapped file CviAPal005.merged.L103.realn.bam and reference.ssl.Cvi20k_rename.fasta as reference file
# Chr: reference from sam/bam header, End: from which termini of DNA sequences, Std: strand of reads
Chr	End	Std	Pos	A	C	G	T	Total	G>A	C>T	A>G	T>C	A>C	A>T	C>G	C>A	T>G	T>A	G>C	G>T	A>-	T>-	C>-	G>-	->A	->T	->C	->G	S
*	3p	+	1	706406	502788	703263	731735	2644192	34480	7720	12906	8948	3838	4228	3711	4916	5526	4510	2599	4446	0	0	0	0	216	236	191	236	683620
*	3p	+	2	840869	537611	461199	804652	2644331	21629	7965	6661	8974	3208	3556	1707	4589	2803	4270	2338	3461	39	51	41	43	251	280	155	154	682553
*	3p	+	3	803880	459709	571221	809592	2644402	14514	7781	7533	6614	2325	3230	2132	4722	3047	3360	1698	3778	103	93	69	49	255	292	97	116	666325
*	3p	+	4	804550	456798	543463	839153	2643964	11811	7553	7305	6075	2320	3264	1908	4337	2882	3355	1629	3799	215	214	232	193	342	337	252	275	646105
*	3p	+	5	791156	497353	504810	850590	2643909	10050	7510	6841	6706	2421	3334	1773	4358	2640	3074	1874	3865	294	310	275	254	363	423	248	239	623569
*	3p	+	6	766094	522147	493167	862278	2643686	14605	12001	10214	10916	4582	5984	2924	7631	4590	6173	3389	6667	385	425	324	320	431	553	280	227	598022
*	3p	+	7	860296	490413	506184	786609	2643502	15620	10724	10510	9624	4122	5359	2924	7598	4506	6579	3127	6116	504	558	317	319	551	578	257	303	585246
*	3p	+	8	846344	489274	532272	775391	2643281	15079	10579	10880	10171	4075	5165	3154	7489	4859	6900	3191	6111	592	679	379	352	619	668	286	331	571037
*	3p	+	9	879149	485646	528229	749780	2642804	14948	10133	10865	10168	4104	4790	2987	7648	4693	6553	3460	6126	831	889	485	486	894	740	349	407	556601
*	3p	+	10	835835	501577	499322	805667	2642401	14124	11155	10547	10042	4196	5382	2857	7187	4626	6442	3159	6212	1003	969	537	506	1028	914	420	419	542515
*	3p	+	11	792847	515463	534083	799467	2641860	14316	11554	11723	11226	4707	5749	3233	7745	5183	6848	3712	6843	1287	1145	584	620	1143	1071	548	568	528221
*	3p	+	12	787522	510392	554979	788527	2641420	14878	11453	12061	11553	4503	5333	3214	7668	5354	6831	9512	6812	1394	1332	714	725	1325	1268	552	621	517669
*	3p	+	13	805316	504340	535814	795732	2641202	14578	11300	11595	11064	4643	5702	2935	7599	5158	6808	3406	6577	1522	1460	673	788	1480	1347	513	644	506427
*	3p	+	14	797902	513555	538556	790826	2640839	13861	11468	11130	11019	4509	5506	3189	7764	5119	6919	3483	6871	1602	1514	812	918	1558	1463	602	689	495843
*	3p	+	15	812269	502222	522295	803698	2640484	13713	11406	11456	10768	4600	5509	4058	7569	5075	6928	3287	6607	1757	1805	883	952	1710	1589	657	751	485331
*	3p	+	16	798169	503333	524288	814283	2640073	14043	11482	11447	11246	4528	5595	3087	7517	5406	7125	9703	6827	1878	1841	943	961	1811	1750	737	788	474663
*	3p	+	17	802920	506601	516659	813528	2639708	13435	11410	11812	11343	4507	6064	3130	7537	5286	7215	3343	6547	2063	1997	988	1091	2004	1894	758	819	465693
*	3p	+	18	800389	523472	521178	794062	2639101	13453	11525	11263	11312	4578	5540	3094	7968	5194	7045	3067	6583	2147	2119	1018	1093	2094	2015	822	1154	456745
*	3p	+	19	818252	503789	523028	794221	2639290	13006	11568	11091	11282	4685	5701	3233	7355	4914	6594	2915	6618	2200	2117	1082	1067	2199	1986	819	884	447938
*	3p	+	20	778993	519137	516020	783812	2597962	13963	12217	11837	12060	4957	6076	3680	7965	6046	7458	3163	7229	2376	2326	1148	1224	2269	2165	922	925	439595
*	3p	+	21	784922	507109	512940	775679	2580650	14501	12573	12239	13363	5064	6548	5504	7836	5457	7278	3229	7155	2439	2391	1278	1313	2450	2263	957	1071	431173
*	3p	+	22	779730	498666	517721	776336	2572453	14201	12440	11822	11746	5045	6088	3265	7611	5342	7357	3761	7155	2643	2621	1233	1408	2590	2478	1001	1008	423588
*	3p	+	23	782211	503795	509009	771817	2566832	13978	12220	11999	11838	4834	6028	3573	7842	5330	7255	3336	7022	2680	2734	1366	1533	2751	2560	1063	1313	416248
*	3p	+	24	764870	513562	512905	771853	2563190	14094	12724	12129	11966	4936	5932	3328	8115	5256	7463	3216	7228	2869	2850	1486	1439	2758	2846	1021	1098	408983
*	3p	+	25	766512	512473	516125	763164	2558274	14607	12664	11972	12145	4798	5994	3313	7964	5246	7180	3211	7682	2926	2828	1440	1569	2702	2686	1096	1178	401792
*	3p	+	26	763856	503485	514207	772503	2554051	14108	13556	12186	11521	4750	6100	3223	7811	5417	7407	3270	7392	2943	3019	1595	1606	2873	2715	1112	1098	394853
*	3p	+	27	766925	505549	498553	779307	2550334	13927	12878	12191	12078	4786	6064	3310	7688	5507	7331	3144	7225	3002	3145	1545	1642	2866	2816	1173	1176	388378
*	3p	+	28	757841	505423	520376	763499	2547139	14137	12324	12025	11783	4908	6068	3256	7873	5274	7266	3770	7214	3119	3203	1624	1763	2961	2867	1205	1196	381872
*	3p	+	29	762089	506604	504445	771240	2544378	13894	12715	11782	11977	4826	5752	3110	7685	5300	7233	3302	7087	3327	3203	1602	1622	3094	2976	1306	1220	375470
*	3p	+	30	774877	504788	495662	766266	2541593	13558	12218	11816	11778	4781	5761	3235	7644	5233	7101	3205	7066	3267	3198	1720	1766	3180	2924	1184	1396	369219
*	3p	+	31	771890	490278	512740	757359	2532267	13593	12207	12985	12029	4837	6072	3149	7591	5965	7359	3143	7459	3643	3419	1705	1671	3169	2983	1174	1210	363213
*	3p	+	32	750028	500899	499503	772569	2522999	13625	12280	12045	11656	4832	6100	3286	7725	5419	7184	3077	7270	3389	3445	1799	1892	3226	3164	1129	1296	357353
*	3p	+	33	748395	489381	504424	771543	2513743	14022	12333	11468	12094	4962	6057	3388	7377	5332	7327	3154	7266	3524	3384	1740	1947	3266	3082	1201	1297	351764
*	3p	+	34	748606	491601	487558	776319	2504084	13527	12687	11788	11785	4746	5850	4321	7840	5529	6998	3120	7187	3483	3620	1850	1878	3268	3232	1331	1392	346105
*	3p	+	35	749548	486995	489158	768632	2494333	13720	12425	11777	11951	4846	5942	3285	7542	5388	7170	3096	7215	3714	3693	1871	1940	3350	3330	1230	1416	340620
*	3p	+	36	758466	483559	494085	740214	2476324	13636	12529	11947	12576	4660	5948	3218	7633	5076	7123	3220	7132	3604	3797	1979	1962	3444	3392	1318	1289	335324
*	3p	+	37	744265	474847	493593	745881	2458586	13516	12253	11721	16254	5421	6010	3222	7155	5151	6926	3006	7614	3762	3858	1779	2078	3385	3334	1311	1398	330067
*	3p	+	38	754742	484178	473666	725977	2438563	13074	12442	11636	11384	4719	5894	3912	7303	4910	6756	3074	7029	3908	3672	1987	2118	3477	3384	1351	1310	324938
*	3p	+	39	745607	469857	478006	726033	2419503	13001	11996	11775	11527	4657	5725	3026	7362	5024	6885	3000	7105	3835	3816	1866	2009	3546	3350	1318	1347	319903
*	3p	+	40	732440	467768	472695	727358	2400261	13196	12234	11202	11499	4696	5694	3010	7352	5069	6975	2970	7036	3860	3800	1943	2039	3571	3308	1311	1345	314827
*	3p	+	41	713407	480237	472000	710472	2376116	13102	12265	11713	11493	5229	5566	3130	7406	5097	6824	2993	7108	3841	3844	1941	2008	3582	3222	1260	1355	309840
*	3p	+	42	706670	465138	472591	705980	2350379	13157	12286	11457	11115	4617	5636	3049	7061	4821	7044	3020	7019	3904	3909	1943	2191	3460	3322	1244	1476	305041
*	3p	+	43	707378	453363	454210	709452	2324403	12662	11938	11439	11030	4542	5757	2981	6963	4735	6706	2853	6936	3900	3984	1914	2073	3517	3354	1313	1366	300291
*	3p	+	44	695929	452406	454466	694468	2297269	12823	11936	14252	11111	4642	5693	2782	6760	4796	6402	2901	6594	3931	3865	1963	2023	3463	3369	1420	1314	295657
*	3p	+	45	702063	441170	441377	684599	2269209	12652	11514	11139	10985	4581	5690	2969	6654	4651	6486	2918	6833	3806	3810	1928	2088	3489	3390	1277	1466	291064
*	3p	+	46	688381	442563	430427	676920	2238291	12211	11788	10963	11109	4512	5608	3260	6915	4438	6211	2874	6402	3767	3784	2012	2036	3420	3275	1298	1382	286531
*	3p	+	47	683452	427802	422828	672100	2206182	11962	11234	10388	10704	4192	5349	2740	6768	4474	6192	2849	6464	3966	3876	1918	1955	3428	3228	1296	1393	282029
*	3p	+	48	658766	438956	419827	655844	2173393	11990	11031	10388	10543	4335	5278	2719	6954	4691	6244	2837	6303	3803	3956	1992	1960	3449	3424	1303	1324	277611
*	3p	+	49	647463	416307	407666	668588	2140024	11699	10995	10038	14134	4150	5271	2689	6720	4480	6019	2795	6127	3762	3917	1885	1981	3440	3321	1270	1333	273107
*	3p	+	50	651111	408723	408223	638517	2106574	11426	10790	10188	10243	4162	5111	2641	6387	4270	5985	2666	6184	3784	3904	1904	2015	3377	3335	1207	1309	268665
*	3p	+	51	634147	410833	400299	629796	2075075	11247	10597	10035	10084	3997	5090	2617	6375	4109	5823	2653	6053	3812	3686	1865	2000	3362	3255	1210	1321	264133
*	3p	+	52	620403	405951	397813	618736	2042903	11060	10453	9768	9963	4021	4911	3474	14831	4061	5701	2710	6179	3810	3646	1944	1884	3331	3201	1213	1221	259723
*	3p	+	53	621349	392132	386657	610204	2010342	10814	10442	9688	9772	3826	4834	2600	5988	4077	5707	2617	6259	3713	3666	1865	1972	3276	3091	1179	1257	255375
*	3p	+	54	611008	387017	375501	603282	1976808	10726	10517	9503	9708	3893	4951	2549	5709	3896	5551	2526	5712	3632	3716	1877	1858	3261	3036	1150	1236	251096
*	3p	+	55	585653	394485	369270	593438	1942846	10835	10319	9255	9700	3806	4757	2326	5779	3830	5647	2542	5814	3694	3562	1863	1862	3239	3063	1190	1233	246795
*	3p	+	56	580436	370631	363507	593547	1908121	10199	10026	9078	9667	3945	5041	2404	5470	3876	5351	2444	5628	3591	3533	1776	1803	3137	3179	1202	1170	242416
*	3p	+	57	574058	363179	353099	582908	1873244	9863	9774	9140	9603	3734	4542	2387	5564	3805	5346	2447	5472	3390	3421	1895	1760	3223	2979	1187	1142	238115
*	3p	+	58	561465	356508	348878	571830	1838681	10190	9383	8592	9095	3509	4488	2260	5374	3658	5140	2470	5500	3458	3429	1763	1787	3096	3024	1115	1222	233856
*	3p	+	59	552827	350336	350222	549569	1802954	9875	9445	8676	8845	3504	4510	2236	5191	3666	5021	2271	5353	3380	3456	1735	1668	3153	2859	1117	1142	229481
*	3p	+	60	542429	355724	332880	536796	1767829	9684	9530	8466	8970	3461	4429	2329	5166	3456	4996	2283	5224	3257	3286	1688	1709	3074	2843	1102	1130	225281
*	3p	+	61	537405	335219	333727	526263	1732614	9258	9035	8287	8350	3499	4458	2089	5192	3467	4950	2142	5137	3263	3291	1672	1679	2955	2986	1035	1091	220864
*	3p	+	62	516468	337368	320397	523508	1697741	9165	8845	8203	8356	3376	4265	2170	4960	3375	4704	2413	5186	3235	3244	1615	1605	2868	2796	1038	1067	216568
*	3p	+	63	513902	324435	311975	511874	1662186	8861	8709	8025	8355	3251	4305	2076	4920	3304	4875	2135	4866	3130	3305	1548	1589	2815	2743	1035	1013	212318
*	3p	+	64	501417	315146	315359	494554	1626476	8835	8730	7897	7923	3264	4043	2057	4815	3273	4413	2065	4918	3144	3133	1606	1568	2681	2703	996	1027	208102
*	3p	+	65	496262	310747	300775	483240	1591024	8445	8681	7406	7767	3348	3855	2161	4624	3240	4358	1976	4784	2992	3019	1473	1611	2728	2626	964	1006	203618
*	3p	+	66	486561	303469	294512	471236	1555778	8254	8008	7401	7564	3165	3840	1932	4587	3134	4296	1904	4755	3078	3014	1465	1494	2579	2552	1034	925	199018
*	3p	+	67	469337	302697	286354	462318	1520706	8021	8347	7487	8127	3100	3761	1926	4730	3027	4340	1852	4676	2939	2984	1466	1541	2507	2519	942	983	194683
*	3p	+	68	455465	288840	286667	454704	1485676	7865	7826	7073	7277	2974	3551	1783	4357	2993	4232	1967	4530	2891	2883	1477	1499	2488	2404	924	928	190318
*	3p	+	69	444349	282248	281383	442711	1450691	7664	7728	7141	7257	2857	3549	1752	4353	3010	4114	1950	4385	2874	2865	1417	1408	2504	2414	951	908	185650
*	3p	+	70	436839	273361	268556	437674	1416430	7459	7417	6861	6979	2885	3637	1819	4096	2822	3947	1804	4483	2754	2848	1405	1397	2413	2350	850	907	180545
*	3p	-	1	659639	459794	652747	672860	2445040	33313	7197	12105	8472	3552	3952	3365	4617	5274	4071	2232	4131	0	0	0	0	375	476	241	278	602625
*	3p	-	2	781961	482762	428786	752308	2445817	21210	7230	6444	8720	2963	3432	1588	4317	2590	4080	2028	3127	485	504	117	86	206	260	114	80	602128
*	3p	-	3	752623	423345	510705	759363	2446036	13975	7171	7244	6086	2111	3061	1938	4397	2860	3234	1515	3510	281	334	107	120	142	179	40	70	587615
*	3p	-	4	749265	417917	485963	791368	2444513	11118	6932	7097	5906	2145	3157	1742	4151	2772	3060	1515	3596	680	839	292	302	752	702	253	269	569393
*	3p	-	5	730534	457513	462848	793491	2444386	9674	7027	6504	6301	2363	3185	1645	4076	2561	2903	1626	3563	789	811	347	319	813	797	269	230	549350
*	3p	-	6	721387	463179	452398	806939	2443903	13777	10890	9789	10072	4063	5487	2669	6812	4283	5737	2800	6215	958	934	388	392	986	994	287	322	526722
*	3p	-	7	786180	443715	470109	743774	2443778	14618	9835	9720	9131	3801	5031	2646	7129	4460	6171	2593	5783	1066	868	419	397	1160	953	285	322	515672
*	3p	-	8	778387	445529	488740	730971	2443627	14035	9768	10271	9439	3712	4915	2818	7105	4476	6193	2509	5745	1057	980	443	416	1118	1035	370	349	503477
*	3p	-	9	810338	443069	486916	702510	2442833	14172	9114	10053	9577	3885	4791	2662	7066	4656	6619	2576	5602	1367	1332	603	580	1474	1245	469	470	491241
*	3p	-	10	763703	459419	463194	756152	2442468	13411	10178	9792	9442	3909	5218	2611	6985	4578	6009	2575	5750	1442	1586	664	692	1543	1504	497	489	479096
*	3p	-	11	725107	479185	495845	742129	2442266	13557	10599	11139	10766	4394	5263	3000	7254	4977	6363	2981	6326	1662	1608	753	862	1480	1600	560	588	466642
*	3p	-	12	731914	474445	497815	737865	2442039	13378	10541	11236	10836	4330	5194	3841	7182	5129	6536	2868	6205	1758	1783	855	844	1638	1596	595	638	457902
*	3p	-	13	745087	469793	485534	741122	2441536	13442	10508	10718	10542	4258	5234	2868	7099	4858	6476	2947	6238	1807	1892	888	952	1846	1766	657	692	448782
*	3p	-	14	747198	467732	485325	740781	2441036	13374	10475	10858	10368	4639	5238	2802	7106	5034	6432	3047	6202	1972	2059	947	985	2019	1970	675	730	439738
*	3p	-	15	744254	468066	486934	741656	2440910	13046	10588	10713	10014	4405	5384	2866	7134	4849	6373	2811	6239	2068	2109	966	1054	2083	2026	705	771	430906
*	3p	-	16	745350	472483	479567	743113	2440513	13068	10867	10797	10547	4341	5351	2910	7226	4951	6595	2865	6364	2251	2126	1003	1038	2145	2203	780	815	422114
*	3p	-	17	743088	473898	483578	739717	2440281	13029	10529	10754	10438	4688	5325	2883	7274	4908	6269	4129	6319	2240	2300	1067	1193	2274	2240	844	859	414638
*	3p	-	18	738434	473784	484170	743668	2440056	13150	10370	10917	10350	4172	5112	2834	7024	4713	6437	2924	6217	2410	2416	1139	1184	2277	2401	859	883	407151
*	3p	-	19	742621	471834	481650	743599	2439704	12463	10244	10491	9899	4196	5253	2791	6888	4715	6423	2751	6211	2563	2462	1228	1234	2573	2380	882	947	399831
*	3p	-	20	724534	470588	478856	724682	2398660	13280	11138	11249	10879	4534	5764	3050	7397	5173	6757	3076	6780	2560	2728	1251	1312	2437	2529	922	1066	392768
*	3p	-	21	720582	466000	472805	721892	2381279	13327	11638	11634	11145	4524	5720	3143	7613	5172	6878	2921	6709	2777	2729	1320	1359	2683	2587	948	1012	385764
*	3p	-	22	718683	463617	469775	721329	2373404	13120	11286	11574	11162	4583	5469	3104	7337	5427	6823	3051	6549	2787	2812	1401	1434	2798	2634	990	981	379489
*	3p	-	23	721692	464219	469551	712789	2368251	13163	11630	11701	11035	4401	5650	3148	7262	5062	6811	3086	6939	2959	2848	1519	1334	2816	2712	1004	1042	373312
*	3p	-	24	715326	467259	467649	714306	2364540	12988	11681	11465	11074	4541	5759	2904	7507	5078	6757	3074	6834	3009	2939	1485	1422	2815	2786	1058	1039	367258
*	3p	-	25	713930	461374	466935	717053	2359292	13258	11689	11374	11108	4305	5642	3004	7251	4886	6789	3444	6822	3122	2944	1581	1544	2931	2826	1098	1107	361408
*	3p	-	26	709772	466104	465428	713841	2355145	12996	11625	11512	11258	4502	5660	3094	7475	5065	6990	2991	6665	3211	3018	1635	1474	3029	2792	1069	1139	355778
*	3p	-	27	709534	463897	465187	712871	2351489	13098	11437	11592	11252	4406	5627	3109	7325	5098	6751	2973	6765	3075	3086	1750	1644	3098	2824	1098	1190	350353
*	3p	-	28	708583	460881	465636	713121	2348221	12980	11630	11331	10995	4552	5606	3186	7394	5120	6674	3069	6884	3116	3214	1666	1679	3168	2885	1112	1166	345020
*	3p	-	29	706694	462029	462716	714304	2345743	12683	11079	11095	10747	4376	5462	2973	7013	4842	6767	2775	6497	3232	3196	1686	1598	3178	2925	1184	1206	339755
*	3p	-	30	706116	466359	463250	707112	2342837	12790	11369	10999	11024	4392	5686	2991	7239	4884	6692	2901	6530	3371	3380	1650	1673	3119	3075	1227	1167	334563
*	3p	-	31	707374	459003	462282	705152	2333811	13003	11102	11367	11299	4407	5456	3038	6933	5045	6330	3062	6622	3397	3348	1745	1776	3186	3178	1205	1250	329645
*	3p	-	32	704266	459486	459627	701924	2325303	12872	11504	11368	10938	4418	5533	2917	7105	4927	6565	2840	6625	3528	3281	1717	1718	3175	3134	1227	1241	324948
*	3p	-	33	697645	457798	460463	700564	2316470	12918	11082	11047	10794	4449	5590	2948	7212	4922	6478	2964	6657	3389	3517	1788	1668	3220	3216	1192	1270	320249
*	3p	-	34	694973	456344	453395	702877	2307589	12610	11158	10929	10831	4366	5549	2903	6885	4903	6579	2879	6653	3498	3426	1752	1791	3332	3161	1204	1266	315603
*	3p	-	35	698756	450812	454861	694118	2298547	12337	11420	11214	10599	4539	5586	2951	6892	4871	6415	2858	6665	3682	3502	1849	1705	3349	3254	1267	1231	310983
*	3p	-	36	692693	452035	451705	686177	2282610	12692	11360	11236	10981	4444	5515	2914	6700	4708	6595	2942	6652	3573	3473	1791	1803	3305	3280	1272	1229	306317
*	3p	-	37	692736	443206	444976	685221	2266139	12473	11161	11131	11045	4381	5549	2965	6818	4762	6560	2782	6465	3564	3561	1838	1746	3362	3310	1221	1245	302065
*	3p	-	38	686384	442243	440130	679991	2248748	12776	11081	11148	10985	4470	5496	3133	6783	4919	6441	2940	6653	3544	3587	1716	1896	3290	3225	1270	1291	297667
*	3p	-	39	677193	440345	439335	674778	2231651	12531	11378	11003	10936	4228	5590	2916	6796	4661	6467	2891	6733	3567	3526	1736	1817	3260	3100	1214	1280	293382
*	3p	-	40	669855	438396	432614	673091	2213956	12131	11121	10894	10751	4215	5494	2845	6552	4538	6394	2889	6446	3567	3546	1790	1721	3247	3210	1186	1241	289188
*	3p	-	41	664240	432145	428343	666854	2191582	12354	11283	10796	10790	4347	5436	2803	6532	4693	6383	2866	6582	3701	3421	1757	1799	3227	3178	1256	1260	284943
*	3p	-	42	657495	430517	423890	656092	2167994	12021	11280	10611	10517	4355	5384	2716	6558	4691	6052	2807	6453	3632	3399	1799	1830	3212	3168	1227	1271	280876
*	3p	-	43	650518	420615	421804	651539	2144476	12011	10852	10499	10480	4348	5261	2783	6437	4446	6237	2808	8407	3452	3545	1794	1804	3248	3118	1228	1242	276738
*	3p	-	44	642240	417432	414952	644597	2119221	11807	10805	10375	10318	4230	5269	2723	6400	4451	6013	2643	6387	3415	3538	1860	1743	3200	3214	1243	1224	272714
*	3p	-	45	637108	413821	407626	634685	2093240	11614	10984	10224	10240	4046	5118	2739	6260	4431	6168	2635	6246	3463	3508	1794	1762	3213	3161	1259	1240	268680
*	3p	-	46	628836	405649	402364	627889	2064738	11473	10439	11657	9983	4054	5169	2586	6211	4254	6113	2720	6366	3425	3448	1739	1774	3163	3152	1262	1216	264798
*	3p	-	47	620491	400290	396450	617980	2035211	11535	10566	10028	9998	3922	5005	2609	5947	4237	5891	2739	6912	3395	3523	1830	1753	3150	3118	1214	1177	260893
*	3p	-	48	612082	394040	389970	609146	2005238	11242	10378	9935	9922	3879	5130	2729	5982	4223	5739	2667	5806	3486	3453	1743	1750	3087	3070	1207	1201	257046
*	3p	-	49	603308	387331	379605	604283	1974527	10886	10274	9843	9616	3834	5042	2589	6002	4234	5809	2545	5887	3483	3475	1814	1719	3027	3166	1194	1144	253207
*	3p	-	50	594022	379988	378252	591119	1943381	10712	10118	9804	9245	3847	4832	2587	5660	4042	5622	2576	5916	3389	3496	1802	1739	3051	3050	1137	1215	249382
*	3p	-	51	582653	378006	368370	585138	1914167	10396	9734	9360	9302	3860	4724	2489	5707	3877	5369	2531	5668	3382	3431	1707	1695	3039	2955	1173	1122	245593
*	3p	-	52	575629	368966	365240	574253	1884088	10464	9719	9153	9368	3683	4675	2460	5402	3827	5387	2432	5539	3346	3291	1789	1700	3021	2938	1167	1103	241668
*	3p	-	53	566106	367758	354716	565177	1853757	10030	9671	9158	9066	3687	4662	2485	5731	3891	5260	2268	5469	3211	3381	1698	1675	2812	2968	1144	1115	237951
*	3p	-	54	556859	357915	351593	556475	1822842	9860	9607	9129	8999	3633	4557	2444	5431	3731	5293	2227	5375	3254	3254	1717	1656	2823	2888	1166	1102	234061
*	3p	-	55	546737	355864	342687	546515	1791803	9890	9481	8928	8599	3611	4532	2388	5395	3590	5136	2237	5391	3247	3207	1666	1674	2917	2777	1108	1050	230091
*	3p	-	56	536230	346102	338875	538879	1760086	9702	9055	8645	8592	3447	4425	2255	5404	3643	5110	2274	5355	3065	3220	1674	1617	2801	2722	1098	1012	226273
*	3p	-	57	527620	338587	331145	530390	1727742	9471	8921	9657	8433	3425	4348	2362	5186	3656	5012	2214	5212	3081	3133	1636	1633	2756	2661	1136	1039	222333
*	3p	-	58	517618	335944	324110	517765	1695437	9179	8858	8229	8219	3263	4245	2237	5058	3309	4906	2251	5089	3012	3152	1587	1569	2752	2590	1166	974	218361
*	3p	-	59	511275	324575	317360	509697	1662907	9045	8573	8178	7989	3341	4246	2224	4969	3362	4851	2204	4924	3016	3018	1595	1526	2644	2576	999	1038	214504
*	3p	-	60	503445	319538	307885	499522	1630390	8784	8462	8093	7917	3262	4051	2092	4793	3248	4662	2188	4955	2984	3015	1592	1523	2534	2508	1049	1003	210694
*	3p	-	61	491525	312865	304969	488184	1597543	8865	8350	7769	7644	3046	4170	2186	4662	3192	4566	2071	4798	3005	2895	1553	1415	2524	2417	1047	1023	206864
*	3p	-	62	479042	309327	299424	477026	1564819	8720	8264	7816	7743	3020	3905	2015	4674	3145	4556	1957	4612	2820	2938	1546	1405	2516	2443	990	1005	202996
*	3p	-	63	469497	300407	291211	470889	1532004	8265	7955	7552	7627	2971	3805	2002	4561	2989	4455	1939	4585	2789	2780	1426	1440	2419	2520	930	908	199180
*	3p	-	64	459396	294282	286392	458691	1498761	8132	8079	7467	7386	2979	3801	1934	4496	3063	4362	1953	4464	2757	2751	1423	1384	2418	2354	950	896	195261
*	3p	-	65	450566	286332	279282	450226	1466406	8090	7739	7083	7312	2836	3842	1996	4314	2969	4303	2000	4938	2641	2590	1469	1366	2286	2316	898	871	191293
*	3p	-	66	438210	281515	274769	439617	1434111	7944	7790	7064	7076	2828	3530	2033	4283	2889	4062	1888	4345	2695	2592	1354	1326	2181	2173	984	870	187068
*	3p	-	67	429733	275577	266442	429969	1401721	7486	7475	6918	6973	2779	3603	1840	4232	2898	3986	1873	4289	2559	2615	1358	1357	2168	2174	884	845	183226
*	3p	-	68	420408	270640	258777	420035	1369860	7495	7399	6641	6745	2739	3407	1858	4024	2865	3812	1801	4037	2444	2569	1291	1365	2106	2054	857	857	179292
*	3p	-	69	411078	262359	253983	410214	1337634	7172	7233	6514	6610	2622	3466	1836	4062	2790	3860	1751	4106	2438	2521	1306	1306	2112	2046	811	772	175036
*	3p	-	70	401698	256009	248584	399800	1306091	7081	6814	6457	6462	2519	3373	1726	3884	2753	3704	1752	3914	2364	2529	1283	1205	2025	2009	818	796	170269
*	5p	+	1	711563	724302	518472	689063	2643400	8678	10925	10322	15451	6540	4250	2920	7244	4395	5136	4426	3984	0	0	0	0	509	441	375	298	526244
*	5p	+	2	819338	458818	530313	835983	2644452	8782	12475	10425	7507	3212	4367	2432	4424	3592	4265	1767	4476	568	572	126	143	220	214	66	111	524813
*	5p	+	3	818226	558989	449732	817833	2644780	8484	9302	7186	8603	3455	3523	1782	4734	2487	3952	2406	5183	385	362	140	109	157	143	65	43	508748
*	5p	+	4	862621	520289	450461	809665	2643036	8259	8871	6979	7996	3141	3410	1790	4843	2469	3941	2050	4864	1056	781	338	359	802	836	256	260	488642
*	5p	+	5	866916	494793	502483	778571	2642763	8195	8148	7639	7572	2857	3276	1925	4686	2819	3878	2003	5074	960	932	327	368	888	980	241	317	466651
*	5p	+	6	886584	480402	503694	771566	2642246	12138	11268	11215	10606	4182	4956	3023	6578	4405	6601	2990	7150	1006	1069	399	459	1106	1178	330	338	441176
*	5p	+	7	804489	504355	477595	855715	2642154	10905	12536	10313	10671	4208	5510	2819	6440	3925	6055	2819	6936	971	1208	442	444	1007	1368	383	278	428125
*	5p	+	8	788633	530344	483563	839395	2641935	10681	12018	10102	11328	4337	5365	2743	6075	4183	5733	3118	7179	1122	1150	448	489	1159	1328	414	366	413803
*	5p	+	9	751730	532126	475654	881765	2641275	10123	12570	10727	11000	4485	5795	2781	6106	4162	5544	2932	7335	1438	1504	656	649	1374	1574	521	457	399233
*	5p	+	10	824634	497518	494703	824069	2640924	11522	11820	10549	10835	4237	5441	2889	6294	4356	6081	2902	7186	1652	1554	647	691	1678	1561	570	465	384987
*	5p	+	11	802678	542043	522286	773452	2640459	11774	12063	11766	12302	4716	5340	3285	6781	4847	6229	3456	7079	1727	1698	814	891	1736	1706	641	650	370250
*	5p	+	12	795925	544504	511769	787907	2640105	11510	12270	12008	12346	5038	5489	3376	6657	4751	6213	4124	7078	1852	1901	885	940	1844	1880	718	647	359591
*	5p	+	13	801323	529105	508807	800481	2639716	11629	12174	11427	11680	4650	5327	3225	6701	4637	6121	2984	7262	2046	1967	946	1051	2025	2025	727	702	348478
*	5p	+	14	801993	527460	504589	805244	2639286	11775	12307	11585	11754	4663	5588	3252	6786	5117	6311	2838	7201	2187	2270	1009	1056	2204	2142	778	785	337377
*	5p	+	15	799295	529763	506208	803637	2638903	11814	12213	11176	11866	4634	5437	3253	6662	4779	6141	3089	7120	2245	2458	1037	1038	2319	2273	905	791	326606
*	5p	+	16	804798	522349	510419	800895	2638461	11892	12271	11492	11838	4547	5549	3119	7023	4808	6273	3003	7439	2330	2438	1166	1148	2406	2392	843	873	315926
*	5p	+	17	803273	525384	508660	801228	2638545	11566	12154	11570	11907	4621	5455	4818	6689	5128	6186	3007	7054	2555	2590	1270	1235	2460	2368	913	896	306915
*	5p	+	18	806017	526864	510189	795268	2638338	11701	12373	11363	11611	4467	5405	3107	6876	4403	6173	3061	6887	2653	2591	1273	1267	2534	2478	926	906	297780
*	5p	+	19	804713	524071	508142	801195	2638121	11359	11674	10717	11318	4335	5430	2930	6713	4463	6272	2813	7006	2700	2881	1351	1411	2548	2544	1000	975	288911
*	5p	+	20	783593	522089	507660	783440	2596782	12450	12550	11789	12118	4818	5710	3237	7171	4906	6670	3111	7444	2898	2835	1461	1404	2738	2696	1002	1029	280218
*	5p	+	21	782830	514996	503812	777982	2579620	12823	12762	12297	12573	4872	5963	3390	7212	4955	6909	3488	7363	3027	2962	1421	1541	2815	2798	1049	1121	271868
*	5p	+	22	778223	512525	502201	778589	2571538	12577	12392	12164	12749	4951	5975	3177	7315	5026	6548	3195	7153	3085	3046	1500	1633	2881	2892	1122	1118	264278
*	5p	+	23	772091	510248	503119	780770	2566228	12935	12779	11962	12633	4975	5905	3334	7378	4774	6690	3261	7445	3105	3228	1561	1639	2998	2986	1083	1081	256667
*	5p	+	24	776023	509251	505521	771896	2562691	12989	12601	12073	12297	4656	5966	3261	7356	4972	6705	3207	7442	3116	3264	1605	1620	3040	2913	1155	1128	249497
*	5p	+	25	777161	509111	498336	772836	2557444	13033	12662	12085	12307	4936	5852	3747	7264	4895	6820	3425	7471	3179	3375	1668	1699	3084	3048	1140	1233	242602
*	5p	+	26	775324	508701	500696	768544	2553265	12608	12683	12208	12445	4896	5965	3238	7324	5000	6886	3421	7401	3314	3374	1677	1733	3052	3074	1238	1232	235717
*	5p	+	27	774461	506939	498767	769388	2549555	12927	12653	12208	12617	5072	6005	3156	7370	4939	6826	3459	7579	3382	3445	1721	1771	3241	3177	1258	1144	229412
*	5p	+	28	776353	504208	499763	766113	2546437	13102	12661	12100	12241	4745	5872	3233	7563	5031	6894	3465	7563	3446	3428	1801	1831	3290	3235	1177	1227	223152
*	5p	+	29	773259	504830	500105	765716	2543910	12772	12408	11982	12166	4700	5768	3054	7274	4863	6803	3336	7208	3553	3561	1740	1805	3262	3256	1297	1251	216934
*	5p	+	30	766080	503441	504921	766697	2541139	12814	12668	12211	11919	4853	5778	3176	7257	5166	6830	3326	7372	3632	3480	1825	1831	3342	3215	1235	1356	210974
*	5p	+	31	764775	505195	496786	764758	2531514	12715	12713	12307	12451	4540	5752	3306	7367	5077	7058	3353	7234	3580	3639	1902	1960	3391	3393	1248	1266	205073
*	5p	+	32	761488	501982	496308	762580	2522358	12871	12592	12132	12412	4596	5837	3163	7335	5162	6909	3342	7294	3607	3768	1939	1879	3369	3436	1284	1370	199752
*	5p	+	33	761071	500175	496873	754955	2513074	13065	12591	11879	11989	4702	5863	3253	7326	5524	6880	3358	7220	3820	3593	1857	1942	3409	3410	1315	1387	194408
*	5p	+	34	760388	495903	494557	752983	2503831	12902	12437	12058	12038	4650	5775	3141	7234	5002	6807	3266	6994	3842	3787	1934	1863	3406	3416	1342	1328	189177
*	5p	+	35	753069	497178	487504	756289	2494040	13194	12321	11588	11864	4564	5946	3134	7216	5132	6884	3274	7060	3712	3791	1894	1981	3554	3443	1353	1285	184229
*	5p	+	36	745448	492329	486654	751747	2476178	13157	12427	11797	12056	4771	5706	3088	7289	5014	6967	3252	7040	3726	3848	1792	1992	3368	3559	1293	1377	179412
*	5p	+	37	743630	486697	479362	748569	2458258	12981	12417	12024	11722	4605	5843	3158	7496	5015	6937	3427	6855	3824	3884	1868	2017	3651	3464	1303	1362	174726
*	5p	+	38	739038	479018	478662	741717	2438435	13138	12464	11753	11798	4653	5786	3179	7314	5277	6792	3407	6795	3697	3843	1886	1985	3478	3449	1366	1364	170229
*	5p	+	39	732383	478123	475256	733757	2419519	13489	12213	11556	12128	4488	5759	3102	7437	4857	7071	3315	6910	3810	3895	1910	1953	3380	3437	1322	1431	165800
*	5p	+	40	730255	470836	473610	725723	2400424	13164	11962	11458	11860	4475	5710	3248	7400	5046	6962	3316	6809	3898	3868	1818	1894	3422	3316	1319	1295	161470
*	5p	+	41	724433	465603	468521	717762	2376319	13133	12190	11595	11881	4372	5704	3233	7324	4980	6933	3129	6807	3888	3820	1761	1948	3256	3350	1276	1326	157263
*	5p	+	42	711784	462534	464540	711714	2350572	13333	12293	11661	11641	4661	5678	3059	7213	4865	6776	3048	6650	3844	3823	1879	1943	3375	3291	1290	1343	153159
*	5p	+	43	704632	458913	456422	704599	2324566	13109	11653	11348	11354	4350	5625	3062	8540	5050	6605	2987	6555	3928	3767	1893	1937	3445	3279	1384	1284	149053
*	5p	+	44	698662	450829	452189	695725	2297405	13022	11710	11143	11441	4451	5456	2979	6962	4833	6528	3173	6310	3802	3827	1930	2004	3420	3437	1280	1281	145174
*	5p	+	45	688065	442130	448926	690327	2269448	12922	11593	10951	11081	4421	5588	2911	6956	4646	6718	3124	6771	3802	3807	1913	2000	3412	3364	1283	1325	141259
*	5p	+	46	681634	436917	440293	679572	2238416	12818	11376	10613	12190	4519	5489	2780	6822	4821	6456	3073	6461	3748	3758	1924	1977	3366	3260	1326	1319	137359
*	5p	+	47	669059	430374	432663	674214	2206310	12597	11207	10535	10825	4103	5392	2981	7412	4548	6227	3009	6254	3707	3712	1927	1969	3426	3185	1275	1345	133663
*	5p	+	48	658795	425340	425556	664070	2173761	12408	11115	10403	10878	4225	5313	2890	6596	4377	6269	2991	6364	3749	3794	1907	1852	3233	3269	1329	1319	130031
*	5p	+	49	654324	414051	420013	651966	2140354	12224	10761	10146	10345	4138	5243	2749	6479	4245	6561	2971	6123	3727	3724	1899	1968	3479	3050	1240	1273	126541
*	5p	+	50	639830	411841	411378	643781	2106830	12186	10993	10280	10563	3978	5121	2695	6316	4498	5964	2845	6109	3682	3734	1878	1913	3275	3170	1222	1281	123088
*	5p	+	51	634586	401254	408101	631300	2075241	11982	10554	10218	10181	3942	5177	2785	6305	4531	5736	2897	5889	3616	3718	1831	1940	3360	3123	1181	1276	119797
*	5p	+	52	620413	397358	399353	625916	2043040	11869	10641	9682	9913	4050	5041	2811	6225	4227	5772	2870	5904	3496	3556	1860	1880	3342	3085	1175	1232	116473
*	5p	+	53	613358	386923	398457	611729	2010467	11882	10205	9664	9664	3946	4894	2588	6165	4140	5700	2869	6264	3410	3614	1820	1896	3239	2988	1175	1263	113345
*	5p	+	54	605225	382741	386215	602692	1976873	11716	9886	9749	9730	3852	4862	2658	6024	4146	5671	2734	5778	3478	3532	1829	1837	3201	3054	1135	1220	110338
*	5p	+	55	593055	374086	384358	591762	1943261	11689	9949	9545	9537	3817	4836	2433	5806	4034	5504	2739	5736	3445	3476	1779	1885	3064	2933	1073	1251	107304
*	5p	+	56	584683	366712	374310	582881	1908586	11543	9645	9339	9342	3680	4584	2388	5929	3850	5427	2759	5668	3481	3303	1722	1813	2871	2990	1105	1264	104448
*	5p	+	57	573068	360048	369248	571397	1873761	11375	9753	8910	10425	3738	4603	2265	5805	3692	5394	2744	5603	3200	3438	1750	1743	2891	2848	1103	1179	101717
*	5p	+	58	562632	351476	364546	560593	1839247	11249	9275	8908	8810	3525	4525	2292	5671	3823	5234	2537	5494	3236	3364	1690	1708	2845	2808	1052	1172	98980
*	5p	+	59	553072	346042	352225	552137	1803476	11154	9320	8547	8708	3476	4457	2339	5628	3976	5159	2740	4876	3165	3268	1636	1708	2823	2744	1085	1141	96373
*	5p	+	60	541130	335797	345996	545505	1768428	10797	9092	8508	8513	3245	4366	2302	5572	3868	5161	2490	5104	3226	3198	1639	1733	2762	2611	1050	1136	93831
*	5p	+	61	530506	331667	339569	531501	1733243	10621	8842	8489	8328	3307	4228	2280	5494	3609	5041	2512	4784	3097	3061	1619	1719	2678	2692	1019	1060	91246
*	5p	+	62	517751	325257	335783	519322	1698113	10496	8785	8029	8246	3155	4260	2123	5304	3493	4829	2447	4953	3042	3041	1562	1765	2610	2619	995	1078	88775
*	5p	+	63	510584	317826	326199	508081	1662690	10329	8605	7991	7946	3265	4191	2154	5159	3583	4686	2353	4778	2917	3126	1562	1515	2543	2529	953	1106	86309
*	5p	+	64	497763	313229	319031	496931	1626954	10090	8269	8101	7718	3053	4110	2172	5194	3435	4678	2208	4717	2924	2881	1522	1605	2445	2523	980	987	83869
*	5p	+	65	489964	304177	309651	487701	1591493	10059	8037	7790	7493	3017	4026	2230	5722	3346	4672	2191	4394	2940	2907	1449	1523	2479	2411	964	1032	81540
*	5p	+	66	478308	299823	304762	473230	1556123	9765	8182	7773	7398	3132	3846	2085	4845	3380	4616	2300	4403	2860	2759	1496	1517	2398	2401	920	1019	79295
*	5p	+	67	468053	290803	297308	464884	1521048	9592	7702	7532	7269	2961	3799	2055	4811	3230	4549	2153	4190	2704	2707	1441	1355	2361	2340	919	995	77106
*	5p	+	68	456371	280800	294639	454310	1486120	9529	7589	7311	7147	2980	3777	1972	4688	3164	4410	2213	4296	2709	2600	1445	1425	2280	2216	889	923	75004
*	5p	+	69	446298	276572	285328	443023	1451221	9357	7492	7372	6841	2907	3659	2018	4501	3194	4496	2148	4060	2554	2569	1397	1378	2223	2244	843	943	72955
*	5p	+	70	436499	268874	277808	433613	1416794	9059	7255	6953	6938	2798	3573	1896	4489	3177	4111	2110	3962	2608	2474	1325	1396	2196	2154	880	932	70852
*	5p	-	1	655815	668092	486291	635337	2445535	8040	9417	9110	13433	5843	3876	2679	6390	4152	4739	4216	3691	0	0	0	0	199	192	254	195	503947
*	5p	-	2	750949	425179	497101	772348	2445577	7974	11332	9339	6830	2837	4076	2382	3928	3412	3948	1763	3959	61	43	46	53	254	228	144	159	502330
*	5p	-	3	748610	525413	419689	752054	2445766	8009	8768	6492	7699	3082	3291	1675	4172	2439	3592	2264	4693	89	112	52	69	263	218	123	114	487163
*	5p	-	4	791169	488964	419685	745576	2445394	7888	8178	6271	7237	2735	3230	1704	4265	2475	3690	1860	4397	196	241	177	232	346	304	237	205	468403
*	5p	-	5	798307	458464	467114	721418	2445303	7850	7471	6901	6827	2490	2941	1909	4283	2587	3691	1780	4569	279	335	259	236	370	328	227	272	447830
*	5p	-	6	816080	448345	475610	705070	2445105	11601	10488	10327	9302	3716	4780	3055	6010	4258	6010	2673	6679	377	382	296	267	528	367	243	261	424527
*	5p	-	7	733232	467188	445100	799280	2444800	10059	11618	9288	9808	3867	5031	2737	5420	3934	5503	2638	6529	537	441	308	301	598	547	285	273	411881
*	5p	-	8	723183	491638	448677	781139	2444637	10192	11362	9650	10392	4269	5503	2737	5537	3861	5200	2946	6637	612	635	325	328	686	622	301	262	398154
*	5p	-	9	688023	493159	444572	818436	2444190	9579	11605	9699	10210	3967	5389	2850	5787	3849	5027	2646	6850	839	741	500	391	747	888	376	307	384392
*	5p	-	10	757266	462480	456294	767801	2443841	10434	11015	9552	9662	3698	5036	2740	5848	4033	5565	2522	6479	918	1009	548	504	901	968	397	402	370942
*	5p	-	11	739810	500082	481922	721577	2443391	11116	11064	10880	11318	4399	5077	3074	6115	4383	5894	2904	6556	1076	1239	551	489	999	1128	501	482	356986
*	5p	-	12	729338	509085	474102	730377	2442902	11041	11117	10905	11300	4542	5144	5761	5943	4235	5679	2922	6820	1236	1318	661	589	1187	1230	653	535	346825
*	5p	-	13	738747	493040	466633	744172	2442592	10855	11127	10559	10794	4317	5332	2831	6157	4257	5791	2722	6525	1450	1396	710	615	1359	1439	606	507	336141
*	5p	-	14	736008	493649	470891	741708	2442256	10955	11121	10283	10710	4190	5230	2870	6219	4184	5734	2741	6661	1464	1482	811	759	1475	1524	634	612	325664
*	5p	-	15	742368	487178	465935	746497	2441978	10959	10904	10538	10588	4233	5335	2825	6031	4274	5920	3368	6549	1684	1666	805	843	1564	1605	671	678	315542
*	5p	-	16	748895	486429	465078	741157	2441559	10895	11226	10634	10551	4156	5412	5389	6226	4264	5788	2778	6506	1796	1752	882	883	1686	1608	741	707	305278
*	5p	-	17	748232	484811	467815	740484	2441342	10888	10995	10423	10616	4216	5614	2798	6071	4236	6152	2828	6522	1869	1874	1006	888	1769	1846	815	725	296676
*	5p	-	18	740110	485698	475501	739654	2440963	10966	11071	10648	10437	4157	5269	2789	6040	4222	5827	2795	6624	2019	2071	1034	941	1945	1890	946	757	288049
*	5p	-	19	737827	485919	468436	748646	2440828	10978	10879	10245	10270	4051	5150	2714	5994	4425	6092	2825	6317	2073	2164	1083	1024	1958	2051	887	771	279632
*	5p	-	20	725713	480423	471713	721795	2399644	11616	11827	11275	11042	4763	5646	2938	6591	4561	6097	3133	6762	2160	2263	1157	1157	2110	2122	851	904	271399
*	5p	-	21	720616	478999	464562	717894	2382071	11990	12337	11975	11239	4326	5530	3063	6608	4627	6765	4156	6741	2329	2440	1194	1160	2290	2247	995	928	263385
*	5p	-	22	719486	477782	459628	717197	2374093	12003	11593	11099	11110	4348	5512	3228	6489	4658	6490	3093	6648	2551	2559	1251	1184	2327	2481	1011	909	256111
*	5p	-	23	715513	473787	462166	717145	2368611	11897	11903	11173	11087	4280	5592	3069	6550	4552	6445	3176	7033	2697	2494	1368	1268	2391	2483	1261	953	248863
*	5p	-	24	714407	473423	465409	711669	2364908	12023	11534	11277	11339	4202	5541	2932	6593	4810	6425	2967	6924	2655	2704	1441	1372	2723	2590	1052	977	241927
*	5p	-	25	708288	475753	465038	710939	2360018	12424	11995	11210	11184	4248	5525	2918	6771	4618	6263	3063	6956	2788	2817	1380	1440	2538	2617	1037	1080	235141
*	5p	-	26	713506	473902	459131	709129	2355668	12303	11944	10830	11260	4403	5660	3021	6907	4610	6572	2956	6861	2820	2799	1500	1481	2614	2767	1090	1057	228245
*	5p	-	27	716042	464741	460147	710995	2351925	12331	11652	11055	11325	4501	5681	2894	6612	4593	6487	2988	6944	2939	2978	1484	1450	2836	2799	1066	1104	222148
*	5p	-	28	709556	473114	460773	705347	2348790	12106	11596	11176	11208	4331	5637	3301	6717	4679	6587	2986	6872	3016	2929	1648	1468	2813	2813	1088	1079	216183
*	5p	-	29	711470	467155	461211	706294	2346130	12259	11475	11098	10807	4423	5519	3038	6550	4673	6209	2972	6830	3071	2979	1591	1548	2910	2843	1185	1203	210123
*	5p	-	30	706396	462307	462918	711503	2343124	12029	11383	10915	10836	4279	5600	3021	6665	4601	6434	2927	6768	3143	3175	1612	1598	2994	2988	1220	1133	204253
*	5p	-	31	702664	470077	454316	707344	2334401	11843	11495	11217	11805	5003	5662	2983	6593	4772	6672	2884	6568	3281	3360	1625	1589	3070	2955	1117	1112	198681
*	5p	-	32	707911	461474	458676	697647	2325708	12284	11652	11169	10802	4444	5586	2824	6674	4706	6417	2893	6518	3255	3237	1721	1697	3048	3017	1160	1183	193292
*	5p	-	33	702543	466392	453307	694468	2316710	12368	11794	11281	10864	4436	5668	2888	6714	4890	6555	3031	6557	3242	3282	1766	1666	3191	3063	1230	1203	188212
*	5p	-	34	705728	454292	452694	695033	2307747	12258	11373	11082	10694	4489	5615	2811	6540	4648	6339	3330	6783	3429	3431	1778	1715	3290	3147	1209	1184	183155
*	5p	-	35	700909	454177	449472	694307	2298865	12538	11476	10893	10831	4387	5574	2854	6690	4712	6604	2905	6505	3340	3387	1799	1769	3182	3131	1282	1199	178176
*	5p	-	36	686802	454619	445391	695856	2282668	12566	11624	11286	10911	4278	5707	2839	6810	4748	6694	2874	6556	3448	3438	1741	1862	3353	3266	1189	1227	173405
*	5p	-	37	686463	451925	440082	687795	2266265	12310	11494	12480	10707	4305	5628	2787	6899	5085	6328	2910	6414	3587	3454	1878	1781	3247	3236	1264	1273	168877
*	5p	-	38	675937	441809	441097	689887	2248730	12396	11356	10786	10815	4259	5337	2832	6546	4758	6609	3313	6446	3493	3732	1937	1740	3316	3210	1306	1270	164576
*	5p	-	39	673423	440098	434861	683053	2231435	12303	11315	10544	10803	4150	5628	2848	6639	4747	6404	2828	6499	3513	3721	1874	1732	3161	3343	1295	1295	160161
*	5p	-	40	671309	435429	431261	675761	2213760	12159	11273	10857	10524	4189	5316	2780	6604	4478	6395	2802	6725	3566	3552	1828	1840	3204	3324	1234	1306	156050
*	5p	-	41	661206	433088	435476	661709	2191479	12666	11382	10805	10677	4344	5381	2810	6538	5132	6125	2881	6516	3661	3580	1812	1743	3212	3323	1285	1201	151881
*	5p	-	42	652484	430404	428137	656650	2167675	12385	11217	10541	10464	4147	5372	2771	6586	4591	6296	2861	6264	3623	3655	1860	1896	3248	3303	1404	1210	147821
*	5p	-	43	652742	421141	417253	652909	2144045	12248	10769	10455	10590	4025	5333	2682	6452	4529	6323	2698	6070	3571	3558	1848	1794	3230	3331	1384	1312	143864
*	5p	-	44	642481	415451	415700	645172	2118804	12405	11111	10345	11705	3997	5050	2656	6294	4668	6198	2607	5999	3586	3611	1782	1672	3318	3352	1302	1306	140060
*	5p	-	45	635449	407092	408650	641667	2092858	11924	10593	10267	10469	3920	5170	2712	6305	4634	6320	2754	6154	3610	3549	1779	1817	3271	3280	1367	1296	136295
*	5p	-	46	627516	399806	404434	632591	2064347	12022	10541	10156	9878	4024	5075	2564	6348	4630	6202	2881	6005	3606	3458	1822	1791	3254	3368	1263	1302	132580
*	5p	-	47	620628	391347	397396	625603	2034974	11777	10195	9965	9674	3897	4970	2623	6090	4260	5866	2579	5950	3570	3568	1824	1807	3237	3171	1242	1249	128897
*	5p	-	48	608096	388022	397462	611238	2004818	11680	10319	9947	9472	4089	5136	2467	6090	4270	5908	2569	6191	3489	3515	1781	1837	3358	3117	1303	1208	125506
*	5p	-	49	609387	379665	384959	600158	1974169	11654	10102	11170	9215	3949	5053	2504	5943	4058	6117	2556	5822	3436	3616	1822	1703	3232	3169	1279	1209	122055
*	5p	-	50	590660	376968	377795	597681	1943104	11391	9824	9620	9175	3739	4791	2469	6000	4148	5380	2407	5810	3606	3527	1788	1719	3226	3061	1223	1193	118737
*	5p	-	51	583378	369710	376781	583894	1913763	11413	9679	9318	9318	3704	4561	2424	5801	4033	5330	2407	5652	3333	3526	1889	1729	3139	3107	1214	1178	115559
*	5p	-	52	573646	365160	369713	575381	1883900	11303	9684	9126	9094	3614	4646	2416	5842	3963	5384	2858	9048	3487	3514	1738	1768	3129	2941	1141	1200	112461
*	5p	-	53	563868	357531	362148	569987	1853534	10986	9338	9171	8793	3627	4633	2298	5980	3935	5245	2304	5395	3312	3505	1865	1641	2990	2994	1087	1171	109422
*	5p	-	54	557873	348045	356422	560173	1822513	11158	9355	8996	8744	3578	4416	2408	5715	3717	5195	2243	5196	3321	3362	1670	1715	3039	2938	1169	1154	106569
*	5p	-	55	547257	342914	356867	544540	1791578	10914	9576	8964	8608	3388	4614	2273	5506	3741	5063	2238	5374	3196	3228	1760	1770	2919	2928	1147	1089	103606
*	5p	-	56	543518	336687	343266	536141	1759612	10822	8760	8883	8290	3370	4386	2251	5427	3709	5110	2240	4965	3263	3259	1716	1614	2985	2858	1153	1105	100729
*	5p	-	57	531857	328364	336883	530271	1727375	10616	8807	8555	8268	3391	4289	2251	5217	3639	5086	2209	5126	3181	3171	1701	1708	2828	2851	1166	1116	97973
*	5p	-	58	523271	322397	330893	518457	1695018	10429	8595	8273	8035	3263	4158	2275	5199	3575	4979	2076	4885	3248	3185	1607	1615	2917	2831	1040	1093	95276
*	5p	-	59	508176	321953	324260	508067	1662456	10216	8490	8045	7872	3252	4014	2198	5266	3565	4829	2154	4605	3173	3177	1604	1641	2772	2895	989	1048	92780
*	5p	-	60	497927	309134	323246	499607	1629914	10097	8464	8148	7796	3001	3983	2136	5060	3480	4780	2038	4855	2991	3149	1641	1629	2703	2756	1053	1062	90274
*	5p	-	61	489844	304800	310684	491795	1597123	10075	8040	7823	7611	2995	3862	2068	4989	3491	4753	2034	4457	3022	3156	1566	1501	2731	2618	1053	1035	87902
*	5p	-	62	480927	296876	309559	476985	1564347	9824	8003	7699	7485	2986	3875	2333	4829	3243	4607	2082	4457	3037	3083	1488	1465	2580	2623	1032	1074	85500
*	5p	-	63	470925	289342	300643	470759	1531669	9588	7511	7653	7342	2849	3966	1990	4976	3267	4533	1871	4479	2990	2982	1439	1509	2627	2564	963	948	83182
*	5p	-	64	458672	287952	290585	461236	1498445	9782	7582	7418	7044	2932	3593	1888	4763	3254	4523	1804	4294	2826	2843	1452	1492	2577	2471	943	950	80823
*	5p	-	65	447668	277746	287043	453521	1465978	9392	7219	7160	6879	2871	3415	1884	4725	3411	4377	1927	4168	2859	2802	1435	1466	2442	2549	893	974	78570
*	5p	-	66	438576	271257	279907	444045	1433785	9026	7135	6992	6856	2810	3528	1886	4526	3256	4482	1894	3924	2849	2822	1361	1433	2355	2326	918	933	76366
*	5p	-	67	429101	265293	275646	431301	1401341	9162	6944	7126	6719	2627	3500	1740	4434	3204	4096	1742	4094	2720	2769	1366	1378	2354	2324	852	931	74310
*	5p	-	68	421031	260721	267313	420216	1369281	9049	6713	6861	6515	2720	3535	1801	4406	3037	4163	1734	3748	2620	2724	1337	1364	2297	2427	863	881	72169
*	5p	-	69	410098	255495	261530	409937	1337060	8807	6624	6556	6471	2637	3359	1738	4317	2934	4100	1625	3677	2629	2585	1320	1319	2314	2262	910	842	70107
*	5p	-	70	404883	246412	253486	400757	1305538	8475	6351	6564	6209	2511	3391	1683	4294	3065	3927	1674	3678	2677	2528	1235	1322	2204	2252	836	920	68110
