# table produced by mapDamage version 2.2.1
# using mapped file CviAPal009.merged.L103.realn.bam and reference.ssl.Cvi20k_rename.fasta as reference file
# Chr: reference from sam/bam header, End: from which termini of DNA sequences, Std: strand of reads
Chr	End	Std	Pos	A	C	G	T	Total	G>A	C>T	A>G	T>C	A>C	A>T	C>G	C>A	T>G	T>A	G>C	G>T	A>-	T>-	C>-	G>-	->A	->T	->C	->G	S
*	3p	+	1	29214	18726	24291	30810	103041	1337	259	400	311	153	195	129	205	185	209	120	180	0	0	0	0	3	3	1	2	42832
*	3p	+	2	35007	19635	17612	30789	103043	880	228	231	292	90	109	57	186	112	158	81	120	0	0	0	0	4	3	1	4	42783
*	3p	+	3	33028	16783	21918	31316	103045	597	235	212	196	70	128	81	153	105	120	85	122	0	0	1	0	3	4	1	2	42077
*	3p	+	4	33204	16625	21125	32076	103030	434	233	232	217	62	135	80	155	104	93	90	114	6	3	5	10	7	6	6	7	41147
*	3p	+	5	33435	17132	19142	33307	103016	379	243	203	210	87	128	63	149	93	127	51	114	7	7	8	4	13	11	11	4	40096
*	3p	+	6	31545	19636	18294	33540	103015	538	451	362	378	186	260	103	338	209	273	160	287	5	11	7	9	14	15	6	5	39036
*	3p	+	7	35758	17816	18769	30662	103005	577	367	414	329	148	200	86	319	166	256	143	246	9	10	9	10	14	19	10	8	38360
*	3p	+	8	35102	17530	20263	30107	103002	592	383	376	363	135	198	101	314	195	293	118	234	19	19	17	13	11	24	8	10	37625
*	3p	+	9	35937	17110	19960	29972	102979	566	352	359	410	173	222	110	347	189	248	183	255	19	22	23	20	20	26	13	18	36883
*	3p	+	10	35000	17923	18093	31954	102970	519	394	389	324	193	199	107	294	160	353	146	265	33	23	19	16	29	37	11	9	36183
*	3p	+	11	32902	18060	19874	32102	102938	484	421	452	420	166	243	126	315	208	291	172	265	34	35	23	24	38	41	25	15	35417
*	3p	+	12	31592	18077	21958	31309	102936	716	440	396	422	160	198	132	295	203	267	954	336	47	42	13	32	44	38	17	20	34852
*	3p	+	13	33119	17763	20586	31442	102910	558	370	437	406	183	229	121	310	227	277	144	281	49	52	25	17	55	51	21	20	34255
*	3p	+	14	32488	17981	20940	31464	102873	508	408	412	379	182	196	118	277	205	287	127	305	59	59	30	38	59	57	33	27	33637
*	3p	+	15	33211	17642	19250	32757	102860	548	423	393	361	156	220	161	332	205	330	115	253	67	58	32	42	62	68	28	39	33059
*	3p	+	16	32632	17537	19558	33113	102840	558	400	406	415	163	210	113	303	218	249	576	260	72	75	22	40	57	86	31	42	32487
*	3p	+	17	33135	17675	18961	33047	102818	509	422	440	405	150	240	121	317	322	269	126	287	70	79	30	43	91	78	37	32	31941
*	3p	+	18	33107	19515	19192	30961	102775	495	432	405	393	158	234	158	377	204	244	108	282	98	82	34	39	101	93	48	39	31370
*	3p	+	19	34713	17796	18883	31405	102797	449	429	389	396	190	254	142	320	193	301	101	246	87	85	48	53	113	76	35	36	30809
*	3p	+	20	30075	18095	17927	28884	94981	494	488	432	414	175	273	193	369	259	326	141	277	108	96	49	51	92	81	34	37	30322
*	3p	+	21	30137	16670	17404	27811	92022	566	475	469	472	177	301	396	329	229	316	137	334	96	95	55	43	85	83	38	34	29794
*	3p	+	22	29134	15901	17998	27841	90874	512	448	445	445	203	245	129	346	172	287	206	257	98	107	49	54	80	112	30	28	29301
*	3p	+	23	29261	16376	17635	26914	90186	527	450	413	452	168	236	165	339	211	334	124	260	101	115	44	64	109	88	54	47	28767
*	3p	+	24	27893	17065	17334	27479	89771	535	444	387	420	191	257	132	335	157	296	124	282	114	105	51	67	102	128	35	48	28285
*	3p	+	25	27925	17338	17514	26410	89187	520	452	483	408	163	257	144	355	198	311	116	303	114	113	58	53	136	103	36	59	27778
*	3p	+	26	27994	15808	17236	27697	88735	544	528	408	398	180	254	141	348	173	316	123	316	131	114	63	58	114	129	33	44	27299
*	3p	+	27	27700	16216	16400	27949	88265	465	450	482	423	195	226	134	357	200	308	121	274	131	136	60	46	139	144	42	45	26804
*	3p	+	28	26942	16093	18301	26592	87928	516	463	436	433	190	246	125	329	214	285	176	317	124	119	53	64	136	125	54	57	26372
*	3p	+	29	26992	16580	16956	27158	87686	499	486	419	468	181	224	140	297	218	285	120	298	116	125	44	55	126	117	56	67	25906
*	3p	+	30	28774	16030	16320	26291	87415	537	448	449	421	155	241	118	307	201	270	119	279	110	119	64	54	126	117	46	61	25446
*	3p	+	31	27422	15298	17771	26435	86926	525	458	458	467	188	231	120	295	356	315	111	405	139	123	62	64	124	126	53	59	24986
*	3p	+	32	26498	15642	16829	27541	86510	496	455	446	426	196	249	151	334	247	308	118	279	125	121	68	55	136	128	55	39	24556
*	3p	+	33	26398	14989	16742	27976	86105	683	408	386	447	190	269	112	308	235	285	99	295	129	145	52	57	140	113	48	55	24151
*	3p	+	34	26647	15076	15555	28270	85548	487	439	391	445	182	241	156	335	227	274	92	305	124	138	76	64	131	150	51	55	23711
*	3p	+	35	26545	15145	16043	27283	85016	529	457	452	395	189	269	141	285	208	278	120	299	131	149	75	71	149	133	59	71	23296
*	3p	+	36	27695	15051	16205	25235	84186	499	565	423	437	182	245	115	295	191	307	114	280	128	140	76	77	165	154	54	42	22893
*	3p	+	37	25993	14775	16769	25985	83522	471	447	400	668	207	231	124	298	194	337	106	325	141	140	60	78	175	157	48	59	22502
*	3p	+	38	27394	15207	15147	25029	82777	514	474	429	418	222	239	158	304	160	270	108	281	155	146	82	65	184	142	60	46	22113
*	3p	+	39	27009	14504	16189	24559	82261	587	459	413	422	173	293	108	284	166	280	133	254	156	156	63	72	155	159	47	74	21730
*	3p	+	40	26813	14457	15408	25128	81806	486	449	359	387	167	246	113	305	193	281	130	271	153	164	81	75	140	171	44	59	21301
*	3p	+	41	25020	15938	15847	24329	81134	511	456	420	410	195	233	119	356	211	286	104	296	166	153	81	74	173	145	57	60	20914
*	3p	+	42	24924	14888	16118	24496	80426	526	438	430	382	168	212	134	307	165	300	87	259	158	167	79	80	171	133	63	50	20525
*	3p	+	43	24947	13943	15185	25674	79749	517	436	427	412	162	223	141	242	174	299	93	273	170	162	68	98	172	161	52	56	20130
*	3p	+	44	24979	14267	15679	24122	79047	516	440	503	381	152	215	86	264	176	254	99	263	163	187	64	63	172	177	84	52	19784
*	3p	+	45	25783	14041	14515	23909	78248	477	399	417	421	172	242	133	262	163	259	97	283	170	170	79	72	198	169	47	74	19446
*	3p	+	46	24837	14400	14177	24064	77478	404	549	381	388	157	199	113	304	190	276	100	281	172	190	61	81	193	167	55	66	19050
*	3p	+	47	25097	13733	13990	23844	76664	426	408	346	392	165	228	111	298	242	251	98	269	172	166	70	80	198	161	54	62	18665
*	3p	+	48	23639	14969	14225	23100	75933	578	411	398	390	180	187	117	328	165	274	107	260	164	165	83	76	172	170	60	57	18303
*	3p	+	49	23461	13404	13625	24714	75204	443	431	384	888	195	223	93	286	197	229	82	232	179	171	77	71	196	150	53	61	17933
*	3p	+	50	24392	13460	13651	22938	74441	473	398	368	360	169	225	122	302	196	249	92	239	169	163	80	88	152	167	59	55	17620
*	3p	+	51	23194	14157	13559	22792	73702	465	441	367	474	151	202	108	297	185	227	94	236	172	156	75	79	166	165	50	49	17267
*	3p	+	52	22848	13914	13559	22608	72929	388	418	370	354	141	207	202	1160	168	217	96	259	161	162	76	84	169	147	62	51	16887
*	3p	+	53	23784	12695	13209	22426	72114	434	372	365	379	152	196	110	262	159	241	106	255	170	149	55	88	175	153	52	57	16541
*	3p	+	54	23505	12904	12874	22051	71334	424	401	352	371	148	206	86	241	145	245	100	239	169	155	78	79	183	167	54	54	16207
*	3p	+	55	21712	13973	12843	22026	70554	489	378	344	388	118	180	104	249	151	255	118	258	163	153	67	75	175	167	50	68	15865
*	3p	+	56	21634	12568	12437	23109	69748	426	407	319	388	133	185	100	240	177	271	103	194	145	177	74	71	170	171	56	58	15517
*	3p	+	57	21551	12217	12600	22519	68887	409	374	363	370	138	198	108	219	158	234	109	206	171	155	74	68	189	183	51	53	15218
*	3p	+	58	21287	11981	12265	22553	68086	399	360	323	370	150	183	102	210	137	250	115	220	163	162	77	85	180	162	63	60	14867
*	3p	+	59	21197	12024	12640	21327	67188	349	404	361	354	122	186	84	199	167	256	112	217	160	188	78	70	205	165	52	51	14574
*	3p	+	60	20907	12995	12116	20347	66365	407	410	311	318	152	183	84	241	141	207	92	234	167	162	72	76	183	150	62	51	14246
*	3p	+	61	21172	11797	12092	20425	65486	379	380	326	298	125	187	91	213	144	219	90	238	170	170	78	69	176	150	43	61	13951
*	3p	+	62	20001	12575	11514	20549	64639	368	408	315	336	121	204	90	254	168	216	92	218	131	175	73	80	138	162	48	45	13660
*	3p	+	63	20664	11529	11335	20180	63708	362	392	320	304	115	182	84	228	146	210	90	181	151	144	70	77	152	152	38	56	13360
*	3p	+	64	20321	11144	11869	19450	62784	406	321	294	325	131	185	111	188	151	214	80	193	137	143	56	65	144	146	47	53	13045
*	3p	+	65	20716	11123	10976	19022	61837	384	358	284	275	133	180	90	208	147	199	65	220	117	138	76	71	162	132	51	42	12757
*	3p	+	66	20090	10945	11026	18841	60902	385	332	290	299	130	170	105	206	145	262	60	211	147	131	66	67	148	146	50	44	12419
*	3p	+	67	19019	11607	10647	18707	59980	309	358	292	342	151	167	74	256	136	211	77	178	147	121	72	69	149	135	43	45	12097
*	3p	+	68	18760	10574	11374	18260	58968	333	327	302	310	133	182	96	203	128	201	81	169	143	161	60	50	153	125	55	45	11801
*	3p	+	69	18354	10520	11200	17886	57960	346	351	325	310	139	223	86	205	154	187	81	240	130	135	55	57	139	147	43	49	11523
*	3p	+	70	18440	10124	10431	17994	56989	329	334	296	250	123	169	90	191	142	177	74	193	113	155	55	72	155	134	46	58	11222
*	3p	-	1	25512	17148	20578	27344	90582	1336	263	330	288	132	160	82	150	179	165	82	168	0	0	0	0	6	4	3	3	38368
*	3p	-	2	30309	16302	14462	29521	90594	773	188	191	232	85	104	47	138	82	149	58	104	1	2	1	1	3	3	1	1	38327
*	3p	-	3	28975	15931	16594	29092	90592	503	195	216	179	71	99	57	120	97	98	37	152	1	1	1	0	5	3	1	0	37711
*	3p	-	4	28459	15879	16109	30096	90543	373	195	193	153	57	83	59	142	91	86	37	130	18	25	6	5	23	20	12	5	36866
*	3p	-	5	27998	15910	15813	30820	90541	332	190	164	194	76	105	53	117	85	110	43	128	21	16	6	9	27	22	7	6	35991
*	3p	-	6	27328	16769	15363	31064	90524	521	365	317	355	135	195	111	271	156	249	158	242	23	16	8	6	32	30	10	8	35014
*	3p	-	7	29516	16144	16130	28740	90530	504	355	285	324	126	164	102	296	146	236	85	231	28	24	15	11	35	29	6	6	34463
*	3p	-	8	29481	16164	16335	28531	90511	438	341	321	303	133	170	112	284	155	220	105	240	44	38	9	13	37	39	8	11	33893
*	3p	-	9	30074	16074	16480	27850	90478	479	370	297	327	126	180	95	276	184	240	101	255	36	46	21	16	61	40	11	16	33239
*	3p	-	10	28648	16572	15630	29612	90462	424	374	334	296	136	172	112	277	146	256	155	204	40	67	36	20	53	61	14	13	32650
*	3p	-	11	27549	17215	16365	29299	90428	460	348	399	367	192	211	122	275	202	234	107	256	66	60	32	30	70	55	24	26	32046
*	3p	-	12	27557	17377	16791	28690	90415	447	400	396	391	157	196	167	271	218	247	121	273	54	63	32	43	69	68	25	27	31567
*	3p	-	13	28421	16773	16274	28931	90399	451	364	349	336	146	179	112	287	167	229	110	237	67	66	31	24	81	87	26	12	31029
*	3p	-	14	28646	16246	16164	29323	90379	463	334	369	347	224	203	81	286	165	259	106	268	69	71	46	27	85	75	31	28	30494
*	3p	-	15	28664	16697	16296	28735	90392	420	336	376	408	183	182	111	263	182	229	162	269	60	81	30	48	86	75	26	26	29955
*	3p	-	16	28128	17250	15943	29050	90371	441	353	368	313	162	178	110	270	162	236	99	241	55	103	43	34	85	94	23	26	29488
*	3p	-	17	28177	16332	16195	29693	90397	451	336	342	361	199	197	96	288	185	233	156	264	80	93	32	31	75	78	23	30	29057
*	3p	-	18	28144	16758	16203	29257	90362	457	386	388	397	149	205	114	259	197	265	103	288	70	84	46	41	85	85	43	29	28581
*	3p	-	19	28058	17236	16091	28962	90347	426	400	395	308	125	213	99	280	182	251	96	292	101	95	53	44	108	95	23	32	28158
*	3p	-	20	25302	15828	14961	26390	82481	446	391	391	369	175	229	132	284	210	276	115	270	97	113	51	55	102	93	43	38	27699
*	3p	-	21	24441	14791	14462	25786	79480	425	589	424	400	195	247	118	292	205	261	113	291	106	115	44	49	107	114	39	29	27233
*	3p	-	22	23761	14984	14184	25398	78327	505	380	393	360	148	206	93	276	197	282	119	279	125	100	73	56	109	106	40	28	26836
*	3p	-	23	24162	14760	14010	24816	77748	445	379	384	358	150	211	108	265	177	263	113	286	152	128	61	43	99	111	42	34	26401
*	3p	-	24	23443	15056	13993	24833	77325	424	427	420	384	165	216	123	283	194	262	123	269	108	129	67	86	114	111	37	34	25933
*	3p	-	25	23524	14477	13792	24962	76755	437	386	408	382	163	226	126	284	175	276	140	283	133	139	59	56	114	107	44	33	25549
*	3p	-	26	23198	14585	13922	24550	76255	449	401	393	375	130	222	142	298	179	294	124	262	133	126	70	55	114	115	39	42	25125
*	3p	-	27	23057	14653	13819	24288	75817	454	436	427	379	179	201	116	280	198	274	107	274	141	142	53	60	124	128	33	43	24715
*	3p	-	28	22889	14644	13715	24216	75464	438	439	400	431	190	236	121	271	180	265	126	319	122	131	70	59	115	127	44	39	24312
*	3p	-	29	22978	14203	13640	24388	75209	399	399	399	369	187	204	103	259	179	260	95	269	131	121	77	61	141	129	39	38	23947
*	3p	-	30	22894	14876	13439	23743	74952	463	525	383	385	157	234	115	279	185	264	129	270	127	111	84	60	136	130	43	43	23590
*	3p	-	31	22793	14457	13827	23377	74454	425	375	384	366	148	211	115	239	168	254	124	282	168	117	62	57	140	131	45	44	23223
*	3p	-	32	22624	14230	13748	23446	74048	446	406	382	340	180	196	108	257	165	246	105	302	131	130	64	63	150	139	38	44	22824
*	3p	-	33	22506	13805	13665	23664	73640	446	423	363	355	200	205	88	267	171	285	132	299	110	138	74	57	140	140	49	46	22452
*	3p	-	34	22078	14123	13561	23402	73164	454	368	392	399	163	211	119	274	163	232	113	274	131	149	48	66	132	139	51	47	22061
*	3p	-	35	22535	13711	13647	22751	72644	447	405	361	354	175	220	110	266	180	235	115	274	131	119	77	71	147	157	50	54	21713
*	3p	-	36	22164	13808	13446	22534	71952	448	435	381	339	152	198	135	269	206	240	119	241	135	131	83	54	146	137	44	49	21345
*	3p	-	37	22272	13480	13187	22436	71375	444	397	361	396	161	204	114	231	172	230	133	270	146	128	84	74	143	156	59	35	20996
*	3p	-	38	21963	13895	12891	22099	70848	412	384	396	372	200	191	115	265	161	241	107	280	162	168	65	71	150	170	60	54	20635
*	3p	-	39	21855	13391	13056	22071	70373	428	429	355	337	166	202	109	279	146	241	93	269	149	157	92	80	145	175	54	45	20266
*	3p	-	40	21694	13651	12663	21871	69879	436	400	411	350	167	229	104	274	173	240	104	242	153	154	79	59	151	149	61	43	19924
*	3p	-	41	21463	13014	12671	22109	69257	409	396	333	368	148	237	88	272	159	232	106	242	151	145	66	73	159	141	50	65	19583
*	3p	-	42	21201	13087	12965	21364	68617	383	399	375	347	126	254	98	272	162	219	97	271	166	132	61	66	141	142	50	59	19214
*	3p	-	43	21014	12772	12732	21525	68043	438	385	342	337	182	195	98	248	158	209	98	305	147	138	71	54	144	148	58	50	18888
*	3p	-	44	20908	12962	12404	21168	67442	374	390	385	385	152	197	122	248	148	231	92	241	142	132	69	59	163	147	39	57	18578
*	3p	-	45	20863	12772	12205	20907	66747	346	381	367	330	158	215	89	217	136	225	99	255	128	134	66	57	159	141	43	40	18263
*	3p	-	46	20539	12634	12198	20664	66035	425	362	409	318	188	205	88	223	178	212	80	212	137	125	59	64	155	123	59	42	17931
*	3p	-	47	20216	12161	12266	20660	65303	390	358	314	325	164	199	104	216	175	265	113	248	147	137	57	65	143	161	43	41	17618
*	3p	-	48	20283	12158	11943	20266	64650	390	351	360	332	154	183	123	226	144	228	103	219	139	146	69	64	139	133	44	47	17300
*	3p	-	49	19879	11963	11764	20344	63950	426	368	365	276	117	184	104	219	136	254	125	226	141	138	76	52	144	137	56	31	16958
*	3p	-	50	19865	11795	11801	19836	63297	385	367	350	333	139	163	97	228	163	220	97	210	124	140	73	73	148	142	52	46	16617
*	3p	-	51	19452	12019	11636	19545	62652	380	355	300	313	141	182	106	204	144	192	91	210	150	146	71	66	138	145	51	43	16304
*	3p	-	52	19335	11660	11486	19512	61993	370	335	341	340	123	187	98	232	171	211	82	217	136	125	81	70	144	145	39	46	15968
*	3p	-	53	19155	11635	11333	19155	61278	368	387	336	285	123	169	102	205	130	181	70	244	133	143	66	66	147	150	42	48	15670
*	3p	-	54	18814	11410	11231	19130	60585	379	371	339	299	125	157	103	229	122	211	95	224	136	159	59	47	154	136	41	40	15336
*	3p	-	55	18666	11636	10844	18731	59877	344	351	343	310	119	167	92	208	145	209	85	208	126	123	79	59	158	128	45	45	15027
*	3p	-	56	18552	11183	10764	18643	59142	317	328	313	276	133	173	120	219	157	199	84	196	122	124	69	84	146	145	37	47	14746
*	3p	-	57	18103	11234	10674	18389	58400	353	369	366	314	138	199	104	208	140	215	80	189	118	127	68	77	139	124	45	42	14434
*	3p	-	58	17987	10886	10663	18135	57671	341	330	282	264	134	193	126	202	133	185	86	208	142	130	66	71	127	126	41	47	14161
*	3p	-	59	18002	10363	10496	18024	56885	375	308	282	280	144	145	81	197	136	209	96	207	134	123	73	62	126	120	44	39	13859
*	3p	-	60	17671	10677	10230	17545	56123	326	320	303	277	135	151	101	197	115	210	90	199	139	121	63	64	118	137	37	37	13580
*	3p	-	61	17362	10368	10180	17434	55344	318	316	277	282	160	145	107	208	150	222	81	207	139	122	54	72	104	123	34	40	13302
*	3p	-	62	17133	10396	10040	16977	54546	363	293	260	269	144	151	76	187	120	172	71	203	144	103	68	56	115	113	37	41	13036
*	3p	-	63	16686	10146	9779	17083	53694	297	327	278	288	115	161	91	184	126	182	54	198	123	117	67	65	124	104	40	39	12734
*	3p	-	64	16477	9883	9700	16757	52817	330	297	249	264	113	151	106	209	110	181	71	182	117	110	48	64	121	104	45	43	12414
*	3p	-	65	16497	9781	9464	16269	52011	288	297	248	261	112	148	94	153	108	167	79	193	106	120	61	68	133	106	30	49	12163
*	3p	-	66	16048	9633	9473	16018	51172	322	269	263	277	106	167	100	178	115	180	83	205	117	90	62	57	107	98	41	39	11869
*	3p	-	67	15692	9546	9283	15800	50321	317	282	244	233	119	147	98	154	111	173	61	186	111	91	45	50	123	110	27	42	11589
*	3p	-	68	15367	9299	9002	15814	49482	281	274	238	258	146	147	75	163	116	178	86	181	105	98	45	53	93	109	47	39	11333
*	3p	-	69	15045	9086	9131	15304	48566	288	252	246	240	96	122	77	188	114	170	73	166	101	103	42	42	113	128	35	39	11056
*	3p	-	70	15102	8840	8656	15130	47728	285	277	252	254	97	135	72	161	116	178	85	175	96	97	46	46	112	112	49	35	10767
*	5p	+	1	30586	24619	20922	26916	103043	332	354	400	507	230	124	120	257	177	215	146	135	0	0	0	0	2	4	1	1	37153
*	5p	+	2	33788	16273	18882	34101	103044	271	490	318	227	94	144	83	142	122	137	52	166	3	3	1	1	1	2	0	1	37101
*	5p	+	3	33101	19203	17919	32830	103053	253	308	242	281	105	112	62	178	91	127	63	179	1	2	0	0	1	0	0	0	36446
*	5p	+	4	35022	18031	17760	32152	102965	269	331	215	255	99	131	55	188	83	149	63	145	41	27	5	8	27	32	12	20	35698
*	5p	+	5	35370	18083	18139	31372	102964	273	265	236	212	92	116	53	163	112	159	72	154	29	24	7	10	38	37	4	12	34817
*	5p	+	6	35927	16764	19228	31049	102968	442	396	396	357	149	223	179	245	137	282	105	277	35	41	21	12	28	44	5	8	33868
*	5p	+	7	32592	17899	18163	34306	102960	404	465	377	386	141	214	94	285	127	221	94	238	44	47	16	14	29	48	11	9	33293
*	5p	+	8	32725	18743	18276	33190	102934	424	440	355	390	149	217	132	254	181	274	124	247	43	47	10	23	55	41	13	14	32646
*	5p	+	9	31558	18911	17851	34590	102910	383	447	382	390	180	217	110	275	146	231	107	234	57	72	24	25	43	68	22	13	32046
*	5p	+	10	34159	17216	18608	32875	102858	435	409	342	365	157	227	135	237	159	231	118	253	56	64	20	29	82	69	26	20	31436
*	5p	+	11	33153	18923	19925	30852	102853	458	425	439	436	198	180	121	277	191	234	118	252	67	58	26	30	74	77	27	24	30827
*	5p	+	12	32705	19150	19916	31057	102828	471	419	460	419	213	239	113	275	219	272	272	286	92	64	27	33	92	77	38	20	30352
*	5p	+	13	33256	18371	19150	32045	102822	468	446	390	416	170	208	113	274	178	230	120	255	92	75	34	25	86	82	39	27	29870
*	5p	+	14	33742	18481	17800	32775	102798	420	426	414	434	154	224	131	293	306	313	91	258	90	87	45	38	107	82	30	37	29403
*	5p	+	15	33130	18683	18875	32094	102782	458	436	423	444	175	182	126	287	228	231	117	272	79	106	35	47	112	110	19	32	28949
*	5p	+	16	32924	18013	19710	32116	102763	441	437	371	451	171	201	135	286	185	253	84	259	99	88	55	44	104	99	38	45	28449
*	5p	+	17	33737	18489	18692	31866	102784	448	439	437	419	168	185	346	282	271	242	102	291	104	104	43	54	97	106	31	35	28071
*	5p	+	18	33847	18700	18671	31528	102746	407	551	421	450	199	230	129	317	197	294	97	272	105	102	43	59	97	132	40	39	27643
*	5p	+	19	33541	18267	19180	31750	102738	440	439	431	444	153	223	109	321	172	255	104	239	119	97	47	66	116	110	42	50	27229
*	5p	+	20	30452	17207	17977	29262	94898	519	445	457	480	198	242	99	321	202	310	117	289	114	142	56	56	136	122	38	30	26804
*	5p	+	21	30279	16543	17103	27975	91900	705	505	507	465	199	235	153	312	194	304	133	276	135	142	61	56	147	133	39	41	26397
*	5p	+	22	29428	16505	17106	27736	90775	457	498	453	470	210	227	129	329	161	267	108	291	100	134	68	65	148	120	39	41	25995
*	5p	+	23	28959	16083	17212	27897	90151	473	420	378	461	149	237	141	289	205	287	146	301	147	140	65	51	126	126	31	44	25612
*	5p	+	24	28781	16287	17538	27142	89748	515	463	434	442	188	239	115	325	200	278	111	288	151	124	64	52	128	122	43	40	25218
*	5p	+	25	29164	15841	16744	27410	89159	472	486	421	460	184	240	209	275	209	275	136	301	153	123	65	66	162	125	34	40	24842
*	5p	+	26	28741	16006	17109	26818	88674	460	442	444	449	187	289	128	346	184	273	116	290	129	142	69	70	144	133	66	35	24487
*	5p	+	27	28681	16100	16917	26575	88273	537	465	440	490	187	235	139	325	204	272	129	297	131	131	76	81	130	131	56	43	24152
*	5p	+	28	28446	15737	16952	26781	87916	461	454	471	426	206	233	130	336	191	291	124	288	177	148	62	81	158	132	46	48	23809
*	5p	+	29	28622	16033	16599	26355	87609	490	438	434	414	177	240	110	335	189	257	131	267	153	162	72	83	172	161	47	60	23477
*	5p	+	30	27907	15622	17194	26611	87334	624	422	475	445	197	225	138	286	209	299	133	270	163	156	65	72	154	158	62	56	23138
*	5p	+	31	27693	16129	16783	26238	86843	488	477	423	486	207	246	155	323	182	276	144	289	136	157	76	73	167	162	58	58	22790
*	5p	+	32	27733	16104	16167	26435	86439	422	496	418	422	186	240	143	321	198	280	129	299	139	181	64	75	177	145	62	46	22473
*	5p	+	33	27681	15948	16175	26233	86037	483	478	452	447	232	262	191	309	207	304	133	297	144	149	76	81	169	134	57	65	22115
*	5p	+	34	27538	15519	16489	25979	85525	514	416	434	446	168	196	126	302	238	298	126	314	142	161	63	74	157	142	67	46	21823
*	5p	+	35	26850	15838	15528	26770	84986	524	491	412	418	154	253	130	288	219	291	128	277	159	160	64	68	172	159	57	56	21534
*	5p	+	36	26197	15689	16036	26217	84139	544	452	436	481	188	235	147	300	218	283	157	301	130	152	56	82	161	188	54	62	21232
*	5p	+	37	26420	15674	15473	25948	83515	481	463	460	447	177	214	139	301	178	258	146	259	151	142	66	83	156	180	49	62	20923
*	5p	+	38	26245	14964	15533	25990	82732	438	442	392	456	187	219	96	286	238	280	146	285	156	157	49	71	163	193	59	62	20629
*	5p	+	39	25710	15409	15573	25515	82207	486	423	397	409	179	213	118	373	168	307	123	260	162	141	58	79	179	179	72	64	20331
*	5p	+	40	25881	15035	15923	24899	81738	501	457	341	439	190	237	120	356	179	271	161	304	150	147	82	79	177	185	58	63	20016
*	5p	+	41	25866	14897	14967	25381	81111	477	409	407	399	169	216	126	323	208	280	129	262	154	150	75	67	162	176	64	55	19689
*	5p	+	42	25235	14779	15230	25133	80377	449	448	432	501	143	208	108	316	194	395	92	272	148	143	84	62	164	183	59	59	19431
*	5p	+	43	25321	14813	14791	24821	79746	500	452	421	420	156	214	128	464	194	284	127	270	154	143	69	83	150	166	60	68	19141
*	5p	+	44	25224	14783	14841	24257	79105	497	426	446	441	175	237	126	273	198	292	139	257	151	148	77	72	159	163	57	48	18878
*	5p	+	45	24918	14343	14690	24345	78296	430	445	396	440	164	233	99	294	189	270	145	263	161	144	64	82	151	165	59	64	18597
*	5p	+	46	24425	14328	14734	24038	77525	470	442	381	557	159	226	90	298	232	278	135	277	175	154	75	67	147	170	62	55	18308
*	5p	+	47	24523	14273	14361	23567	76724	516	432	375	448	148	248	143	352	161	260	153	282	171	165	68	76	171	149	42	54	18028
*	5p	+	48	23898	14127	14251	23710	75986	480	407	376	415	161	211	95	276	155	243	152	245	189	167	71	61	141	160	58	48	17771
*	5p	+	49	24225	13564	14092	23329	75210	429	408	344	388	173	241	147	237	175	265	133	256	147	171	85	69	171	168	70	46	17496
*	5p	+	50	23458	13906	13759	23322	74445	460	457	348	422	158	187	100	269	150	261	128	262	160	193	82	72	170	150	43	66	17223
*	5p	+	51	23473	13462	13964	22797	73696	427	389	402	376	144	193	106	253	212	227	122	246	194	162	62	73	153	163	58	62	16963
*	5p	+	52	23130	13629	13354	22802	72915	420	402	396	405	164	219	99	259	155	254	121	237	186	160	98	76	175	160	53	58	16721
*	5p	+	53	22739	13031	14027	22298	72095	515	408	364	351	155	198	104	242	156	238	146	255	179	165	77	55	163	179	49	64	16483
*	5p	+	54	22475	13187	13228	22444	71334	464	388	357	371	122	222	106	276	171	236	116	258	160	166	82	86	179	170	55	53	16221
*	5p	+	55	22496	12692	13597	21803	70588	426	416	368	384	141	206	85	232	149	229	136	252	155	152	68	77	193	131	50	53	15988
*	5p	+	56	22113	12693	13129	21830	69765	450	383	334	361	124	186	102	253	151	258	153	270	142	155	66	77	180	136	62	60	15744
*	5p	+	57	21583	12433	12939	21981	68936	510	368	355	556	139	198	97	230	205	244	120	219	159	134	64	89	177	134	48	68	15496
*	5p	+	58	21407	12440	12825	21447	68119	438	370	326	347	124	204	112	252	137	237	122	240	154	151	65	55	164	153	62	53	15253
*	5p	+	59	21291	12289	12096	21551	67227	435	388	324	275	154	177	122	252	168	239	142	218	148	143	74	62	162	164	54	56	14999
*	5p	+	60	20968	11899	12466	21057	66390	467	377	350	336	135	196	92	220	145	220	135	206	167	138	60	87	165	160	47	49	14782
*	5p	+	61	20720	11780	12096	20938	65534	417	326	334	343	137	153	93	238	204	213	125	229	158	141	65	63	149	132	50	51	14559
*	5p	+	62	20129	12072	12290	20157	64648	426	406	325	269	140	176	90	227	154	217	121	239	160	137	57	82	150	141	46	41	14345
*	5p	+	63	20480	11566	11710	19963	63719	406	321	333	324	143	191	89	230	149	211	116	208	130	173	59	63	151	144	48	44	14115
*	5p	+	64	19820	11623	11776	19584	62803	389	369	328	287	129	162	100	225	136	199	104	207	150	146	63	78	149	139	39	44	13907
*	5p	+	65	19301	11240	11478	19841	61860	385	336	308	317	140	189	93	339	164	239	129	197	158	132	64	72	154	133	40	41	13673
*	5p	+	66	19139	11592	11148	19056	60935	416	334	326	275	128	183	80	211	138	249	96	178	139	136	62	68	138	115	61	42	13391
*	5p	+	67	19062	11134	11104	18723	60023	378	325	330	279	125	174	79	236	151	177	88	188	144	127	63	52	111	122	34	63	13159
*	5p	+	68	18573	10839	10985	18616	59013	366	361	289	268	127	157	77	211	155	202	108	213	113	144	61	61	123	129	40	43	12921
*	5p	+	69	18355	10745	10600	18317	58017	397	348	326	270	125	176	78	173	148	227	109	172	129	150	65	50	131	118	37	35	12667
*	5p	+	70	18153	10308	10849	17744	57054	408	291	313	316	132	158	91	211	136	207	119	176	94	121	59	64	130	125	35	39	12452
*	5p	-	1	26275	22204	17661	24449	90589	268	318	324	414	189	127	125	201	169	202	132	107	0	0	0	0	3	2	6	1	34853
*	5p	-	2	27351	15420	16952	30865	90588	221	406	263	188	104	133	83	123	98	109	51	139	0	0	0	0	5	6	1	1	34778
*	5p	-	3	27683	19184	14775	28953	90595	250	315	203	223	98	112	69	121	83	107	66	176	0	0	0	0	1	3	1	2	34190
*	5p	-	4	28771	18060	14734	29015	90580	220	248	185	206	85	98	67	139	46	124	59	130	4	5	4	11	5	4	9	5	33501
*	5p	-	5	29951	16736	15541	28340	90568	246	226	216	216	81	85	63	132	65	138	66	151	3	5	5	6	6	9	5	16	32737
*	5p	-	6	30220	15996	16559	27805	90580	400	391	366	294	149	169	118	225	173	239	112	248	6	4	10	6	11	7	1	6	31897
*	5p	-	7	27013	16436	15428	31687	90564	288	370	314	328	131	170	97	207	141	216	86	201	15	9	13	7	14	12	5	8	31387
*	5p	-	8	26768	17492	15726	30572	90558	316	420	335	350	150	212	111	199	143	178	87	243	18	13	6	8	15	16	5	9	30858
*	5p	-	9	26307	17641	14994	31578	90520	315	448	323	333	132	182	141	224	128	189	85	239	18	17	19	12	29	29	13	13	30292
*	5p	-	10	28503	15796	15934	30272	90505	351	394	299	346	127	272	108	229	143	209	79	237	17	37	10	15	30	39	17	13	29750
*	5p	-	11	28386	17689	16167	28254	90496	352	425	385	334	152	167	139	221	163	230	91	241	37	38	13	11	22	38	16	32	29211
*	5p	-	12	27282	19248	15786	28155	90471	377	559	362	343	138	177	571	228	146	207	117	263	33	41	24	15	35	40	34	27	28803
*	5p	-	13	28037	17740	15562	29142	90481	386	433	365	380	176	204	116	205	153	227	86	235	52	49	16	16	45	49	12	19	28345
*	5p	-	14	27762	18096	15728	28883	90469	368	378	298	328	158	188	105	225	124	200	116	218	50	58	26	33	50	45	16	27	27889
*	5p	-	15	28524	17212	15594	29100	90430	380	428	322	345	151	200	90	213	172	215	126	240	65	61	34	25	56	56	30	33	27475
*	5p	-	16	28606	17450	15594	28789	90439	369	481	338	404	192	181	418	243	149	207	87	251	62	69	28	25	53	67	24	16	27050
*	5p	-	17	29009	16937	15668	28787	90401	360	392	335	338	260	190	97	224	156	225	101	226	69	59	30	32	64	76	28	33	26646
*	5p	-	18	27687	16915	16677	29099	90378	432	373	342	334	144	190	96	256	175	222	125	236	77	70	45	26	72	86	38	29	26219
*	5p	-	19	28050	16750	15597	29990	90387	396	387	328	334	124	178	91	212	161	251	115	224	83	68	41	33	65	96	25	29	25849
*	5p	-	20	25135	15803	15423	26147	82508	397	408	362	406	183	182	117	226	188	265	157	267	64	86	37	37	77	83	42	45	25456
*	5p	-	21	24015	15469	14336	25685	79505	369	454	416	429	146	220	105	274	171	285	201	249	72	77	34	44	104	93	39	27	25041
*	5p	-	22	23942	15355	13854	25178	78329	389	386	380	335	146	203	155	224	163	255	126	233	89	99	44	47	110	97	37	37	24662
*	5p	-	23	23521	15118	14466	24633	77738	394	427	380	362	166	245	96	237	163	259	140	255	98	91	37	55	101	103	47	38	24279
*	5p	-	24	23487	15197	14374	24253	77311	389	441	372	374	156	191	107	248	159	238	103	270	89	94	58	52	108	111	49	43	23918
*	5p	-	25	23154	15288	14365	23935	76742	426	430	401	356	152	200	99	251	147	266	98	265	101	103	47	40	114	113	36	48	23571
*	5p	-	26	23666	15037	13585	23979	76267	414	438	399	403	150	193	100	271	152	239	109	267	116	100	51	49	103	121	31	43	23229
*	5p	-	27	23679	14295	13942	23894	75810	411	401	359	401	146	198	76	251	154	276	99	283	102	87	58	40	104	149	41	41	22883
*	5p	-	28	22864	15683	13699	23200	75446	430	404	424	379	140	198	143	252	133	259	117	238	110	105	47	54	114	130	44	55	22584
*	5p	-	29	22944	14977	13953	23334	75208	416	386	333	354	167	195	93	246	171	201	111	262	119	122	46	47	122	118	54	53	22260
*	5p	-	30	22714	14217	13619	24403	74953	379	370	386	385	144	206	109	226	172	270	122	253	127	105	54	54	117	132	60	39	21927
*	5p	-	31	22783	15113	12925	23652	74473	402	406	362	397	301	202	77	367	183	259	90	232	111	122	47	61	126	121	39	52	21625
*	5p	-	32	23336	14557	13304	22889	74086	425	368	347	411	171	183	108	274	180	246	102	263	107	123	48	64	127	135	43	27	21322
*	5p	-	33	23594	14566	12946	22558	73664	425	556	408	350	176	191	96	272	193	271	103	239	116	96	63	63	141	135	44	30	21030
*	5p	-	34	23571	13613	13033	22956	73173	421	402	351	350	160	200	93	214	151	220	131	257	129	117	62	56	159	116	43	41	20714
*	5p	-	35	23251	14047	13093	22286	72677	447	438	402	385	166	244	89	238	185	236	124	263	129	128	52	61	129	155	57	33	20404
*	5p	-	36	21808	14073	13008	23073	71962	546	382	415	340	163	225	97	237	192	213	91	241	139	122	48	79	146	148	42	31	20095
*	5p	-	37	22001	14483	12617	22298	71399	431	399	574	343	150	235	73	277	165	249	79	256	144	124	91	64	131	136	49	53	19840
*	5p	-	38	21536	13285	12787	23283	70891	420	359	350	333	153	178	88	227	160	230	122	256	127	132	70	70	141	153	44	55	19565
*	5p	-	39	21197	13940	12378	22878	70393	416	526	343	353	149	195	107	246	168	246	97	262	144	134	71	59	136	158	61	49	19286
*	5p	-	40	21411	13371	12670	22453	69905	416	380	355	361	141	191	95	225	145	236	98	227	140	137	69	72	137	152	45	46	19023
*	5p	-	41	21256	13677	13211	21147	69291	432	362	406	357	164	199	84	198	173	227	107	259	143	141	54	67	158	125	54	46	18712
*	5p	-	42	20919	13477	12817	21404	68617	406	399	366	344	116	213	97	246	168	256	116	240	133	156	65	75	138	150	58	46	18461
*	5p	-	43	21585	13068	12124	21281	68058	414	379	367	339	145	166	96	210	177	231	96	231	137	130	77	74	135	155	47	50	18191
*	5p	-	44	20802	13097	12257	21296	67452	423	392	350	449	148	199	92	250	176	221	79	240	163	139	71	59	139	151	50	55	17962
*	5p	-	45	20662	12497	12046	21535	66740	369	367	278	392	154	184	86	237	172	234	99	255	149	121	70	84	135	154	49	53	17690
*	5p	-	46	20472	12190	12373	20987	66022	503	353	326	334	120	174	96	224	170	206	83	236	157	154	64	75	135	157	43	56	17428
*	5p	-	47	20417	11761	11763	21365	65306	402	353	347	281	213	213	78	216	142	216	76	278	152	141	84	57	138	156	46	44	17173
*	5p	-	48	19646	12169	12360	20462	64637	379	495	332	302	143	169	81	205	168	259	107	265	127	169	79	66	127	155	55	38	16881
*	5p	-	49	21105	11475	11475	19869	63924	394	353	587	301	140	197	78	216	149	214	97	209	167	133	86	65	146	149	44	56	16645
*	5p	-	50	19349	11702	11644	20615	63310	372	328	322	333	127	169	83	261	151	208	93	249	152	144	67	66	149	139	39	45	16405
*	5p	-	51	19165	11729	11892	19843	62629	409	364	395	287	129	163	88	234	155	195	79	244	156	129	73	72	139	148	51	58	16153
*	5p	-	52	19394	11586	11640	19343	61963	392	337	302	329	137	158	76	206	146	225	142	730	173	131	70	67	151	145	60	46	15894
*	5p	-	53	19062	11361	11203	19645	61271	390	357	291	310	125	179	82	213	146	175	111	227	146	142	65	80	162	140	50	41	15652
*	5p	-	54	19001	11059	10927	19579	60566	379	361	313	296	106	191	85	230	132	229	100	191	145	147	69	61	137	151	49	52	15438
*	5p	-	55	18733	10951	11629	18543	59856	362	456	330	268	125	198	82	209	133	218	95	241	134	129	76	69	147	141	54	54	15217
*	5p	-	56	19215	10518	10826	18588	59147	415	329	333	278	154	168	94	203	145	182	85	222	136	144	50	66	150	125	34	61	14991
*	5p	-	57	18850	10760	10750	18016	58376	397	308	302	304	101	176	80	217	155	206	106	215	115	161	70	77	144	136	48	46	14761
*	5p	-	58	18615	10505	10510	18028	57658	373	297	281	300	114	148	66	191	130	195	81	191	119	132	74	63	133	134	43	43	14559
*	5p	-	59	17777	10706	10449	17913	56845	395	323	303	293	105	184	82	197	119	204	98	157	140	140	61	58	151	139	28	49	14342
*	5p	-	60	17317	10093	10793	17916	56119	378	296	287	295	127	154	85	180	133	189	81	214	127	135	81	65	125	131	28	48	14127
*	5p	-	61	17303	10281	9921	17813	55318	369	302	266	256	86	145	89	188	136	203	67	213	128	131	71	64	129	111	47	39	13887
*	5p	-	62	17336	9925	10457	16803	54521	347	273	299	253	131	161	99	212	125	231	89	208	130	121	75	57	132	125	40	26	13657
*	5p	-	63	16851	9711	9703	17415	53680	393	313	305	290	116	163	79	183	123	214	82	160	144	130	51	67	123	116	43	37	13442
*	5p	-	64	16424	9951	9463	16970	52808	357	356	270	240	126	129	80	172	117	210	63	170	129	147	49	56	123	109	47	42	13219
*	5p	-	65	16263	9206	9560	16950	51979	358	296	239	266	117	141	82	195	124	178	83	152	116	119	74	63	137	126	36	56	12996
*	5p	-	66	15759	9513	9246	16574	51092	337	311	253	272	95	211	74	186	126	205	96	166	117	123	71	58	136	143	53	33	12782
*	5p	-	67	15748	9126	9616	15775	50265	305	292	284	249	106	166	62	190	141	187	57	178	121	110	61	69	144	130	42	41	12566
*	5p	-	68	15567	9331	8918	15594	49410	326	252	268	267	105	151	73	180	101	174	67	160	114	134	53	48	128	142	53	37	12340
*	5p	-	69	15136	9230	8947	15226	48539	349	225	244	277	94	130	69	218	110	240	74	150	116	119	61	54	126	132	44	39	12136
*	5p	-	70	15176	8932	8512	15088	47708	359	239	241	242	110	137	71	185	121	175	59	152	131	113	60	37	131	112	47	37	11912
