# table produced by mapDamage version 2.2.1
# using mapped file CviAPal022.merged.L103.realn.bam and reference.ssl.Cvi20k_rename.fasta as reference file
# Chr: reference from sam/bam header, End: from which termini of DNA sequences, Std: strand of reads
Chr	End	Std	Pos	A	C	G	T	Total	G>A	C>T	A>G	T>C	A>C	A>T	C>G	C>A	T>G	T>A	G>C	G>T	A>-	T>-	C>-	G>-	->A	->T	->C	->G	S
*	3p	+	1	180462	160598	196009	205478	742547	10436	2406	3670	3005	1328	1425	1108	1521	1602	1249	894	1371	0	0	0	0	34	36	38	44	148081
*	3p	+	2	236159	153424	133259	219731	742573	8102	2307	1997	2658	928	1074	514	1484	782	1248	740	1089	12	17	8	4	45	49	19	29	147756
*	3p	+	3	219736	134785	167253	220826	742600	5420	2398	2277	2058	738	956	667	1478	942	1051	612	1144	14	21	14	9	40	49	9	21	142781
*	3p	+	4	219121	133263	158023	232043	742450	4406	2271	2238	1922	680	1026	589	1332	883	970	543	1152	53	54	49	44	71	69	48	79	136334
*	3p	+	5	218305	142428	146483	235210	742426	3612	2324	2114	2000	684	1013	540	1312	824	989	601	1219	81	64	56	67	93	69	63	70	129077
*	3p	+	6	209281	153065	140509	239509	742364	4789	3531	2853	3262	1245	1714	810	2114	1140	1583	1085	1813	94	92	99	73	101	125	72	57	120844
*	3p	+	7	245906	139616	145929	210832	742283	5125	2853	3056	2744	1126	1480	849	2088	1264	1713	908	1550	125	140	92	105	138	150	79	70	116882
*	3p	+	8	235048	142220	153828	211153	742249	4803	3004	3264	3112	1146	1411	861	2093	1311	1797	926	1719	196	183	83	97	163	145	80	84	112447
*	3p	+	9	244878	140582	152318	204337	742115	4877	3023	3134	3033	1144	1396	847	2211	1207	1781	1222	1885	244	266	145	132	245	170	88	104	107922
*	3p	+	10	232316	142704	141312	225619	741951	4361	3163	2954	2836	1121	1587	809	1997	1156	1811	967	1752	282	243	138	155	320	231	112	108	103465
*	3p	+	11	216345	149866	154458	221189	741858	4325	3273	3564	3373	1340	1521	936	2090	1333	1686	1117	1821	325	349	151	174	292	287	140	144	98849
*	3p	+	12	217476	147014	161783	215471	741744	4532	3239	3614	3389	1240	1505	912	2112	1423	1773	3409	1849	346	346	208	179	343	323	136	175	95475
*	3p	+	13	223631	145140	154035	218836	741642	4422	3284	3308	3257	1268	1596	817	2045	1304	1782	1027	1891	401	379	209	229	383	373	147	176	92092
*	3p	+	14	220944	148902	154802	216857	741505	4347	3367	3141	3225	1268	1524	894	2173	1245	1764	965	1924	425	445	228	258	449	421	164	181	88760
*	3p	+	15	225904	143049	149416	223036	741405	4323	3190	3292	3112	1257	1500	935	2152	1287	1804	967	1830	492	514	227	260	457	467	190	203	85411
*	3p	+	16	221543	144375	150130	225230	741278	4286	3259	3296	3355	1320	1572	892	2017	1399	1755	2744	1845	472	567	281	289	515	498	200	215	82018
*	3p	+	17	221590	145462	147946	226197	741195	4144	3331	3316	3284	1260	1665	881	2095	1314	1785	965	1780	551	568	268	294	572	535	213	206	79326
*	3p	+	18	220456	153288	149315	218038	741097	3964	3435	3270	3219	1215	1583	923	2226	1310	1722	902	1825	615	636	281	307	579	560	237	247	76470
*	3p	+	19	227691	145291	149413	218699	741094	3934	3357	3218	3094	1296	1618	855	2014	1253	1713	856	1745	570	644	339	333	557	592	238	241	73758
*	3p	+	20	217338	151241	148071	219081	735731	4033	3465	3470	3441	1305	1630	1057	2277	1553	1856	878	1975	684	650	341	342	650	591	282	294	71115
*	3p	+	21	220811	147759	147482	217626	733678	4098	3657	3549	3708	1403	1782	1657	2133	1340	1808	942	1981	749	711	393	346	640	658	278	280	68567
*	3p	+	22	219213	144423	150712	218329	732677	4019	3586	3444	3435	1333	1697	968	2069	1324	1826	1300	1967	784	705	377	444	726	637	309	306	66117
*	3p	+	23	221756	146179	146790	217350	732075	3921	3523	3481	3509	1296	1731	1020	2225	1317	1810	927	1893	759	789	393	434	779	711	291	344	63830
*	3p	+	24	216028	150449	148382	216951	731810	4153	3632	3434	3520	1438	1664	992	2385	1278	1808	901	2009	787	789	382	439	745	775	294	299	61612
*	3p	+	25	216303	150584	150294	214215	731396	4271	3714	3622	3423	1273	1685	961	2261	1351	1849	924	2191	821	793	419	427	785	705	299	325	59477
*	3p	+	26	215485	146870	149169	219470	730994	4096	3946	3585	3387	1246	1708	941	2300	1347	1892	946	2047	821	833	435	496	832	764	289	342	57278
*	3p	+	27	216910	148151	144663	221034	730758	3887	3760	3590	3651	1309	1731	940	2230	1314	1884	900	2029	860	893	442	488	810	806	302	331	55339
*	3p	+	28	214855	147254	152410	216057	730576	4143	3567	3471	3513	1348	1668	906	2237	1338	1928	1133	2003	867	912	458	517	812	786	330	298	53441
*	3p	+	29	216690	148497	147230	217841	730258	3884	3603	3403	3479	1297	1690	904	2244	1348	1749	884	1935	965	965	425	473	864	813	372	336	51543
*	3p	+	30	220600	147386	144772	217257	730015	3882	3594	3453	3564	1316	1685	936	2132	1353	1891	881	1978	914	926	474	482	879	851	331	377	49689
*	3p	+	31	219309	142658	150946	215092	728005	3786	3477	3704	3482	1373	1763	924	2110	1409	1822	867	2238	1044	939	464	504	874	825	331	368	47844
*	3p	+	32	212728	146395	146215	220758	726096	3930	3497	3472	3454	1302	1678	930	2173	1338	1922	894	2003	1003	989	530	530	881	877	353	325	46266
*	3p	+	33	211437	143990	148496	220362	724285	4060	3553	3371	3380	1277	1727	955	2174	1373	1851	904	2009	1033	1022	528	526	908	885	347	354	44719
*	3p	+	34	212691	144621	142178	222517	722007	3782	3640	3404	3513	1363	1732	1129	2321	1314	1840	869	2100	1003	1061	537	539	894	909	325	348	43229
*	3p	+	35	212879	142974	142785	220886	719524	3805	3431	3539	3483	1301	1726	941	2113	1415	1925	847	2163	1033	1078	510	542	902	970	369	390	41733
*	3p	+	36	218295	141820	144109	210220	714444	3824	3659	3528	3554	1299	1741	837	2106	1292	1856	931	1991	1073	1123	546	553	972	1013	348	366	40374
*	3p	+	37	210948	139418	146150	212791	709307	3843	3637	3503	4711	1366	1640	889	2036	1342	1842	914	2301	1091	1112	518	597	977	941	338	409	39029
*	3p	+	38	215713	142284	138945	206853	703795	3768	3610	3374	3390	1284	1582	1088	2168	1292	1813	919	2021	1138	1066	549	564	972	948	382	350	37720
*	3p	+	39	214182	138235	139380	206831	698628	3661	3583	3614	3363	1267	1619	829	2104	1303	1781	882	1964	1105	1045	509	560	944	913	372	370	36505
*	3p	+	40	208966	138001	139408	206997	693372	3854	3454	3347	3290	1241	1649	906	2208	1332	1782	837	2072	1063	1048	548	551	899	871	382	357	35297
*	3p	+	41	203106	142787	137693	202745	686331	3636	3541	3395	3442	1337	1612	878	2162	1326	1868	844	2120	1110	1020	576	525	922	873	349	365	34075
*	3p	+	42	199932	137328	139989	201877	679126	3627	3525	3163	3178	1293	1517	1003	1971	1306	1875	910	2076	1117	1061	549	576	889	925	369	375	32900
*	3p	+	43	200779	133823	132070	205002	671674	3506	3353	3345	3135	1240	1646	853	1997	1289	1745	804	1960	1179	1117	550	541	959	929	376	355	31757
*	3p	+	44	199494	132290	134223	197995	664002	3650	3376	4517	3201	1228	1651	768	1867	1229	1611	819	1926	1112	1105	517	610	943	917	390	343	30654
*	3p	+	45	200594	129769	130160	195589	656112	3487	3186	3228	3202	1279	1583	914	1993	1289	1672	859	1880	1094	1122	527	606	962	930	341	369	29645
*	3p	+	46	196849	130546	126521	193281	647197	3356	3354	3190	3199	1303	1484	903	2039	1239	1574	775	1828	1039	1154	543	565	1010	928	331	366	28543
*	3p	+	47	196201	125729	124104	192046	638080	3313	3217	3049	3102	1252	1532	785	2001	1204	1646	790	1888	1108	1142	496	558	951	938	377	358	27565
*	3p	+	48	187759	130037	124115	186714	628625	3322	3153	2946	3086	1229	1445	812	1945	1261	1646	803	1854	1049	1066	606	580	915	1023	362	352	26568
*	3p	+	49	184262	122233	120430	192294	619219	3261	3292	2980	4136	1134	1494	797	1859	1153	1621	775	1800	1088	1128	577	521	879	940	357	352	25638
*	3p	+	50	186747	120050	120084	182396	609277	3176	2961	3107	2989	1140	1436	771	1926	1079	1568	774	1784	1068	1096	537	556	888	918	344	339	24772
*	3p	+	51	180697	121885	118137	179118	599837	3096	3153	2870	3078	1100	1360	736	1857	1112	1546	758	1762	1027	1109	545	580	865	873	340	376	23956
*	3p	+	52	176692	120639	116990	175962	590283	3143	3092	2793	2924	1067	1405	1279	5081	1099	1564	744	1795	1088	1141	541	516	894	850	347	359	23120
*	3p	+	53	177802	114749	114487	173719	580757	3027	2934	2814	2874	1095	1396	733	1733	1077	1458	741	1893	1039	1083	487	588	871	789	333	320	22325
*	3p	+	54	174028	114284	110301	172262	570875	3055	2918	2763	2786	1032	1337	763	1689	1127	1517	729	1677	976	1022	565	502	877	780	324	354	21596
*	3p	+	55	166407	116803	108742	169088	561040	3002	2852	2632	2840	995	1350	705	1655	1105	1501	727	1694	1028	1002	566	504	860	814	324	371	20798
*	3p	+	56	165686	108384	107348	169371	550789	2890	2797	2564	2830	1035	1390	659	1622	1060	1445	720	1651	995	994	498	501	904	802	348	335	20032
*	3p	+	57	163385	107117	103637	166564	540703	2841	2841	2591	2792	1037	1386	664	1629	1080	1380	671	1587	1000	952	513	490	805	800	340	349	19361
*	3p	+	58	159574	104769	102627	163481	530451	2895	2727	2491	2589	1054	1317	626	1537	1005	1379	669	1669	969	916	500	513	808	819	286	292	18620
*	3p	+	59	157331	102766	104382	155404	519883	2705	2608	2508	2610	945	1310	603	1536	971	1307	682	1528	962	954	509	492	834	747	251	290	17916
*	3p	+	60	154230	104383	98272	152750	509635	2748	2863	2410	2602	910	1221	647	1545	926	1331	582	1450	929	908	503	464	786	720	305	334	17375
*	3p	+	61	153345	98154	98305	149421	499225	2640	2565	2446	2381	965	1243	600	1500	903	1324	648	1500	908	910	449	450	785	824	275	305	16768
*	3p	+	62	146781	99905	93988	148263	488937	2483	2569	2373	2414	883	1242	577	1525	880	1184	720	1502	926	832	446	473	764	787	283	334	16197
*	3p	+	63	146237	95415	91639	145030	478321	2445	2440	2316	2347	891	1202	551	1449	902	1272	633	1412	895	879	459	456	769	781	316	276	15633
*	3p	+	64	142371	92316	93148	140007	467842	2526	2509	2327	2301	900	1165	580	1380	862	1184	608	1380	845	888	453	451	725	736	254	292	15077
*	3p	+	65	141923	90548	88203	136708	457382	2327	2383	2088	2332	923	1054	584	1356	885	1103	554	1378	835	905	456	417	697	707	264	289	14544
*	3p	+	66	138390	89232	86365	132991	446978	2321	2355	2008	2132	867	1091	544	1315	822	1087	558	1359	884	820	422	419	702	727	263	292	14046
*	3p	+	67	133134	89132	83533	130764	436563	2254	2333	2050	2106	868	1048	573	1415	797	1094	502	1298	826	860	395	410	694	661	285	249	13513
*	3p	+	68	128791	83910	84456	128921	426078	2138	2309	1996	2139	778	1033	534	1273	818	1052	546	1387	851	798	398	451	650	698	270	257	13023
*	3p	+	69	125055	82343	83192	125129	415719	2156	2205	1998	2030	776	984	527	1218	798	1055	562	1366	786	803	416	419	637	656	246	273	12541
*	3p	+	70	123122	79966	78426	123661	405175	2023	2220	2041	1938	773	976	494	1225	778	1050	479	1184	813	774	397	406	636	638	256	223	12096
*	3p	-	1	148595	127595	159966	164642	600798	10079	1990	3074	2501	1029	1025	908	1208	1352	1035	713	1222	0	0	0	0	60	67	41	66	111613
*	3p	-	2	193179	118717	109584	179499	600979	7284	1772	1758	2228	738	846	405	1169	687	1088	476	887	76	72	18	11	24	25	14	10	111394
*	3p	-	3	181414	109587	129962	180050	601013	4785	1860	1866	1711	566	778	534	1260	743	852	412	1007	42	34	24	25	16	16	4	6	107063
*	3p	-	4	179283	106271	124529	190544	600627	3866	1847	1857	1607	591	783	450	1089	753	856	422	1018	157	193	77	75	171	154	44	56	101512
*	3p	-	5	175437	114639	118428	192052	600556	3101	1771	1643	1673	577	780	485	1107	653	782	385	954	210	177	84	61	208	180	61	54	95550
*	3p	-	6	173506	116713	114035	196120	600374	4122	2733	2419	2619	938	1396	637	1524	985	1339	719	1449	254	189	86	94	290	219	86	88	88766
*	3p	-	7	193888	111691	120174	174634	600387	4376	2398	2479	2371	856	1190	692	1742	1017	1496	643	1338	254	219	92	94	272	243	66	85	85566
*	3p	-	8	188953	113298	124162	173934	600347	4066	2331	2647	2387	902	1196	706	1728	1088	1341	614	1362	252	239	116	109	286	263	66	94	81968
*	3p	-	9	195967	112239	124829	167152	600187	4132	2233	2647	2390	902	1192	701	1695	1068	1469	582	1379	361	328	145	147	334	307	107	123	78269
*	3p	-	10	184065	115132	115750	185104	600051	3834	2520	2404	2371	871	1228	635	1700	980	1432	609	1327	365	371	162	170	391	398	103	115	74712
*	3p	-	11	172074	122977	126973	177927	599951	3803	2585	2834	2739	1026	1228	785	1720	1146	1337	715	1483	404	437	188	194	428	388	134	154	71124
*	3p	-	12	176229	118475	128341	176899	599944	3882	2635	2845	2685	1019	1210	856	1693	1064	1433	778	1597	424	450	189	194	433	379	134	167	68586
*	3p	-	13	180537	118523	123225	177533	599818	3743	2595	2694	2772	969	1258	753	1724	1025	1480	736	1526	436	460	230	253	482	415	172	170	65946
*	3p	-	14	181904	117187	122540	178147	599778	3696	2693	2676	2684	977	1282	682	1713	1090	1469	786	1515	471	498	242	239	465	485	159	168	63229
*	3p	-	15	180894	117863	123923	176951	599631	3635	2592	2732	2549	1020	1216	753	1748	1089	1444	745	1553	496	512	238	274	514	493	197	219	60582
*	3p	-	16	181010	118412	121940	178215	599577	3522	2582	2850	2701	992	1343	661	1786	1076	1433	701	1585	523	513	247	276	564	501	185	219	57881
*	3p	-	17	180029	118914	121648	179014	599605	3368	2589	2772	2601	1023	1344	707	1756	1113	1408	945	1459	576	562	284	269	530	535	196	189	55733
*	3p	-	18	177934	119659	122656	179295	599544	3412	2623	2595	2657	950	1321	693	1695	1032	1431	709	1526	605	576	311	298	549	567	178	215	53544
*	3p	-	19	179277	118887	121833	179480	599477	3255	2508	2623	2451	936	1258	692	1662	1004	1348	695	1526	690	631	294	304	567	577	230	204	51475
*	3p	-	20	176964	118889	122058	176269	594180	3463	2714	2787	2778	1019	1347	758	1726	1146	1451	744	1629	665	609	348	339	627	594	241	253	49481
*	3p	-	21	176351	118410	121363	176002	592126	3433	2857	2880	2863	1053	1362	743	1801	1150	1500	752	1561	695	684	335	356	649	592	240	266	47532
*	3p	-	22	177016	117668	120605	175963	591252	3321	2822	2924	2743	1094	1252	740	1748	1129	1500	758	1580	709	704	353	370	676	639	231	245	45723
*	3p	-	23	177560	118272	119428	175500	590760	3327	2887	2887	2791	1091	1370	740	1786	1184	1532	754	1603	736	712	372	365	662	618	276	248	43997
*	3p	-	24	176545	118490	119706	175672	590413	3298	2955	2874	2782	1045	1332	769	1786	1122	1545	741	1668	747	691	373	383	669	670	250	244	42350
*	3p	-	25	176693	117347	119958	175981	589979	3352	2826	2815	2815	1045	1347	775	1859	1125	1469	829	1750	814	777	365	387	646	687	270	239	40828
*	3p	-	26	176705	117487	119850	175636	589678	3402	2781	2874	2877	1062	1367	733	1783	1147	1550	757	1656	821	777	415	358	719	602	245	293	39319
*	3p	-	27	176072	118937	118910	175515	589434	3279	3025	2900	2836	998	1353	798	1765	1135	1563	750	1628	804	780	394	370	693	625	260	284	37914
*	3p	-	28	175933	118067	119658	175612	589270	3254	2866	2925	2880	1088	1356	774	1782	1075	1547	797	1728	787	800	446	382	666	671	245	254	36521
*	3p	-	29	175903	118262	118727	176145	589037	3201	2802	2791	2758	1083	1251	718	1762	1109	1468	725	1598	808	775	433	395	715	639	269	291	35170
*	3p	-	30	175324	119463	119799	174216	588802	3305	2799	2753	2713	1100	1326	697	1816	1105	1490	729	1616	808	786	457	424	686	714	284	285	33915
*	3p	-	31	175299	117513	119376	174929	587117	3372	2722	2893	2839	1073	1410	715	1718	1112	1466	708	1712	836	804	442	444	690	706	285	288	32693
*	3p	-	32	174042	118028	119443	174038	585551	3222	2853	2824	2694	1003	1354	747	1753	1127	1468	685	1651	875	782	453	399	704	741	292	275	31561
*	3p	-	33	173272	117791	118823	174245	584131	3173	2802	2799	2715	1068	1356	732	1743	1090	1462	702	1730	865	842	448	434	704	769	295	308	30488
*	3p	-	34	173294	117938	117388	173489	582109	3062	2763	2703	2847	1090	1303	766	1730	1018	1427	699	1622	853	842	407	422	715	718	311	295	29335
*	3p	-	35	173537	116188	117878	172366	579969	3117	2898	2796	2723	1096	1290	703	1667	1095	1428	740	1667	882	837	473	436	708	665	330	338	28337
*	3p	-	36	172103	116324	116612	170788	575827	3137	2847	2743	2780	1049	1296	742	1657	1108	1491	717	1710	931	859	460	442	723	755	291	299	27313
*	3p	-	37	171850	114702	114647	170262	571461	3117	2863	2718	2791	1036	1290	727	1660	1100	1410	743	1689	894	908	456	438	750	746	297	303	26406
*	3p	-	38	170081	114126	113998	168652	566857	2980	2820	2781	2797	1082	1342	751	1669	1122	1444	745	1636	930	834	450	464	743	815	282	283	25449
*	3p	-	39	168274	113609	113600	166940	562423	3074	2789	2823	2780	1025	1322	789	1717	1083	1454	754	1703	884	806	463	459	754	719	300	343	24576
*	3p	-	40	166307	112661	111757	167062	557787	2964	2835	2716	2711	1021	1279	761	1625	1091	1401	730	1673	877	829	446	425	735	763	289	315	23657
*	3p	-	41	164602	111501	111274	164576	551953	3054	2732	2727	2719	1060	1349	713	1678	1031	1384	747	1713	860	885	410	461	780	713	294	320	22814
*	3p	-	42	162353	110223	109797	163598	545971	3060	2810	2723	2696	1015	1282	658	1620	1052	1379	712	1649	876	831	442	457	735	722	305	275	21968
*	3p	-	43	161834	107814	109057	161005	539710	2966	2681	2603	2608	1021	1273	710	1531	1060	1335	695	1814	841	796	427	453	713	706	301	293	21213
*	3p	-	44	159542	106509	107020	159962	533033	2836	2712	2580	2540	966	1261	648	1590	1002	1398	683	1574	846	895	425	453	756	705	302	285	20474
*	3p	-	45	157686	106573	105340	156612	526211	2850	2652	2554	2561	974	1242	675	1536	1030	1371	688	1523	839	893	425	402	721	662	295	322	19757
*	3p	-	46	155865	104151	103319	155152	518487	2838	2624	2664	2573	964	1216	683	1518	1003	1322	651	1631	863	811	419	421	678	714	303	280	19020
*	3p	-	47	153903	102572	102121	152015	510611	2818	2606	2494	2529	930	1195	656	1546	934	1335	679	1582	846	789	436	457	671	666	285	277	18313
*	3p	-	48	151337	101229	100347	149657	502570	2763	2599	2551	2419	975	1209	690	1484	976	1271	613	1468	773	796	458	388	677	691	224	275	17681
*	3p	-	49	148474	100044	98000	147744	494262	2657	2567	2453	2294	876	1154	668	1379	948	1320	680	1542	806	811	401	418	682	700	270	274	17071
*	3p	-	50	145968	97800	97129	144978	485875	2626	2505	2413	2364	900	1180	617	1384	929	1256	637	1460	794	798	384	413	658	716	243	274	16436
*	3p	-	51	143427	96932	94596	143052	478007	2573	2372	2323	2347	838	1195	651	1342	866	1202	589	1382	805	779	406	404	616	683	272	259	15798
*	3p	-	52	141337	94773	93385	140375	469870	2539	2334	2332	2225	856	1139	610	1346	954	1199	573	1439	775	826	393	385	676	658	275	265	15256
*	3p	-	53	137927	93402	91642	138624	461595	2420	2274	2239	2255	904	1112	598	1447	912	1139	542	1476	785	737	392	371	643	634	247	264	14702
*	3p	-	54	135818	91073	89904	136495	453290	2468	2250	2219	2275	870	1074	578	1315	848	1137	583	1354	736	709	386	368	658	639	252	225	14165
*	3p	-	55	133084	90312	88487	133028	444911	2359	2260	2200	2188	838	1057	563	1308	861	1182	610	1301	737	695	386	417	617	641	225	228	13686
*	3p	-	56	131099	88089	85738	131498	436424	2294	2169	2096	2179	804	1059	622	1285	818	1121	530	1243	691	684	370	342	594	536	252	257	13191
*	3p	-	57	128819	86210	84934	127869	427832	2214	2152	2268	1970	815	1039	544	1316	790	1074	558	1312	711	688	359	389	562	583	202	202	12673
*	3p	-	58	125533	84923	82612	125911	418979	2216	2102	2026	2022	740	1002	604	1252	780	1059	560	1273	712	712	342	373	568	578	239	231	12178
*	3p	-	59	123741	82690	80496	123413	410340	2191	2207	2031	2063	788	972	546	1243	754	1030	508	1201	688	716	385	336	525	560	288	205	11718
*	3p	-	60	121695	80635	78739	120819	401888	2090	2016	1957	1973	726	969	525	1193	732	1099	553	1179	678	682	369	323	555	570	192	224	11331
*	3p	-	61	118363	78783	77368	118713	393227	2089	2106	1854	1970	714	925	502	1113	658	986	491	1231	666	722	344	356	530	514	209	200	10945
*	3p	-	62	115677	77456	75833	115596	384562	2111	2074	1905	1821	738	884	496	1138	753	1013	459	1158	761	665	380	320	515	543	236	185	10541
*	3p	-	63	113694	75613	73443	113164	375914	2008	1894	1801	1824	745	948	478	1043	754	956	489	1102	762	633	347	367	514	528	202	188	10195
*	3p	-	64	110367	73878	72286	110563	367094	1862	1879	1752	1809	710	852	496	1113	684	956	504	1174	632	649	335	359	518	516	214	183	9824
*	3p	-	65	108038	71520	70723	108166	358447	1849	1845	1672	1763	683	879	466	1072	695	911	511	1150	646	627	348	309	494	507	199	195	9483
*	3p	-	66	105408	69971	68624	105750	349753	1904	1751	1623	1677	691	856	473	1015	623	922	437	1091	613	602	353	309	478	489	226	173	9109
*	3p	-	67	102830	68107	66890	103266	341093	1779	1811	1722	1771	579	803	453	1024	582	912	472	1031	623	566	287	299	486	474	210	189	8801
*	3p	-	68	100195	67569	65050	99791	332605	1713	1711	1583	1586	631	783	461	1018	622	858	452	949	545	535	317	306	487	465	199	182	8484
*	3p	-	69	98158	64999	63452	97436	324045	1720	1714	1572	1597	586	811	434	931	573	818	453	1020	579	512	294	291	468	479	177	207	8195
*	3p	-	70	95441	63477	61367	95231	315516	1703	1722	1527	1554	557	742	426	945	566	806	393	955	544	549	272	278	402	488	196	196	7894
*	5p	+	1	199469	200253	164516	178180	742418	2489	2734	3345	4206	1727	1105	935	2318	1452	1426	1126	1052	0	0	0	0	88	58	65	55	131455
*	5p	+	2	224293	131855	148588	237855	742591	2330	3991	2847	2318	871	1234	645	1311	982	1221	526	1249	122	121	19	26	33	39	15	8	131200
*	5p	+	3	223371	160053	132679	226571	742674	2426	2880	2206	2524	910	994	533	1580	773	1091	673	1655	67	69	24	27	17	15	7	6	126909
*	5p	+	4	240048	148920	130394	222790	742152	2422	2772	2104	2381	840	984	527	1583	738	1121	608	1498	307	232	84	94	212	235	74	48	121314
*	5p	+	5	242031	142791	141705	215565	742092	2374	2463	2091	2298	817	892	540	1412	739	1099	622	1597	257	236	107	83	228	257	69	75	115149
*	5p	+	6	247993	135894	145153	212940	741980	3441	3249	3134	3016	1079	1354	841	1982	1148	1862	789	2163	256	288	115	115	262	293	84	102	108141
*	5p	+	7	216073	145534	136448	243847	741902	3035	3651	2895	3220	1091	1583	787	1942	1066	1555	832	2084	256	336	106	119	282	363	93	82	104479
*	5p	+	8	215834	152056	140971	232965	741826	3108	3553	3003	3300	1272	1540	788	1952	1122	1471	930	2283	318	328	134	127	319	350	119	109	100382
*	5p	+	9	206440	153327	136437	245422	741626	2934	3794	3151	3262	1272	1667	810	1836	1124	1498	833	2257	441	419	196	171	412	452	130	103	96488
*	5p	+	10	231903	140503	140595	228453	741454	3411	3560	3027	3098	1157	1515	804	2008	1222	1615	856	2190	499	431	195	214	498	470	157	143	92565
*	5p	+	11	221386	157158	153851	208989	741384	3385	3370	3381	3618	1314	1491	943	2108	1470	1738	1034	2170	475	503	247	220	521	465	173	179	88540
*	5p	+	12	218295	159395	146748	216848	741286	3257	3568	3410	3597	1405	1561	1027	2033	1257	1615	1249	2154	614	492	237	266	554	522	195	165	85548
*	5p	+	13	221589	151872	146246	221453	741160	3275	3645	3434	3495	1237	1597	921	2062	1239	1602	868	2251	625	556	292	286	544	606	212	199	82409
*	5p	+	14	221300	151165	145389	223236	741090	3342	3595	3346	3386	1281	1652	988	2133	1170	1728	847	2096	599	686	294	310	604	627	211	190	79375
*	5p	+	15	220716	152433	145698	222084	740931	3319	3436	3213	3367	1247	1546	973	2031	1244	1597	941	2131	680	677	310	295	650	655	263	222	76400
*	5p	+	16	221364	149854	146498	223137	740853	3427	3598	3352	3396	1250	1592	949	2113	1293	1647	883	2250	669	703	296	350	684	703	255	221	73360
*	5p	+	17	223346	150134	145929	221525	740934	3296	3691	3299	3465	1344	1553	1433	2081	1454	1683	910	2132	715	701	385	370	658	615	262	251	70817
*	5p	+	18	222884	151354	147205	219416	740859	3354	3573	3240	3332	1168	1482	931	2067	1208	1710	842	2096	741	751	372	376	696	671	247	248	68311
*	5p	+	19	223010	151157	146209	220408	740784	3205	3328	3177	3159	1179	1558	834	2090	1192	1686	822	2056	804	787	367	391	692	678	289	279	65809
*	5p	+	20	220068	150187	146603	218721	735579	3619	3565	3471	3413	1337	1673	908	2161	1350	1706	892	2152	820	792	457	394	724	700	267	277	63440
*	5p	+	21	219707	150083	146281	217400	733471	3640	3685	3565	3622	1367	1648	992	2232	1313	1840	942	2192	913	793	414	484	726	753	316	270	61194
*	5p	+	22	220500	148378	144888	218749	732515	3611	3610	3522	3667	1379	1681	905	2222	1390	1812	885	2064	888	883	449	411	792	753	283	314	59117
*	5p	+	23	218390	147967	146235	219426	732018	3772	3728	3510	3565	1346	1748	973	2251	1308	1812	904	2292	936	905	443	479	807	778	307	294	57089
*	5p	+	24	218678	148145	146697	218162	731682	3705	3599	3500	3564	1375	1636	914	2210	1310	1833	933	2241	888	920	454	486	852	751	339	301	55134
*	5p	+	25	219504	148595	144730	218344	731173	3771	3787	3501	3663	1261	1670	1088	2197	1316	1808	1033	2109	917	1038	460	457	907	797	329	307	53335
*	5p	+	26	219556	148173	144881	218284	730894	3669	3664	3675	3435	1362	1631	902	2201	1337	1862	934	2157	939	985	501	490	846	838	330	313	51495
*	5p	+	27	219018	147581	145618	218373	730590	3803	3627	3432	3630	1347	1602	936	2102	1358	1882	959	2312	972	1024	495	507	835	888	326	367	49808
*	5p	+	28	220029	147606	144984	217799	730418	3782	3539	3568	3604	1333	1751	942	2436	1336	1856	1014	2178	1040	1003	519	553	891	869	320	305	48106
*	5p	+	29	218701	147116	146168	218243	730228	3738	3517	3434	3543	1274	1630	895	2149	1342	1688	941	2122	1089	1008	496	542	888	874	328	325	46567
*	5p	+	30	217336	148000	147047	217592	729975	3734	3649	3456	3478	1306	1627	947	2128	1333	1778	1029	2196	964	1004	519	557	874	927	330	345	45012
*	5p	+	31	218128	147811	145461	216487	727887	3805	3754	3496	3607	1223	1592	881	2175	1398	1806	975	2069	1002	1030	522	560	908	934	333	341	43507
*	5p	+	32	217227	146966	145224	216591	726008	3808	3598	3478	3547	1256	1595	862	2154	1392	1757	935	2112	1023	1060	550	492	879	917	356	368	42076
*	5p	+	33	217221	146792	145045	215188	724246	3745	3567	3497	3550	1331	1758	956	2149	1464	1836	1007	2180	1113	1009	507	566	961	876	329	365	40697
*	5p	+	34	216662	146124	144640	214548	721974	3636	3555	3471	3608	1280	1654	871	2170	1335	1755	975	2156	1114	1096	543	535	887	865	380	374	39396
*	5p	+	35	214683	145360	143295	216234	719572	3813	3564	3453	3512	1282	1676	892	2103	1393	1749	940	2025	1083	1108	520	610	884	962	375	362	38096
*	5p	+	36	212352	144853	142916	214450	714571	3754	3604	3348	3558	1352	1720	921	2238	1360	1822	1055	2095	1000	1075	554	602	894	942	372	366	36847
*	5p	+	37	212279	143616	140670	212824	709389	3770	3487	3435	3458	1271	1696	861	2290	1303	1823	983	2021	1006	1227	527	580	899	941	383	361	35702
*	5p	+	38	210970	141263	141380	210251	703864	3800	3591	3406	3537	1340	1645	917	2213	1402	1834	978	1954	1067	1057	545	583	938	909	358	376	34611
*	5p	+	39	209269	140964	139538	208788	698559	3826	3591	3379	3485	1319	1640	993	2195	1244	1770	980	1995	1032	1106	521	573	922	946	379	423	33518
*	5p	+	40	208273	139620	139543	205845	693281	3811	3496	3409	3486	1260	1661	916	2188	1265	1808	985	2006	1032	1077	521	546	918	929	402	351	32432
*	5p	+	41	206034	138539	136367	205335	686275	3759	3372	3394	3482	1364	1671	960	2246	1358	1716	865	1937	1060	1102	557	533	928	923	347	369	31430
*	5p	+	42	203781	135974	136357	203044	679156	3951	3513	3329	3402	1272	1677	883	2158	1252	1723	880	1954	1027	1108	586	558	912	902	345	370	30469
*	5p	+	43	201266	135480	133906	201177	671829	3722	3347	3296	3458	1183	1611	877	2401	1296	1696	926	1877	1122	1043	581	542	896	848	355	368	29541
*	5p	+	44	199822	132929	132648	198755	664154	3685	3305	3270	3274	1315	1563	827	2068	1245	1726	940	1875	1125	1098	555	531	860	893	348	340	28652
*	5p	+	45	196459	131003	132004	196822	656288	3828	3332	3252	3169	1241	1580	856	1976	1209	1746	899	1937	1142	1104	533	557	887	850	336	353	27777
*	5p	+	46	195818	129026	129852	192718	647414	3780	3244	3139	3576	1241	1627	838	2011	1281	1704	875	1863	1079	1066	568	560	869	890	327	334	26861
*	5p	+	47	191622	127004	128248	191429	638303	3732	3228	3104	3138	1144	1593	811	2107	1183	1676	926	1712	1072	1032	516	575	874	903	327	298	26066
*	5p	+	48	188187	125552	125455	189739	628933	3572	3230	3064	3179	1203	1494	796	1898	1141	1637	949	1741	1027	1037	514	568	845	861	321	320	25266
*	5p	+	49	186030	123238	124049	186079	619396	3623	3150	2948	3040	1158	1470	714	1808	1146	1788	899	1754	999	1017	550	574	848	843	301	360	24455
*	5p	+	50	182983	122321	121312	182795	609411	3619	3143	2981	3113	1099	1407	790	1921	1090	1543	839	1761	955	1037	538	524	921	786	308	337	23703
*	5p	+	51	180732	118681	120302	180207	599922	3537	3011	2908	2980	1150	1462	827	1837	1186	1490	840	1634	964	1021	532	506	855	825	340	345	22975
*	5p	+	52	177213	117176	118965	177073	590427	3547	2906	2842	2973	1126	1444	770	1899	1098	1555	847	1666	990	956	519	521	826	831	303	347	22276
*	5p	+	53	174913	114376	117610	173879	580778	3591	2839	2757	2917	1067	1357	743	1818	1068	1477	831	1737	945	984	506	578	835	787	328	338	21616
*	5p	+	54	172455	112846	114241	171369	570911	3542	2842	2836	2945	1133	1374	731	1714	1086	1504	806	1608	965	967	526	519	822	790	332	354	20969
*	5p	+	55	168975	110553	113467	168139	561134	3407	2764	2719	2804	1082	1365	699	1729	1046	1446	780	1581	946	941	449	520	830	781	326	336	20309
*	5p	+	56	166041	108728	110202	165946	550917	3390	2752	2804	2734	1003	1221	691	1602	1050	1471	797	1580	912	949	460	508	801	824	299	339	19688
*	5p	+	57	162726	106524	108834	162747	540831	3436	2781	2575	2886	921	1292	702	1708	1072	1435	852	1536	909	925	473	459	815	735	318	300	19132
*	5p	+	58	160036	103942	107526	159090	530594	3416	2580	2606	2476	956	1262	729	1657	976	1367	798	1449	925	846	453	458	743	685	302	330	18539
*	5p	+	59	157122	101973	103923	157015	520033	3238	2654	2573	2485	940	1293	635	1576	1043	1488	754	1381	924	927	420	431	759	660	279	285	18052
*	5p	+	60	154095	99398	102427	153893	509813	3239	2599	2498	2402	944	1226	696	1542	966	1287	773	1454	900	835	472	481	724	655	276	313	17508
*	5p	+	61	151264	98047	99670	150466	499447	3075	2491	2501	2295	884	1199	687	1587	945	1326	767	1391	900	832	431	432	711	657	297	300	16983
*	5p	+	62	147544	96484	98174	146895	489097	3173	2567	2416	2436	911	1165	613	1520	952	1223	761	1304	867	816	429	492	732	690	271	303	16535
*	5p	+	63	145032	93543	95922	144071	478568	3111	2464	2304	2349	886	1174	605	1473	960	1254	681	1339	867	847	449	403	706	662	270	261	16058
*	5p	+	64	141224	92226	93923	140570	467943	3048	2326	2299	2190	873	1103	625	1456	886	1242	684	1282	787	814	420	466	697	683	249	277	15607
*	5p	+	65	138558	89653	90903	138353	457467	2938	2228	2267	2240	852	1065	639	1537	889	1257	671	1172	803	777	403	430	700	637	271	264	15145
*	5p	+	66	135011	87879	89909	134331	447130	2849	2302	2220	2183	794	1110	580	1345	944	1261	706	1176	788	789	419	402	641	654	253	285	14669
*	5p	+	67	132505	85369	86927	131911	436712	2938	2291	2108	2124	786	1076	541	1397	854	1172	710	1184	759	723	412	399	612	605	254	267	14249
*	5p	+	68	129256	82671	86179	128137	426243	2799	2112	2080	2037	786	991	571	1295	813	1144	684	1127	727	756	386	407	606	582	265	259	13828
*	5p	+	69	125536	81380	83497	125442	415855	2694	2176	2040	1982	729	1016	537	1236	773	1100	615	1063	726	712	392	368	609	598	210	261	13444
*	5p	+	70	123458	78705	81309	121810	405282	2730	2006	2091	1964	739	1028	514	1287	760	1081	617	1061	689	690	376	378	628	564	213	241	13054
*	5p	-	1	160016	160702	136261	143934	600913	1993	2135	2608	3244	1421	903	768	1703	1152	1083	979	863	0	0	0	0	40	21	34	30	110269
*	5p	-	2	179264	107283	123633	190744	600924	2070	3108	2251	1736	674	1041	570	1029	824	959	452	1037	9	8	5	10	34	46	17	25	110013
*	5p	-	3	178698	132809	107923	181533	600963	1922	2306	1666	1979	820	812	421	1161	596	854	554	1340	12	8	9	12	33	36	10	15	106460
*	5p	-	4	191446	122704	107570	179117	600837	1947	2174	1629	1864	702	797	445	1170	584	945	443	1155	39	46	34	44	61	59	53	47	101917
*	5p	-	5	194131	116235	116832	173628	600826	1916	1931	1650	1771	691	721	503	1152	652	887	464	1277	72	63	59	63	66	66	52	48	96835
*	5p	-	6	198574	110926	121864	169377	600741	3004	2594	2554	2370	873	1127	760	1552	1078	1432	598	1790	85	86	60	63	112	78	58	69	90849
*	5p	-	7	172363	117313	111957	199073	600706	2505	3038	2265	2530	970	1271	694	1391	942	1235	683	1743	98	97	67	64	112	122	55	62	87843
*	5p	-	8	172169	123888	115522	189014	600593	2433	2773	2396	2619	971	1297	702	1442	1006	1243	703	1766	123	137	74	77	137	178	78	72	84591
*	5p	-	9	164176	124369	113570	198389	600504	2448	3059	2426	2550	985	1319	743	1553	933	1239	660	1859	173	190	128	95	155	218	96	85	81200
*	5p	-	10	184652	114758	115499	185523	600432	2712	2598	2256	2463	853	1252	691	1561	937	1309	626	1781	201	214	160	109	211	238	93	84	77862
*	5p	-	11	178015	127337	124682	170267	600301	2704	2636	2750	2827	1052	1242	780	1610	1140	1333	780	1708	250	281	148	139	250	262	142	103	74525
*	5p	-	12	174355	130662	120287	174908	600212	2695	2833	2844	2888	1117	1267	1452	1579	1004	1274	731	1809	291	331	143	118	280	296	150	120	72104
*	5p	-	13	177345	124579	118503	179709	600136	2687	2840	2593	2701	976	1222	747	1536	1089	1351	668	1648	334	315	158	145	330	319	154	120	69548
*	5p	-	14	177086	124152	120163	178634	600035	2875	2917	2556	2508	1027	1253	744	1645	973	1331	696	1785	363	341	184	179	314	406	154	150	66962
*	5p	-	15	178679	122769	118060	180467	599975	2765	2800	2503	2611	1006	1270	658	1610	935	1337	776	1757	385	394	222	200	339	407	190	148	64464
*	5p	-	16	180665	122244	117661	179288	599858	2729	2828	2619	2590	1015	1313	1487	1627	1006	1324	709	1704	499	437	209	211	405	432	179	180	61938
*	5p	-	17	180264	121430	119416	178579	599689	2677	2825	2519	2616	1077	1290	683	1605	995	1404	742	1683	433	441	237	244	452	545	172	200	59868
*	5p	-	18	178107	121993	121941	177667	599708	2835	2756	2525	2601	1012	1314	696	1620	958	1332	709	1742	479	508	272	248	449	500	199	202	57769
*	5p	-	19	177817	122712	118432	180692	599653	2778	2647	2608	2624	959	1180	657	1562	975	1397	701	1596	516	464	278	263	481	521	208	194	55787
*	5p	-	20	177076	121653	120349	175417	594495	2956	2817	2786	2844	1167	1304	704	1645	1160	1497	870	1709	560	577	290	263	498	503	205	197	53815
*	5p	-	21	175964	121183	119519	175703	592369	3010	3005	2919	2801	1018	1284	754	1651	1151	1587	1024	1756	575	562	303	296	511	527	242	227	51839
*	5p	-	22	176191	121217	118243	175859	591510	2972	2957	2693	2827	1043	1383	818	1663	1078	1453	705	1800	578	625	287	274	537	547	235	214	50033
*	5p	-	23	175870	120520	118244	176288	590922	2955	2810	2787	2831	1036	1280	753	1634	1068	1507	793	1700	640	599	324	306	569	574	252	250	48301
*	5p	-	24	176241	120558	119633	174134	590566	3082	3009	2815	2755	1039	1368	743	1726	1123	1418	827	1775	631	643	359	311	584	614	244	239	46653
*	5p	-	25	174285	121398	119299	175117	590099	3021	2936	2771	2830	1031	1321	737	1723	1027	1436	727	1771	710	639	355	321	640	613	227	242	45048
*	5p	-	26	175029	121800	118552	174396	589777	3058	2969	2759	2804	1093	1433	692	1797	1103	1492	722	1731	713	706	377	350	606	622	285	247	43559
*	5p	-	27	176914	118558	118823	175181	589476	3107	2886	2793	2849	1072	1416	759	1659	1104	1483	744	1815	747	677	404	362	615	679	268	253	42147
*	5p	-	28	174604	121299	119315	174078	589296	3031	2855	2884	2741	1042	1369	782	1735	1135	1480	732	1742	732	737	391	402	625	667	246	269	40850
*	5p	-	29	175979	119458	119219	174351	589007	3029	2868	2718	2844	1001	1416	748	1671	1048	1438	708	1733	783	754	387	386	680	690	290	284	39525
*	5p	-	30	174632	118810	118799	176544	588785	2868	2929	2711	2792	1062	1416	765	1559	1093	1413	718	1723	784	796	404	367	720	688	289	287	38186
*	5p	-	31	174008	120840	116559	175712	587119	2970	2780	2845	2933	994	1363	654	1708	1070	1472	718	1637	797	829	400	419	706	689	305	267	36919
*	5p	-	32	175371	118694	119300	172224	585589	3129	2911	2778	2816	985	1390	710	1791	1111	1447	761	1681	799	745	387	408	707	705	283	269	35724
*	5p	-	33	174467	119627	117580	172546	584220	3133	2917	2764	2736	1019	1368	682	1728	1103	1469	742	1664	800	774	469	401	743	693	307	241	34620
*	5p	-	34	176298	116731	117556	171552	582137	3058	2860	2711	2716	994	1315	664	1708	1062	1467	804	1642	894	779	439	453	727	722	278	281	33503
*	5p	-	35	174672	116578	116772	171928	579950	3075	2892	2696	2851	1087	1330	693	1727	1094	1480	733	1623	890	853	439	435	757	721	292	290	32440
*	5p	-	36	170249	116873	116053	172652	575827	3211	2953	2798	2791	1033	1351	685	1721	1105	1509	728	1681	896	843	444	429	743	726	315	285	31387
*	5p	-	37	171013	116073	113845	170549	571480	3102	2808	3190	2789	1073	1416	691	1673	1173	1449	692	1625	864	835	468	448	741	766	297	274	30474
*	5p	-	38	168643	112935	114533	170796	566907	3129	2731	2676	2713	991	1371	692	1585	1110	1409	833	1606	887	894	457	413	709	774	304	289	29535
*	5p	-	39	167874	113604	111966	169086	562530	3105	2833	2685	2747	1001	1357	686	1684	1026	1454	682	1627	840	866	428	431	705	741	279	285	28615
*	5p	-	40	166797	112580	111755	166716	557848	3187	2835	2768	2664	1046	1275	706	1631	1057	1388	708	1640	861	816	453	414	716	758	283	283	27786
*	5p	-	41	163780	111717	112729	163785	552011	3166	2829	2755	2730	1018	1322	727	1607	1138	1407	681	1668	829	819	433	459	748	751	281	268	26914
*	5p	-	42	163101	110608	110507	161742	545958	3151	2743	2637	2596	1011	1322	687	1612	1111	1438	692	1582	868	768	441	432	703	727	325	295	26115
*	5p	-	43	162658	107688	108783	160550	539679	3146	2619	2599	2611	920	1318	655	1581	1040	1401	700	1449	867	849	424	412	718	716	292	319	25285
*	5p	-	44	160321	106741	106847	159158	533067	3110	2652	2594	3321	907	1243	657	1553	1049	1402	618	1506	854	831	407	419	725	676	279	333	24487
*	5p	-	45	157576	105164	105010	158408	526158	3127	2623	2554	2564	922	1204	694	1631	1019	1416	686	1510	869	811	430	399	719	717	317	293	23688
*	5p	-	46	155396	102480	105279	155279	518434	3182	2489	2534	2556	928	1200	623	1601	1054	1331	624	1452	871	829	469	450	699	722	322	288	22952
*	5p	-	47	153913	100292	102409	153859	510473	3037	2378	2540	2386	916	1185	652	1553	1017	1352	626	1439	833	812	435	437	713	780	242	305	22249
*	5p	-	48	149894	99912	102432	150109	502347	3045	2547	2463	2289	927	1235	650	1519	984	1299	590	1450	858	818	426	426	772	739	291	290	21596
*	5p	-	49	151021	97508	98958	146657	494144	3047	2470	2767	2305	960	1120	621	1455	983	1326	645	1415	866	821	432	383	713	732	299	304	20934
*	5p	-	50	145476	96646	97418	146294	485834	2957	2451	2445	2315	911	1106	626	1482	932	1246	627	1352	806	842	410	405	729	685	270	252	20329
*	5p	-	51	143231	95154	96421	143115	477921	2972	2344	2387	2324	864	1104	644	1409	865	1239	577	1334	802	819	454	385	704	668	294	249	19745
*	5p	-	52	140944	93460	94902	140584	469890	3007	2262	2300	2236	864	1116	613	1418	896	1157	732	2242	819	805	438	392	715	698	210	232	19182
*	5p	-	53	138169	91606	92607	139142	461524	2891	2364	2274	2215	847	1070	535	1460	908	1170	642	1318	807	794	405	412	669	672	244	275	18627
*	5p	-	54	137002	89043	91111	136074	453230	2920	2261	2202	2126	830	1077	559	1306	840	1176	584	1210	777	767	441	404	651	665	253	263	18101
*	5p	-	55	134384	87121	90910	132372	444787	2859	2210	2129	2184	861	1073	550	1337	882	1200	574	1274	786	798	393	358	660	629	253	293	17577
*	5p	-	56	132928	85710	87136	130541	436315	2724	2220	2195	2082	755	1053	542	1261	861	1181	518	1187	783	739	400	423	640	612	245	251	17077
*	5p	-	57	129552	83276	85867	128954	427649	2785	2119	2194	2021	773	1015	572	1223	816	1142	534	1160	703	765	415	412	616	598	236	278	16593
*	5p	-	58	127715	81745	83360	125997	418817	2718	2081	2063	1952	798	909	524	1228	831	1089	460	1181	742	742	403	399	641	624	263	245	16131
*	5p	-	59	123272	81193	82089	123675	410229	2702	2035	1963	1974	713	988	509	1247	826	1042	503	1173	752	737	382	402	587	620	258	217	15673
*	5p	-	60	121176	77851	81943	120751	401721	2658	2073	2024	1915	725	906	503	1234	769	1051	537	1146	716	698	396	387	614	598	247	245	15262
*	5p	-	61	118591	76953	78854	118637	393035	2609	1980	1999	1833	730	919	518	1213	805	1104	485	1091	710	725	394	324	631	564	205	240	14863
*	5p	-	62	116794	74431	78329	114836	384390	2615	1864	1911	1816	714	918	533	1237	763	965	478	1046	687	731	341	340	622	538	226	247	14444
*	5p	-	63	114376	72538	75382	113453	375749	2488	1812	1832	1904	703	898	448	1163	759	1000	440	1061	706	673	320	377	576	564	226	220	14021
*	5p	-	64	110772	72099	73916	110168	366955	2584	1837	1876	1740	703	837	448	1153	728	1004	456	1005	681	688	324	357	594	526	217	230	13646
*	5p	-	65	108021	69436	72289	108579	358325	2527	1722	1734	1679	661	776	445	1093	722	995	495	943	683	641	325	341	553	546	206	210	13274
*	5p	-	66	105434	67934	70262	105984	349614	2441	1711	1741	1571	623	787	470	1149	715	911	433	938	622	665	331	343	561	496	218	227	12905
*	5p	-	67	102613	66017	69839	102467	340936	2422	1691	1631	1630	566	823	408	1058	689	908	431	982	614	622	300	340	565	508	204	238	12504
*	5p	-	68	101611	64559	66055	100210	332435	2323	1623	1553	1589	600	808	423	1087	653	898	397	906	596	587	318	313	550	539	209	207	12183
*	5p	-	69	97954	63372	64942	97677	323945	2294	1570	1610	1586	569	752	404	1039	628	905	393	888	582	543	315	313	536	503	193	198	11851
*	5p	-	70	96690	61003	62353	95409	315455	2184	1511	1500	1501	557	760	395	958	604	869	381	865	608	591	317	280	522	461	183	178	11540
