# table produced by mapDamage version 2.2.1
# using mapped file CviAPal027.merged.L103.realn.bam and reference.ssl.Cvi20k_rename.fasta as reference file
# Chr: reference from sam/bam header, End: from which termini of DNA sequences, Std: strand of reads
Chr	End	Std	Pos	A	C	G	T	Total	G>A	C>T	A>G	T>C	A>C	A>T	C>G	C>A	T>G	T>A	G>C	G>T	A>-	T>-	C>-	G>-	->A	->T	->C	->G	S
*	3p	+	1	279276	212872	292558	320810	1105516	20904	3778	5907	4507	1915	2184	1708	2133	2584	2076	1254	1992	0	0	0	0	80	92	84	127	197858
*	3p	+	2	381950	206970	182368	334281	1105569	13135	3507	2973	3901	1415	1670	713	2320	1241	2279	972	1637	22	22	24	20	121	101	64	53	197575
*	3p	+	3	345878	191404	228216	340152	1105650	8717	3526	3489	3013	1193	1546	1008	2352	1449	1778	869	1769	47	40	21	27	99	110	23	30	189720
*	3p	+	4	344713	182251	217057	361386	1105407	6723	3485	3405	2975	1062	1744	889	2156	1394	1722	797	1851	102	100	72	92	121	150	102	134	179596
*	3p	+	5	336232	196793	203327	369045	1105397	5537	3554	3129	3085	1177	1735	809	2107	1341	1623	839	1858	141	120	110	130	148	175	90	104	168642
*	3p	+	6	329416	204796	195493	375578	1105283	7203	5411	4542	4762	1896	2788	1270	3239	1842	2670	1429	2762	196	161	144	134	187	236	120	92	156392
*	3p	+	7	373013	193829	202630	335637	1105109	7559	4774	4639	4313	1753	2382	1280	3260	1880	2775	1253	2400	237	261	151	168	277	260	118	153	150506
*	3p	+	8	368492	193141	211826	331549	1105008	7387	4772	4853	4521	1748	2352	1333	3348	2112	2831	1322	2490	341	346	136	160	319	301	148	143	143928
*	3p	+	9	379394	194395	212301	318714	1104804	7233	4519	4713	4567	1724	2197	1305	3373	1958	2885	1361	2575	410	399	206	225	433	350	160	172	137369
*	3p	+	10	357462	198149	198261	350693	1104565	6838	4953	4596	4431	1815	2448	1180	3212	1816	2648	1377	2625	470	429	246	272	492	473	191	195	130915
*	3p	+	11	334641	210214	215795	343717	1104367	6729	5125	5369	5211	2044	2695	1419	3197	2162	2837	1504	2747	590	541	267	279	565	501	241	242	124315
*	3p	+	12	339664	204072	221600	338867	1104203	7078	5102	5267	5037	1982	2554	1390	3032	2266	2895	2758	2793	652	618	325	328	594	615	220	287	119584
*	3p	+	13	346598	202931	212496	341937	1103962	6889	5242	5272	5007	1962	2555	1236	3231	2022	2903	1404	2769	772	729	333	318	700	718	258	281	114781
*	3p	+	14	347755	204118	211630	340204	1103707	6816	5180	5093	4894	1945	2600	1247	3332	2021	2896	1419	2890	843	768	370	388	798	730	332	348	110086
*	3p	+	15	348710	202131	209025	343654	1103520	6446	5137	4945	4875	1962	2633	1412	3172	2086	2895	1350	2757	828	850	410	430	888	836	322	352	105620
*	3p	+	16	346852	202220	207364	346785	1103221	6475	5276	5068	5089	2005	2665	1347	3136	2127	2987	2198	2827	888	911	401	456	953	958	368	393	101041
*	3p	+	17	345683	203172	207648	346557	1103060	6368	5069	5099	4821	1970	2772	1295	3242	2089	2897	1414	2831	996	989	471	466	1042	1018	403	395	97368
*	3p	+	18	343363	208424	209289	341839	1102915	6201	5360	5057	4915	1979	2631	1348	3270	2054	2874	1318	2780	1084	1051	454	481	1064	1059	395	484	93523
*	3p	+	19	347643	204225	208429	342569	1102866	6046	5250	4945	4710	1998	2751	1285	3144	1992	2925	1251	2803	1143	1084	511	547	1163	1087	396	406	89896
*	3p	+	20	339602	206075	207491	343885	1097053	6452	5472	5189	5373	2080	2851	1462	3388	2237	3051	1434	2992	1213	1189	548	582	1261	1108	447	450	86326
*	3p	+	21	341309	204157	207458	341667	1094591	6523	5685	5446	5283	2105	3013	1840	3239	2195	2975	1428	2900	1268	1258	566	620	1284	1212	463	459	82836
*	3p	+	22	341852	201123	207663	342982	1093620	6704	5658	5332	5320	2085	2902	1417	3256	2182	2924	1692	2981	1393	1301	602	606	1258	1208	464	491	79662
*	3p	+	23	343164	201680	205252	342738	1092834	6490	5542	5289	5283	2150	2937	1460	3439	2195	3108	1425	3000	1550	1327	605	675	1361	1278	467	523	76597
*	3p	+	24	341205	204743	205426	340967	1092341	6576	5665	5269	5076	2153	2829	1416	3294	2160	3024	1382	3027	1469	1444	685	643	1385	1355	487	493	73599
*	3p	+	25	340840	204438	205886	340633	1091797	6547	5715	5295	5062	2188	2915	1412	3271	2247	3122	1428	3160	1449	1548	725	714	1372	1372	499	515	70764
*	3p	+	26	341134	201377	205189	343595	1091295	6580	5800	5288	5262	2069	2873	1404	3377	2159	3057	1391	3018	1608	1558	725	726	1453	1401	509	504	67975
*	3p	+	27	341149	203416	202772	343518	1090855	6377	5797	5199	5263	2060	2864	1428	3335	2104	3140	1334	3043	1610	1648	782	761	1494	1451	520	545	65440
*	3p	+	28	340079	202251	207338	340857	1090525	6545	5707	5195	5277	2132	2878	1369	3340	2176	3157	1604	3256	1627	1708	723	805	1447	1456	556	609	62949
*	3p	+	29	340973	203483	204194	341558	1090208	6401	5709	5330	5174	2018	2752	1406	3233	2131	3148	1389	3026	1703	1647	778	838	1543	1574	559	531	60637
*	3p	+	30	343212	202958	203287	340586	1090043	6318	5530	5162	5183	2013	2845	1296	3199	2139	3072	1340	3075	1645	1694	852	785	1573	1453	563	568	58292
*	3p	+	31	341949	200330	205687	339152	1087118	6335	5487	5631	5301	2114	2849	1354	3332	2191	3081	1355	3126	1812	1717	873	850	1539	1548	566	576	56069
*	3p	+	32	337616	202757	202355	341922	1084650	6262	5610	5218	5070	2072	2825	1372	3305	2163	3016	1340	3068	1726	1733	826	861	1531	1566	588	541	53945
*	3p	+	33	337173	200584	204157	340471	1082385	6322	5496	5301	5120	2130	2903	1356	3161	2173	3116	1364	3171	1818	1705	833	898	1535	1547	571	579	51822
*	3p	+	34	336301	200537	200465	342326	1079629	6278	5721	5145	5338	2044	2903	1432	3192	2164	2951	1360	3181	1836	1882	792	876	1605	1562	579	577	49925
*	3p	+	35	338292	199338	199088	340090	1076808	6167	5638	5389	5314	2073	2852	1381	3264	2191	3129	1337	3203	1822	1835	900	842	1658	1611	591	636	48077
*	3p	+	36	338925	198402	199210	334359	1070896	6250	5654	5356	5299	2076	2842	1320	3214	2170	3066	1385	3045	1844	1871	908	872	1699	1714	631	602	46317
*	3p	+	37	335218	195703	199636	334546	1065103	6106	5685	5307	5827	2146	2941	1335	3195	2223	2960	1453	3257	1859	1843	896	919	1737	1648	605	632	44659
*	3p	+	38	335418	198424	194810	330369	1059021	6098	5681	5082	5132	2141	2800	1483	3280	2070	2892	1350	3072	1994	1931	928	899	1720	1632	636	601	43018
*	3p	+	39	333391	194406	195155	330107	1053059	6119	5623	5325	5098	2051	2800	1321	3232	2104	3157	1371	3123	1985	1934	877	921	1721	1622	645	631	41396
*	3p	+	40	330409	193610	194065	329107	1047191	6021	5488	5174	5155	2083	2735	1342	3186	2112	2923	1371	3063	1999	1905	964	879	1725	1647	621	621	39943
*	3p	+	41	325130	196708	192251	324954	1039043	5967	5584	5208	5184	2009	2716	1396	3302	2127	2984	1342	3170	1961	1892	937	952	1713	1580	604	638	38431
*	3p	+	42	321944	192121	192956	323286	1030307	5766	5641	5033	5108	2170	2873	1412	3072	2014	3006	1331	3167	2038	2009	883	900	1689	1624	623	626	37075
*	3p	+	43	321503	189640	187487	323108	1021738	5587	5383	4933	5090	2010	2693	1344	2967	1991	2837	1292	3115	1959	1951	915	920	1712	1579	629	622	35643
*	3p	+	44	318950	187955	187217	318564	1012686	5806	5336	5637	4914	2031	2594	1205	2983	1990	2820	1264	2956	1915	1919	892	909	1684	1630	610	572	34313
*	3p	+	45	317466	186097	184038	315806	1003407	5758	5356	4849	4910	1960	2725	1249	3076	1967	2795	1320	3041	1916	1941	868	885	1653	1597	574	607	32972
*	3p	+	46	314860	184764	181112	311873	992609	5553	5491	4933	4951	2006	2718	1234	3022	1972	2769	1201	2936	1948	1946	825	883	1624	1607	622	622	31725
*	3p	+	47	312308	181536	178424	308937	981205	5337	5329	4735	4857	1915	2659	1154	2956	1855	2719	1267	3018	1974	2020	901	948	1668	1628	567	585	30516
*	3p	+	48	306015	182051	177500	304060	969626	5429	5408	4853	4721	2005	2619	1255	3011	2019	2739	1244	2949	1994	1932	887	932	1618	1613	557	591	29353
*	3p	+	49	300503	177642	174014	305138	957297	5517	5100	4497	5235	1908	2473	1196	2892	1893	2687	1212	2893	2004	1959	883	863	1564	1612	583	590	28237
*	3p	+	50	300018	175830	171618	297337	944803	5229	5076	4647	4592	1919	2486	1164	2870	1778	2667	1200	2846	1949	1950	887	922	1564	1584	624	574	27207
*	3p	+	51	293781	174852	170326	293261	932220	5198	4977	4525	4443	1832	2462	1136	2806	1824	2589	1252	2857	1914	1873	865	910	1511	1602	589	567	26216
*	3p	+	52	289404	171919	168267	289803	919393	5132	4997	4396	4557	1849	2464	1388	4403	1844	2508	1142	2898	1926	1924	903	871	1583	1526	599	562	25232
*	3p	+	53	286066	168738	165724	285851	906379	4987	5016	4407	4514	1708	2368	1116	2759	1758	2550	1138	2865	1922	1845	848	924	1531	1553	538	552	24283
*	3p	+	54	283032	166082	161550	282278	892942	5015	4889	4272	4452	1789	2296	1127	2670	1708	2417	1236	2681	1747	1887	854	914	1544	1448	508	512	23389
*	3p	+	55	275783	166327	159412	277652	879174	5068	4686	4210	4285	1793	2331	1099	2582	1791	2420	1115	2664	1785	1874	816	842	1488	1482	541	518	22491
*	3p	+	56	273653	160121	155915	275180	864869	4689	4778	4233	4370	1707	2338	1040	2535	1689	2388	1068	2611	1776	1801	832	778	1498	1451	503	552	21628
*	3p	+	57	269624	157939	152464	270278	850305	4695	4583	4145	4190	1695	2234	1060	2539	1603	2442	1041	2506	1703	1697	840	812	1466	1342	520	519	20858
*	3p	+	58	264064	154921	150257	265983	835225	4578	4590	3942	4177	1637	2223	1043	2501	1544	2306	1042	2602	1715	1737	831	746	1451	1360	491	493	20118
*	3p	+	59	259727	152027	149641	258519	819914	4529	4507	3994	4113	1617	2163	933	2475	1582	2319	1033	2436	1747	1650	792	753	1471	1316	491	491	19347
*	3p	+	60	254677	151827	145371	252517	804392	4548	4436	3996	3920	1636	2152	947	2353	1530	2184	984	2471	1603	1673	768	746	1400	1327	489	460	18673
*	3p	+	61	250971	146180	142460	248774	788385	4081	4355	3830	3738	1552	2160	943	2344	1553	2300	940	2462	1610	1677	725	755	1382	1294	468	459	17978
*	3p	+	62	243466	145003	138723	244687	771879	4083	4306	3687	4016	1533	2117	926	2298	1483	2040	978	2376	1583	1612	744	741	1331	1330	466	475	17336
*	3p	+	63	239709	140380	136012	239353	755454	4166	4151	3693	3724	1534	2076	890	2150	1546	2141	960	2396	1579	1598	676	699	1319	1282	453	471	16667
*	3p	+	64	234873	136780	134306	232913	738872	3956	4031	3511	3638	1476	1995	877	2195	1424	2102	956	2217	1457	1631	668	705	1226	1273	449	464	16040
*	3p	+	65	230417	134496	129464	227717	722094	3814	3896	3451	3523	1486	1884	879	2084	1466	2042	899	2331	1511	1483	696	711	1269	1203	459	413	15420
*	3p	+	66	225246	131222	126725	221975	705168	3724	3743	3487	3417	1365	1874	887	2017	1394	2014	851	2294	1404	1443	676	712	1219	1153	478	409	14890
*	3p	+	67	218485	128768	123229	217693	688175	3634	3742	3192	3448	1390	1805	844	2076	1336	1899	837	2123	1421	1433	671	659	1188	1193	428	387	14295
*	3p	+	68	212062	124645	120944	213421	671072	3657	3656	3275	3296	1301	1802	847	1936	1277	1864	838	2069	1426	1386	689	642	1119	1123	376	410	13785
*	3p	+	69	207010	121635	118345	206764	653754	3446	3554	3168	3206	1371	1739	761	2003	1260	1772	819	2054	1388	1370	588	660	1105	1163	391	375	13247
*	3p	+	70	202147	118052	114114	202231	636544	3326	3528	3065	3037	1227	1702	801	1872	1262	1831	792	1914	1300	1363	616	589	1083	1109	424	399	12743
*	3p	-	1	243602	182512	254786	278534	959434	20621	3339	4982	3974	1610	1874	1429	1914	2292	1839	1016	1725	0	0	0	0	150	150	86	111	164445
*	3p	-	2	332464	176129	160145	291023	959761	12578	2917	2620	3502	1203	1466	628	2017	1037	2023	809	1428	223	168	51	41	75	62	27	25	164272
*	3p	-	3	302048	164716	196950	296129	959843	8052	3044	3066	2745	935	1362	808	2088	1240	1501	627	1554	103	124	37	38	27	60	9	12	157321
*	3p	-	4	299891	156107	187851	315242	959091	6274	2990	3051	2642	960	1556	776	1953	1279	1539	647	1659	302	390	122	139	331	294	98	138	148338
*	3p	-	5	291679	170322	176782	320261	959044	5092	3140	2900	2656	974	1470	699	1820	1156	1366	672	1692	366	368	135	148	376	337	97	99	138831
*	3p	-	6	286853	174047	170462	327464	958826	6577	4647	3949	4060	1555	2348	1026	2696	1634	2279	1080	2394	495	415	142	157	468	416	127	118	128072
*	3p	-	7	320489	166189	178225	293759	958662	6947	4135	4021	3815	1482	2071	1133	2760	1624	2441	1056	2166	479	427	178	177	624	416	114	140	123186
*	3p	-	8	318807	166173	183637	289943	958560	6485	4154	4123	3765	1448	2076	1163	2695	1652	2413	958	2222	522	462	191	185	585	514	139	157	117559
*	3p	-	9	328173	167116	185255	277684	958228	6479	3848	4236	4040	1578	1951	1143	2820	1825	2428	1017	2187	653	603	232	266	690	643	191	203	111906
*	3p	-	10	307180	171930	173282	305741	958133	6029	4270	4011	3887	1508	2149	1119	2633	1648	2387	971	2260	652	741	274	303	717	718	185	203	106319
*	3p	-	11	287296	184172	187970	298440	957878	6110	4396	4588	4383	1731	2281	1249	2806	1933	2408	1129	2434	719	768	323	349	793	787	227	270	100653
*	3p	-	12	295108	177249	190527	294899	957783	6062	4482	4626	4296	1703	2248	1201	2760	1840	2393	1242	2375	804	870	364	353	841	751	287	295	96743
*	3p	-	13	299918	176908	183525	297260	957611	6027	4489	4376	4353	1631	2196	1209	2913	1867	2477	1112	2338	890	894	373	377	908	881	281	276	92663
*	3p	-	14	301901	176066	181794	297750	957511	5912	4376	4388	4229	1641	2275	1158	2841	1753	2460	1151	2422	968	953	433	424	937	924	280	304	88676
*	3p	-	15	301523	175737	183469	296673	957402	5842	4429	4479	4203	1731	2277	1214	2793	1821	2409	1203	2262	1021	1015	450	433	971	976	305	302	84769
*	3p	-	16	300173	177283	181831	297967	957254	5633	4452	4274	4322	1702	2254	1178	2924	1803	2563	1162	2409	1061	1049	483	472	1015	1016	323	330	80828
*	3p	-	17	299888	176819	181799	298700	957206	5615	4244	4405	4193	1719	2272	1104	2807	1773	2489	1246	2320	1113	1110	467	519	998	1030	372	350	77638
*	3p	-	18	297731	178183	182322	298878	957114	5413	4469	4430	4238	1634	2246	1145	2652	1760	2409	1154	2486	1097	1157	503	508	1032	1062	375	370	74516
*	3p	-	19	298430	178651	181461	298425	956967	5422	4323	4242	4069	1604	2231	1139	2719	1657	2432	1164	2482	1161	1210	523	567	1132	1080	372	405	71506
*	3p	-	20	295579	177750	181053	296917	951299	5574	4799	4565	4468	1717	2456	1194	2813	1821	2517	1193	2531	1203	1351	585	612	1148	1075	378	408	68559
*	3p	-	21	294274	176695	180789	297068	948826	5790	4768	4677	4633	1752	2453	1213	2863	1893	2613	1200	2589	1319	1329	599	599	1242	1156	405	396	65656
*	3p	-	22	295680	175541	179894	296758	947873	5771	4844	4627	4520	1853	2399	1217	2844	1907	2664	1145	2720	1340	1368	636	594	1208	1177	374	459	63108
*	3p	-	23	297111	176049	178899	295089	947148	5751	4844	4596	4427	1796	2399	1187	2901	1870	2550	1246	2658	1389	1359	638	637	1252	1221	424	433	60571
*	3p	-	24	296859	175459	178631	295679	946628	5700	4833	4617	4540	1810	2340	1217	2853	1937	2675	1180	2684	1403	1442	601	625	1244	1301	463	449	58169
*	3p	-	25	297138	174938	178567	295469	946112	5816	4921	4736	4577	1776	2386	1246	2944	1902	2660	1221	2676	1439	1383	670	676	1330	1234	481	433	55835
*	3p	-	26	296856	175248	177405	296043	945552	5670	4802	4645	4560	1875	2456	1221	2882	1912	2601	1134	2674	1452	1445	613	649	1381	1292	488	482	53543
*	3p	-	27	297130	175552	177983	294586	945251	5742	4827	4606	4479	1835	2455	1188	2897	1868	2519	1165	2695	1426	1473	681	666	1427	1244	463	515	51490
*	3p	-	28	296628	175377	177106	295922	945033	5722	4888	4525	4601	1871	2541	1197	2797	1957	2630	1184	2705	1520	1440	653	639	1447	1261	431	486	49551
*	3p	-	29	296216	176078	177926	294541	944761	5422	4920	4507	4431	1730	2394	1180	2778	1838	2559	1163	2691	1525	1470	758	718	1410	1297	530	467	47675
*	3p	-	30	297234	176104	177213	293977	944528	5721	4796	4512	4472	1790	2402	1153	2833	1847	2537	1165	2649	1576	1460	751	704	1363	1312	524	509	45876
*	3p	-	31	295247	176412	177497	292834	941990	5511	4806	4581	4592	1847	2395	1154	2859	1823	2584	1216	2696	1555	1541	708	750	1399	1469	510	475	44077
*	3p	-	32	294888	174987	176569	293340	939784	5506	4757	4571	4511	1823	2374	1151	2843	1860	2600	1173	2703	1548	1598	748	736	1435	1414	521	529	42426
*	3p	-	33	293270	174937	176872	292672	937751	5437	4712	4534	4324	1827	2467	1259	2790	1900	2604	1173	2745	1564	1588	739	773	1454	1452	509	516	40825
*	3p	-	34	292651	174051	175438	293358	935498	5465	4747	4483	4421	1787	2450	1234	2845	1916	2617	1160	2758	1633	1671	751	773	1434	1431	491	537	39312
*	3p	-	35	292827	173927	174892	291459	933105	5380	4852	4477	4484	1831	2488	1198	2781	1721	2614	1208	2715	1625	1569	739	762	1428	1479	525	517	37859
*	3p	-	36	292532	172582	173305	289523	927942	5327	4716	4531	4462	1816	2391	1192	2739	1745	2588	1125	2755	1628	1612	790	756	1455	1405	536	559	36370
*	3p	-	37	289659	171336	172150	289576	922721	5406	4758	4420	4457	1782	2312	1186	2586	1742	2604	1208	2715	1663	1566	786	752	1434	1481	498	521	35039
*	3p	-	38	288794	170203	170648	287773	917418	5468	4818	4419	4480	1821	2270	1126	2687	1825	2565	1121	2759	1683	1549	808	783	1421	1443	521	545	33716
*	3p	-	39	286181	170964	169222	285854	912221	5331	4900	4490	4378	1780	2380	1163	2759	1909	2575	1199	2629	1678	1666	742	791	1370	1412	543	543	32441
*	3p	-	40	284853	169916	167719	284358	906846	5304	4850	4425	4519	1726	2388	1145	2726	1801	2481	1108	2675	1644	1604	761	798	1381	1468	492	540	31228
*	3p	-	41	282517	167690	167141	282332	899680	5193	4721	4409	4360	1778	2398	1108	2688	1781	2501	1229	2665	1686	1722	769	796	1362	1401	516	546	30114
*	3p	-	42	279598	166885	165612	280049	892144	5139	4838	4380	4322	1727	2465	1138	2574	1776	2532	1189	2759	1699	1683	775	792	1421	1384	536	496	29013
*	3p	-	43	278143	165148	163831	277365	884487	5028	4664	4159	4370	1718	2280	1130	2682	1787	2405	1138	2667	1655	1684	765	774	1431	1380	499	486	27893
*	3p	-	44	276268	162908	161727	275437	876340	5038	4623	4122	4293	1726	2290	1088	2618	1802	2496	1096	2612	1649	1654	781	771	1449	1397	482	499	26877
*	3p	-	45	273838	161848	159829	272486	868001	4939	4476	4303	4238	1616	2350	1089	2540	1798	2421	1100	2629	1656	1595	854	790	1388	1396	481	530	25822
*	3p	-	46	270061	160535	157614	270005	858215	4849	4503	4249	4134	1730	2311	1059	2523	1702	2402	1071	2614	1667	1647	810	791	1394	1376	512	463	24833
*	3p	-	47	267444	158077	155951	266609	848081	4919	4531	4055	4106	1628	2303	1001	2478	1718	2377	1056	2611	1655	1691	761	696	1363	1341	475	483	23883
*	3p	-	48	264368	155873	153947	263496	837684	4760	4523	4109	4112	1574	2199	1105	2505	1653	2415	1023	2559	1646	1625	740	758	1358	1280	446	459	22970
*	3p	-	49	260197	154130	151848	260375	826550	4632	4377	4077	4037	1509	2162	1076	2449	1660	2208	1073	2542	1590	1580	734	740	1286	1291	480	506	22050
*	3p	-	50	257758	151649	148861	256876	815144	4499	4300	3966	3894	1554	2148	1053	2445	1582	2299	954	2532	1601	1575	741	742	1298	1389	451	446	21180
*	3p	-	51	253307	149986	148004	252733	804030	4499	4385	3995	3988	1570	2158	1025	2356	1575	2161	1035	2421	1586	1612	710	716	1352	1233	491	519	20317
*	3p	-	52	249598	147620	145522	249799	792539	4454	4296	3817	3967	1527	2069	1074	2376	1634	2191	971	2470	1469	1527	747	743	1344	1183	477	496	19574
*	3p	-	53	246684	145735	142643	245429	780491	4277	4144	3810	3755	1577	2059	1013	2397	1507	2179	1001	2345	1500	1540	615	696	1248	1198	494	487	18893
*	3p	-	54	242792	143744	140588	241283	768407	4214	4112	3860	3779	1549	2116	970	2213	1520	2102	975	2334	1431	1482	670	678	1192	1218	446	480	18193
*	3p	-	55	238292	141134	138295	238016	755737	4079	4077	3562	3692	1411	1982	920	2158	1448	2114	942	2257	1381	1481	709	653	1139	1190	417	410	17523
*	3p	-	56	234830	138235	135333	234218	742616	4185	3941	3624	3576	1394	2013	958	2241	1424	1982	922	2345	1373	1437	633	664	1119	1179	444	414	16836
*	3p	-	57	229354	136343	133249	230273	729219	4058	3930	3567	3617	1395	1957	928	2076	1462	2206	933	2296	1321	1432	659	670	1145	1145	459	408	16175
*	3p	-	58	225936	133689	130035	226043	715703	4011	3709	3319	3468	1426	1942	952	2091	1378	1960	858	2234	1356	1350	644	688	1149	1113	410	451	15524
*	3p	-	59	221702	130970	128103	221219	701994	3860	3691	3321	3370	1321	1881	900	2087	1363	2036	916	2020	1340	1370	665	635	1094	1106	395	432	14962
*	3p	-	60	217005	128488	124500	217658	687651	3692	3733	3306	3390	1361	1854	931	2098	1351	1973	907	2072	1306	1338	609	609	1050	1087	423	409	14370
*	3p	-	61	212082	126777	122407	212156	673422	3551	3796	3237	3353	1337	1797	872	1959	1303	1901	859	2109	1292	1276	588	609	1018	1068	383	367	13833
*	3p	-	62	207886	123415	119934	207666	658901	3619	3555	3239	3199	1241	1729	858	1994	1267	1938	829	2026	1251	1323	647	567	1058	1029	374	395	13292
*	3p	-	63	203462	120888	116735	202965	644050	3655	3496	3154	3092	1251	1720	791	1866	1299	1798	807	1966	1277	1296	540	572	1007	991	370	345	12758
*	3p	-	64	198053	117514	114292	199097	628956	3394	3420	2966	3189	1270	1726	801	1813	1277	1730	790	1916	1230	1209	565	568	1029	964	377	352	12263
*	3p	-	65	193335	114234	112264	194310	614143	3335	3297	2945	3036	1146	1608	812	1787	1199	1741	802	1969	1207	1122	582	605	1001	918	336	350	11765
*	3p	-	66	188686	112030	108053	190120	598889	3222	3187	2878	2939	1137	1641	752	1737	1188	1674	787	1826	1181	1125	562	594	938	933	342	349	11313
*	3p	-	67	184146	109613	105480	184475	583714	3171	3179	2841	2889	1101	1576	752	1719	1088	1615	774	1833	1144	1126	557	590	849	909	386	354	10891
*	3p	-	68	179403	106353	102566	180237	568559	3057	3190	2680	2685	1161	1566	729	1700	1162	1603	714	1742	1064	1129	500	493	834	855	318	328	10484
*	3p	-	69	174646	103059	100430	175202	553337	3007	2913	2587	2720	1061	1477	683	1695	1062	1540	758	1727	1050	1054	548	479	843	832	297	297	10068
*	3p	-	70	170315	100267	96701	170974	538257	2894	2882	2598	2715	1061	1427	681	1545	1077	1549	686	1703	1069	1012	474	512	776	804	299	297	9670
*	5p	+	1	316230	292098	221455	275504	1105287	4079	4087	4762	6357	2699	1765	1176	3362	2045	2422	1753	1576	0	0	0	0	232	166	111	100	181101
*	5p	+	2	337234	176663	208192	383537	1105626	3736	6030	4226	3155	1252	2245	984	1919	1554	1942	749	2174	206	287	42	60	99	101	16	32	180877
*	5p	+	3	339906	225687	187294	352887	1105774	3742	4350	3123	3838	1482	1752	774	2288	1156	1781	1029	2688	171	150	53	40	49	56	24	16	174437
*	5p	+	4	369943	209450	177869	347617	1104879	3865	4186	3054	3545	1415	1635	738	2355	1125	1959	906	2349	500	418	133	154	404	399	116	121	166194
*	5p	+	5	375415	198567	197681	333029	1104692	3898	3760	3215	3326	1392	1568	879	2262	1203	1839	930	2526	507	495	155	170	476	507	112	132	157144
*	5p	+	6	385619	188915	200180	329714	1104428	5534	5105	4764	4516	1713	2406	1223	2984	1887	3004	1179	3277	546	546	166	216	561	622	145	163	146564
*	5p	+	7	338778	200353	189041	376253	1104425	5040	5772	4387	4658	1815	2560	1176	2743	1683	2632	1194	3293	509	581	195	168	522	669	158	145	141327
*	5p	+	8	336113	209770	191923	366431	1104237	4793	5292	4522	4892	1985	2663	1135	2791	1701	2538	1340	3390	620	529	242	212	631	684	210	157	135476
*	5p	+	9	319299	212387	189966	382115	1103767	4575	5816	4551	5049	1923	2750	1152	2736	1833	2457	1315	3462	806	750	284	245	800	858	265	229	129711
*	5p	+	10	357256	196795	194709	354859	1103619	5113	5293	4423	4599	1862	2518	1178	2906	1790	2792	1234	3287	908	731	325	305	918	866	276	240	123935
*	5p	+	11	345119	217563	212397	328433	1103512	5231	5321	5156	5374	2062	2564	1400	3093	2118	2784	1425	3396	897	920	352	372	895	895	318	299	117859
*	5p	+	12	339883	220173	204477	338802	1103335	5289	5489	5097	5432	2164	2598	1395	3061	1988	2784	1565	3385	984	969	408	398	974	933	376	301	113527
*	5p	+	13	344352	210850	203517	344366	1103085	5223	5255	5019	5154	2000	2493	1301	3017	1971	2632	1356	3483	1075	1015	434	390	1054	1080	360	340	109022
*	5p	+	14	344620	209413	201957	347037	1103027	5188	5513	5090	5108	2006	2720	1347	2974	1919	2687	1304	3229	1102	1088	455	476	1075	1081	348	388	104753
*	5p	+	15	343221	211082	202323	346258	1102884	5360	5317	4974	5129	2081	2474	1270	2960	1985	2817	1288	3323	1190	1152	499	502	1149	1112	405	369	100468
*	5p	+	16	345453	208203	202622	346512	1102790	5277	5540	5029	5048	1977	2673	1338	3094	2032	2811	1283	3338	1147	1240	499	516	1189	1188	362	385	96324
*	5p	+	17	344942	209331	204075	344433	1102781	5201	5565	4796	5199	1959	2661	1658	3019	2090	2759	1298	3274	1231	1182	592	526	1190	1155	407	384	92744
*	5p	+	18	346288	209794	203401	343158	1102641	5295	5621	4886	5100	2001	2554	1204	3013	1981	2758	1255	3128	1298	1340	529	552	1262	1171	441	402	89184
*	5p	+	19	344092	209465	203978	344913	1102448	5319	5338	4863	4890	1976	2602	1268	3012	1971	2782	1275	3157	1315	1405	604	610	1343	1250	434	442	85627
*	5p	+	20	342921	208605	203865	341386	1096777	5640	5668	5250	5312	2078	2781	1378	3202	2147	3031	1398	3324	1365	1461	650	622	1344	1273	437	488	82304
*	5p	+	21	342913	208640	202413	340313	1094279	5881	5889	5351	5380	2141	2765	1392	3312	2098	3087	1381	3327	1416	1516	686	682	1360	1387	511	470	79066
*	5p	+	22	343164	207262	201667	341067	1093160	5702	5895	5295	5450	2224	2760	1381	3285	2135	2859	1376	3333	1535	1554	687	671	1489	1343	519	528	76250
*	5p	+	23	342263	205863	201768	342759	1092653	5779	5844	5227	5408	2173	2863	1403	3187	2129	3010	1361	3390	1527	1614	701	698	1415	1398	540	460	73423
*	5p	+	24	343242	205635	201603	341697	1092177	5776	5791	5302	5429	2130	2884	1401	3247	2114	2956	1343	3388	1570	1705	760	754	1425	1417	509	533	70682
*	5p	+	25	343763	205391	200761	341631	1091546	5824	5765	5288	5482	2130	2818	1510	3264	2066	3003	1420	3323	1578	1785	724	772	1494	1500	492	522	68033
*	5p	+	26	343580	205073	200882	341443	1090978	5866	5814	5454	5357	2133	2855	1328	3304	2035	3084	1383	3363	1623	1679	779	794	1539	1525	590	530	65411
*	5p	+	27	343309	205027	200584	341691	1090611	5807	5881	5485	5352	2214	2802	1317	3315	2111	3006	1386	3287	1673	1702	791	871	1438	1666	604	543	63059
*	5p	+	28	343010	204022	200633	342652	1090317	5981	5862	5155	5302	2226	2762	1364	3315	2191	3011	1406	3331	1785	1737	810	813	1607	1512	589	566	60793
*	5p	+	29	341676	205295	202512	340682	1090165	5937	5605	5306	5230	2049	2789	1417	3211	2052	2877	1377	3233	1698	1792	856	839	1524	1581	558	585	58546
*	5p	+	30	341195	204158	202595	341908	1089856	5740	5820	5249	5075	2139	2707	1307	3172	2119	3104	1362	3415	1791	1786	849	834	1585	1587	579	589	56385
*	5p	+	31	339984	204755	202199	340073	1087011	5631	5724	5386	5298	1997	2813	1345	3247	2073	2935	1466	3280	1785	1840	872	916	1600	1571	574	586	54325
*	5p	+	32	340119	203510	200136	340653	1084418	6036	5780	5248	5307	2100	2936	1253	3212	2111	2798	1412	3295	1892	1897	888	839	1617	1641	637	559	52448
*	5p	+	33	338948	203349	200962	338906	1082165	5841	5797	5302	5313	2150	2774	1414	3182	2259	3083	1420	3309	1899	1929	842	880	1670	1639	585	553	50540
*	5p	+	34	339653	201726	200263	337859	1079501	6105	5551	5142	5198	2084	2825	1295	3195	2087	3013	1398	3239	1883	1975	822	889	1648	1644	587	569	48716
*	5p	+	35	336916	202277	199014	338633	1076840	6113	5599	5004	5292	2017	2827	1382	3170	2072	3004	1356	3223	1878	1952	865	896	1643	1608	609	603	46957
*	5p	+	36	334904	200087	198481	337499	1070971	5989	5573	5106	5100	2085	2749	1418	3236	2159	2956	1371	3145	1946	1854	854	943	1617	1701	643	606	45278
*	5p	+	37	335188	198211	196815	334959	1065173	6089	5615	5280	5321	2026	2745	1419	3290	2199	2874	1408	3052	1857	1985	850	873	1695	1630	613	609	43697
*	5p	+	38	333530	196346	195934	333206	1059016	6088	5591	5170	5353	2107	2785	1340	3219	2181	2986	1376	3061	1901	1929	862	877	1719	1641	616	616	42254
*	5p	+	39	330044	196034	195567	331533	1053178	6080	5584	5095	5161	1980	2851	1402	3250	1988	2906	1458	3125	1883	1950	900	882	1640	1665	605	587	40792
*	5p	+	40	328695	194385	194996	329202	1047278	6109	5460	5221	5091	2001	2752	1284	3107	2113	2975	1391	3072	1972	1965	865	902	1662	1674	576	613	39403
*	5p	+	41	326824	193266	192743	326207	1039040	6127	5505	5160	5087	2007	2774	1413	3215	2148	2971	1385	2922	1875	2011	921	902	1683	1683	622	551	38039
*	5p	+	42	324238	190918	191301	323959	1030416	6159	5514	5037	5163	2057	2726	1341	3079	1993	2972	1301	3032	1901	1959	911	897	1647	1639	590	574	36700
*	5p	+	43	320941	190272	189348	321365	1021926	6154	5481	4922	5148	2003	2683	1268	3333	2056	2860	1297	2992	1968	1841	904	898	1606	1509	641	597	35401
*	5p	+	44	319325	187829	188317	317336	1012807	6105	5446	5041	5006	1952	2721	1197	3087	2019	2992	1320	2849	1946	1882	882	855	1645	1552	588	590	34184
*	5p	+	45	316067	184195	187125	316095	1003482	6230	5409	4828	4930	2017	2651	1245	3025	1991	2852	1369	2871	1876	1920	923	884	1600	1648	565	537	32996
*	5p	+	46	313621	183155	183988	312078	992842	6223	5335	4828	4979	1874	2745	1273	3034	2032	2869	1314	2808	1843	1924	839	916	1524	1571	603	547	31905
*	5p	+	47	308791	180053	182619	309932	981395	6107	5244	4739	4730	1808	2598	1234	3170	1920	2783	1284	2795	1879	1858	916	892	1562	1583	556	561	30841
*	5p	+	48	304800	178450	180544	306081	969875	6141	5137	4759	4769	1850	2729	1176	2865	1948	2842	1371	2764	1893	1856	832	866	1485	1515	580	549	29798
*	5p	+	49	302477	175130	178378	301592	957577	6021	4929	4620	4543	1864	2476	1203	2871	1853	2706	1284	2711	1884	1825	910	847	1539	1464	517	555	28813
*	5p	+	50	297265	174363	175322	298057	945007	5996	5058	4430	4537	1796	2441	1165	2892	1850	2676	1399	2737	1821	1901	914	894	1588	1435	585	537	27830
*	5p	+	51	293938	170822	173633	294012	932405	5827	4868	4549	4575	1759	2433	1199	2816	1855	2663	1286	2671	1841	1793	845	832	1510	1452	529	593	26909
*	5p	+	52	289976	169274	170566	289837	919653	5738	4869	4454	4546	1897	2508	1164	2957	1820	2647	1158	2542	1798	1747	834	876	1508	1414	540	553	26016
*	5p	+	53	286984	165870	169488	284203	906545	5804	4711	4390	4366	1908	2379	1120	2864	1793	2516	1245	2701	1760	1720	807	862	1497	1455	502	555	25143
*	5p	+	54	282455	163105	166245	281334	893139	5867	4684	4529	4366	1744	2353	1158	2804	1800	2495	1143	2687	1750	1782	821	834	1380	1373	504	562	24245
*	5p	+	55	277699	160608	164826	276284	879417	5724	4668	4337	4260	1684	2421	1082	2666	1755	2468	1155	2400	1762	1702	755	789	1394	1363	492	541	23475
*	5p	+	56	273677	157545	160858	273020	865100	5877	4572	4334	4094	1734	2251	1040	2544	1705	2509	1228	2473	1675	1683	825	776	1396	1327	526	529	22719
*	5p	+	57	268731	154889	159191	267644	850455	5528	4613	4101	4228	1683	2305	1060	2663	1709	2379	1167	2320	1632	1627	805	780	1368	1305	498	528	21932
*	5p	+	58	264358	150848	157076	263104	835386	5670	4305	3929	3940	1625	2239	1066	2456	1703	2390	1122	2207	1658	1651	754	775	1336	1312	519	468	21183
*	5p	+	59	259312	148984	152972	258829	820097	5635	4207	4051	3926	1564	2181	1082	2668	1642	2271	1165	2287	1626	1585	744	748	1387	1275	465	465	20443
*	5p	+	60	254303	145351	150468	254391	804513	5532	4246	3946	3967	1514	2250	1064	2442	1635	2325	1074	2251	1620	1584	722	765	1337	1242	518	457	19725
*	5p	+	61	249711	143163	147761	248025	788660	5367	4260	3933	3797	1451	2105	1021	2457	1584	2178	1140	2115	1567	1535	688	708	1239	1206	430	454	19090
*	5p	+	62	243248	140925	144296	243614	772083	5322	4074	3705	3821	1413	2114	989	2429	1616	2242	1014	2139	1526	1497	707	797	1227	1224	452	471	18394
*	5p	+	63	239127	137203	141394	238013	755737	5217	3892	3752	3558	1494	1977	941	2282	1514	2085	1008	2065	1533	1523	707	660	1152	1193	432	467	17780
*	5p	+	64	233718	134523	138259	232628	739128	5076	3795	3684	3550	1462	1952	946	2287	1478	2138	973	2066	1488	1403	670	725	1144	1127	436	451	17204
*	5p	+	65	229117	130331	134879	228077	722404	5125	3854	3687	3411	1455	1959	940	2269	1508	2025	943	2006	1428	1386	662	669	1085	1086	454	413	16667
*	5p	+	66	223621	127714	132009	222146	705490	4885	3716	3524	3333	1366	1846	892	2211	1519	2021	957	1909	1422	1313	664	679	1084	1051	384	419	16132
*	5p	+	67	218272	123825	128951	217426	688474	4771	3512	3376	3301	1319	1804	926	2117	1360	2070	867	1842	1333	1308	642	617	1020	1066	392	419	15606
*	5p	+	68	213197	121026	125645	211222	671090	4729	3519	3379	3155	1291	1722	870	2027	1343	1907	975	1820	1251	1262	609	682	1046	1101	440	425	15075
*	5p	+	69	206549	118724	122360	206312	653945	4513	3449	3262	3090	1267	1743	919	2090	1389	1949	929	1828	1245	1271	599	623	1065	1021	377	383	14591
*	5p	+	70	203219	114454	119099	200056	636828	4525	3297	3148	3064	1246	1758	777	1985	1288	1827	803	1698	1194	1194	580	603	1012	971	369	386	14117
*	5p	-	1	274549	252497	193834	238773	959653	3401	3504	4034	5263	2403	1580	1067	2878	1757	2030	1507	1398	0	0	0	0	82	59	82	67	158006
*	5p	-	2	291884	154251	182739	330795	959669	3087	5349	3698	2727	1094	1897	905	1595	1405	1572	682	1955	20	13	18	27	81	100	43	32	157767
*	5p	-	3	294160	197844	163317	304411	959732	3219	3896	2728	3193	1306	1504	715	1985	1051	1628	893	2314	35	45	21	31	85	68	34	36	152080
*	5p	-	4	319185	182984	156516	300831	959516	3343	3674	2518	3058	1301	1384	703	1930	965	1582	790	2018	97	98	93	94	158	122	71	87	144843
*	5p	-	5	324806	172728	172844	289058	959436	3307	3161	2784	2969	1122	1372	742	1904	1050	1732	705	2171	128	127	119	103	162	142	108	108	136965
*	5p	-	6	333181	165688	176294	284238	959401	4922	4552	4178	3728	1480	2096	1139	2637	1623	2461	1077	2969	155	171	125	118	205	145	98	108	127885
*	5p	-	7	292084	174235	165138	327806	959263	4221	4916	3721	3969	1619	2372	1046	2347	1547	2140	1051	2926	249	238	133	117	258	213	117	106	123248
*	5p	-	8	289520	183105	167611	318919	959155	4255	4742	3938	4223	1726	2310	1081	2331	1602	2240	1076	2966	287	306	148	143	320	250	120	112	118192
*	5p	-	9	275660	184915	166367	331957	958899	4103	4964	3853	4274	1662	2394	1181	2386	1555	2145	1112	3013	381	311	202	202	358	386	160	153	113021
*	5p	-	10	307768	171362	170646	308911	958687	4512	4554	3797	3963	1605	2269	1062	2517	1594	2451	992	2931	420	470	206	213	471	463	183	153	108006
*	5p	-	11	298353	188529	184371	287237	958490	4529	4367	4385	4788	1788	2142	1192	2654	1898	2456	1151	2884	573	554	249	219	508	512	231	216	102825
*	5p	-	12	293883	192169	178371	293923	958346	4505	4746	4396	4635	1899	2270	1648	2509	1712	2322	1222	2964	589	619	234	264	606	551	238	216	99083
*	5p	-	13	297755	184032	176427	299927	958141	4562	4772	4451	4403	1789	2331	1146	2584	1773	2418	1125	2859	631	663	325	334	651	682	283	200	95180
*	5p	-	14	297182	183719	176686	300337	957924	4512	4782	4193	4373	1667	2274	1119	2707	1650	2326	1104	2901	733	702	339	307	695	765	310	262	91310
*	5p	-	15	298560	182341	176070	300867	957838	4501	4701	4135	4295	1636	2268	1108	2519	1731	2307	1267	2904	747	746	369	352	772	802	284	261	87671
*	5p	-	16	301111	180819	175399	300367	957696	4529	4707	4282	4296	1775	2284	1609	2576	1713	2423	1079	2869	834	774	381	356	809	838	323	286	83830
*	5p	-	17	300589	180978	178072	297928	957567	4733	4592	4108	4380	1777	2290	1159	2464	1660	2450	1156	2818	913	823	392	377	854	888	330	318	80837
*	5p	-	18	298192	182646	179186	297368	957392	4614	4564	4353	4219	1660	2221	1104	2594	1681	2370	1162	2818	885	924	443	386	867	968	383	347	77662
*	5p	-	19	298526	181754	176888	300047	957215	4659	4567	4160	4272	1673	2231	1077	2487	1738	2506	1130	2683	1016	950	466	406	1001	1011	342	388	74694
*	5p	-	20	297657	181286	177504	295050	951497	5004	5046	4561	4587	1926	2377	1188	2676	1818	2572	1256	2935	1048	993	492	496	1003	1013	412	385	71736
*	5p	-	21	297408	181050	176634	294022	949114	5018	5127	4745	4606	1895	2447	1163	2743	1831	2583	1390	2872	1116	1082	533	510	1038	1056	443	376	68832
*	5p	-	22	296834	180164	175541	295547	948086	5032	4897	4623	4560	1801	2440	1257	2682	1830	2589	1249	2758	1131	1166	545	529	1101	1108	408	390	66173
*	5p	-	23	297106	179164	175265	295792	947327	4965	5025	4398	4682	1733	2444	1171	2749	1889	2522	1158	2908	1236	1181	544	532	1167	1130	436	427	63766
*	5p	-	24	295795	178962	176537	295623	946917	5002	4840	4417	4626	1748	2387	1153	2724	1903	2664	1196	2985	1238	1311	604	502	1190	1128	436	415	61418
*	5p	-	25	296114	179280	176155	294847	946396	4958	5079	4516	4559	1823	2403	1211	2797	1826	2585	1164	2871	1290	1283	601	578	1167	1134	451	442	59133
*	5p	-	26	296888	179302	174808	294965	945963	5230	4957	4520	4642	1846	2558	1233	2738	1728	2560	1200	2857	1369	1330	654	634	1212	1179	423	418	56982
*	5p	-	27	297365	176797	175328	295987	945477	5177	4874	4505	4528	1780	2493	1158	2622	1759	2573	1164	2935	1376	1375	658	621	1231	1240	460	492	54970
*	5p	-	28	295413	179062	175834	294890	945199	5147	4961	4507	4597	1821	2464	1296	2838	1853	2612	1203	2884	1427	1378	681	637	1285	1204	468	505	52904
*	5p	-	29	296339	177874	175232	295471	944916	5008	5032	4515	4510	1766	2529	1166	2684	1778	2603	1167	2808	1491	1444	680	652	1255	1301	496	500	50948
*	5p	-	30	294255	176682	176619	297107	944663	5048	4867	4522	4543	1721	2433	1158	2772	1790	2469	1178	2689	1441	1459	704	719	1337	1299	472	469	49010
*	5p	-	31	293835	177947	174727	295682	942191	5249	4842	4630	4582	1765	2470	1217	2747	1825	2645	1192	2706	1510	1558	757	696	1321	1317	504	513	47232
*	5p	-	32	295329	176076	176007	292586	939998	5101	4795	4368	4514	1736	2559	1206	2677	1892	2512	1184	2831	1598	1565	720	722	1374	1343	508	458	45598
*	5p	-	33	295025	177724	174381	290769	937899	5254	4922	4386	4430	1838	2497	1214	2648	1840	2583	1115	2677	1591	1571	707	744	1399	1397	504	482	43941
*	5p	-	34	295377	174620	174901	290665	935563	5277	4841	4428	4322	1834	2538	1151	2772	1830	2531	1272	2751	1607	1582	762	747	1403	1381	508	540	42306
*	5p	-	35	293955	173964	173655	291644	933218	5175	4887	4568	4436	1751	2495	1165	2775	1865	2559	1240	2704	1584	1630	758	716	1382	1416	542	499	40793
*	5p	-	36	289576	173214	172745	292430	927965	5391	4798	4405	4502	1815	2395	1223	2743	1888	2619	1157	2794	1632	1690	693	757	1452	1448	507	528	39298
*	5p	-	37	289654	172923	169903	290288	922768	5181	4864	4792	4419	1715	2521	1170	2832	1916	2581	1193	2631	1682	1677	751	769	1430	1364	543	556	37909
*	5p	-	38	287210	169771	171509	288927	917417	5372	4833	4505	4357	1750	2386	1126	2629	1812	2544	1241	2728	1663	1669	795	740	1396	1453	573	513	36588
*	5p	-	39	285660	169766	169146	287547	912119	5167	4735	4319	4598	1769	2423	1178	2739	1844	2484	1177	2701	1663	1707	786	792	1403	1503	527	541	35326
*	5p	-	40	284828	168948	168952	284029	906757	5303	4697	4500	4456	1709	2400	1121	2762	1751	2522	1159	2676	1654	1722	782	735	1414	1483	525	547	34047
*	5p	-	41	280872	167719	169172	281734	899497	5551	4767	4491	4409	1694	2418	1155	2643	1839	2516	1139	2602	1633	1686	797	739	1474	1498	541	492	32842
*	5p	-	42	280002	166549	166986	278448	891985	5396	4665	4326	4164	1741	2384	1189	2714	1800	2524	1187	2633	1656	1682	786	768	1455	1461	518	559	31684
*	5p	-	43	278693	163799	165341	276458	884291	5341	4723	4288	4307	1694	2330	1040	2649	1765	2458	1100	2524	1563	1698	809	764	1433	1514	519	524	30586
*	5p	-	44	276442	161440	162624	275759	876265	5296	4632	4180	4694	1632	2240	1159	2571	1736	2468	1092	2543	1626	1687	786	756	1429	1404	509	555	29565
*	5p	-	45	273061	160306	160984	273564	867915	5381	4637	4200	4280	1591	2294	1101	2478	1845	2483	1123	2514	1608	1678	788	746	1418	1432	487	540	28516
*	5p	-	46	270585	157392	160219	269904	858100	5611	4461	4241	4052	1657	2265	1025	2600	1695	2407	1184	2487	1658	1664	786	736	1416	1420	500	522	27515
*	5p	-	47	268223	154856	157905	267027	848011	5376	4288	4095	4084	1576	2153	1095	2584	1737	2309	1095	2465	1586	1702	768	789	1325	1325	519	559	26569
*	5p	-	48	263200	153925	157517	262790	837432	5319	4416	4130	3920	1553	2271	1037	2404	1624	2400	1110	2421	1605	1629	736	781	1426	1385	500	479	25683
*	5p	-	49	262785	150498	153615	259438	826336	5309	4327	4295	4005	1627	2218	1094	2505	1624	2387	1077	2320	1615	1646	706	741	1390	1386	472	527	24770
*	5p	-	50	256870	148854	152217	256972	814913	5305	4149	3861	3918	1511	2196	961	2377	1600	2222	1001	2240	1659	1615	775	750	1477	1379	453	501	23942
*	5p	-	51	253216	147134	150837	252724	803911	5299	4143	3944	3880	1497	2017	1006	2418	1665	2314	958	2214	1592	1678	755	745	1372	1375	496	470	23079
*	5p	-	52	249508	145790	148397	248752	792447	5189	4153	3912	3860	1511	2145	1010	2409	1534	2164	1119	2926	1552	1703	790	731	1375	1345	423	451	22264
*	5p	-	53	246306	142913	145749	245408	780376	5101	4068	3841	3731	1546	2058	1027	2455	1487	2114	992	2200	1588	1648	726	720	1346	1249	498	448	21515
*	5p	-	54	242196	140236	143474	242296	768202	5181	4023	3706	3679	1411	1984	1011	2301	1449	2076	953	2107	1584	1595	704	731	1346	1351	413	431	20790
*	5p	-	55	238389	138020	142419	236733	755561	5018	4019	3565	3619	1509	2055	983	2334	1544	2117	912	2041	1519	1581	755	733	1245	1219	431	440	20089
*	5p	-	56	234949	135392	138555	233520	742416	5058	3917	3733	3670	1368	1950	937	2241	1519	2142	968	2087	1577	1565	698	706	1275	1207	451	424	19445
*	5p	-	57	230679	131988	135942	230467	729076	4846	3704	3611	3525	1380	1852	906	2149	1489	2040	859	2029	1472	1558	699	761	1210	1226	408	454	18823
*	5p	-	58	227053	129381	133144	225978	715556	4852	3855	3535	3385	1298	1922	877	2224	1526	2048	945	1903	1463	1570	735	683	1177	1214	424	456	18229
*	5p	-	59	221608	127859	130897	221501	701865	4705	3665	3437	3245	1366	1816	910	2147	1508	2023	831	1888	1478	1508	686	630	1145	1156	422	434	17642
*	5p	-	60	217110	124091	129783	216446	687430	4778	3553	3449	3122	1272	1769	862	2057	1423	1955	840	1888	1445	1370	673	726	1207	1149	415	420	17057
*	5p	-	61	212824	122109	125529	212771	673233	4715	3470	3356	3162	1226	1765	840	2059	1404	2000	800	1919	1414	1447	613	670	1161	1119	382	362	16507
*	5p	-	62	208712	118854	124289	206971	658826	4812	3370	3198	3201	1248	1693	868	1931	1291	1881	805	1787	1385	1343	618	668	1130	1063	340	379	15906
*	5p	-	63	204051	115619	120787	203363	643820	4543	3323	3178	3091	1279	1740	822	2068	1266	1856	801	1839	1413	1269	598	601	1094	1041	384	423	15397
*	5p	-	64	198165	114326	118025	198332	628848	4530	3231	3098	3000	1172	1664	816	1929	1217	1726	761	1752	1289	1238	618	550	1064	1056	372	340	14888
*	5p	-	65	193874	110570	115550	193967	613961	4496	3031	3056	2860	1224	1512	742	1899	1284	1737	766	1709	1218	1237	623	576	1018	1022	377	373	14414
*	5p	-	66	189050	107750	113063	188827	598690	4400	3066	2862	2814	1172	1577	780	1817	1348	1682	748	1593	1223	1244	549	569	1086	966	345	367	13943
*	5p	-	67	184684	104571	110110	184259	583624	4394	2952	2785	2837	1086	1555	724	1822	1196	1695	662	1623	1202	1252	555	562	952	926	358	350	13457
*	5p	-	68	180392	102188	106512	179242	568334	4224	2875	2757	2681	1093	1476	685	1765	1125	1575	660	1476	1151	1190	544	530	947	958	336	322	13006
*	5p	-	69	174580	99679	104503	174364	553126	4162	2716	2632	2659	1059	1433	693	1689	1086	1509	655	1525	1107	1121	560	587	953	883	307	336	12599
*	5p	-	70	170976	96419	100843	169744	537982	4047	2646	2627	2524	985	1380	678	1738	1161	1507	638	1450	1147	1150	474	549	933	883	321	317	12170
