# table produced by mapDamage version 2.2.1
# using mapped file CviAPal034.merged.L103.realn.bam and reference.ssl.Cvi20k_rename.fasta as reference file
# Chr: reference from sam/bam header, End: from which termini of DNA sequences, Std: strand of reads
Chr	End	Std	Pos	A	C	G	T	Total	G>A	C>T	A>G	T>C	A>C	A>T	C>G	C>A	T>G	T>A	G>C	G>T	A>-	T>-	C>-	G>-	->A	->T	->C	->G	S
*	3p	+	1	24088	16238	20742	25944	87012	1214	254	374	289	152	160	117	156	180	160	125	149	0	0	0	0	2	4	2	3	28962
*	3p	+	2	30258	16537	14498	25723	87016	828	210	199	229	105	108	69	166	83	146	66	95	1	0	0	1	1	3	6	4	28931
*	3p	+	3	28124	14492	18439	25961	87016	564	221	213	196	86	98	59	159	114	119	65	129	0	0	0	2	3	9	0	1	28373
*	3p	+	4	27602	14052	17854	27495	87003	403	224	205	200	77	104	52	139	84	112	69	107	4	6	3	3	9	7	7	4	27640
*	3p	+	5	27940	14686	16532	27844	87002	355	238	266	206	67	132	53	140	93	120	68	126	3	10	4	7	9	9	4	7	26846
*	3p	+	6	27042	16179	15228	28553	87002	509	364	312	328	129	195	103	243	137	220	134	220	6	8	9	4	6	9	6	7	25941
*	3p	+	7	30544	15244	15735	25466	86989	501	337	333	288	141	176	90	245	158	213	117	212	9	12	9	8	15	15	7	5	25447
*	3p	+	8	29184	15089	17059	25639	86971	512	334	335	311	120	158	93	271	162	216	118	221	14	9	5	11	14	24	10	12	24963
*	3p	+	9	30432	14765	16778	24977	86952	473	331	367	309	143	159	108	300	161	199	150	214	21	13	16	10	25	23	14	16	24413
*	3p	+	10	29411	15268	15458	26821	86958	455	321	344	309	147	188	87	226	142	229	114	188	28	30	10	14	29	23	13	8	23863
*	3p	+	11	27562	15798	16986	26590	86936	423	351	423	332	148	204	93	259	180	213	146	232	31	36	14	21	30	37	18	10	23332
*	3p	+	12	27059	15191	18403	26262	86915	463	320	377	361	128	201	88	251	174	225	653	232	43	34	15	20	35	30	21	29	22962
*	3p	+	13	28192	15141	17145	26391	86869	469	316	379	338	141	193	83	230	165	229	128	217	46	41	24	26	64	51	19	28	22542
*	3p	+	14	27417	15360	17662	26430	86869	495	373	338	328	160	166	93	259	156	230	113	244	52	44	26	37	65	49	23	21	22152
*	3p	+	15	28086	14994	16555	27186	86821	466	374	342	328	138	193	148	248	171	224	116	213	68	64	27	31	95	62	25	26	21720
*	3p	+	16	27534	15087	16743	27463	86827	459	370	354	332	149	184	110	265	175	227	418	233	65	73	29	28	59	77	32	35	21328
*	3p	+	17	27930	15250	16413	27222	86815	402	383	369	383	152	214	108	239	187	247	118	233	70	73	37	25	71	70	36	39	20937
*	3p	+	18	27736	16403	16608	26066	86813	450	334	372	353	146	177	119	261	161	213	85	230	67	61	39	33	88	71	23	35	20550
*	3p	+	19	29234	15338	15975	26246	86793	446	369	366	329	122	199	119	243	163	247	89	216	79	60	28	35	86	80	36	36	20151
*	3p	+	20	26266	16105	16131	25246	83748	398	391	394	364	149	216	184	311	205	255	120	246	93	85	31	19	79	78	32	31	19841
*	3p	+	21	26973	15068	15487	25002	82530	443	383	409	416	170	221	325	314	176	262	105	219	72	104	38	38	82	81	32	37	19476
*	3p	+	22	26355	14550	16026	25068	81999	480	356	353	344	156	217	130	299	194	234	182	252	89	86	45	34	104	84	32	33	19178
*	3p	+	23	26492	14711	15817	24624	81644	473	389	393	379	163	215	138	268	178	238	105	251	89	91	51	48	115	82	25	53	18812
*	3p	+	24	25737	15439	15344	24900	81420	451	423	392	400	163	266	125	303	186	229	97	245	116	103	37	52	104	96	45	46	18501
*	3p	+	25	25563	15499	15761	24210	81033	455	413	395	346	141	212	101	320	174	248	106	275	95	116	66	56	130	99	50	42	18198
*	3p	+	26	25399	14289	15602	25455	80745	437	437	364	380	153	190	118	256	167	246	103	242	117	123	78	50	123	105	43	40	17865
*	3p	+	27	25197	14743	15286	25213	80439	443	406	421	385	156	208	119	263	173	273	95	247	128	120	47	53	153	123	46	41	17579
*	3p	+	28	24724	14908	16288	24260	80180	451	430	378	367	132	181	113	253	148	217	131	238	135	121	48	60	123	121	43	46	17314
*	3p	+	29	25034	14858	15536	24554	79982	461	411	362	363	141	225	102	265	170	236	105	234	114	119	62	57	131	121	47	51	17003
*	3p	+	30	26083	14857	14692	24163	79795	472	386	382	350	149	203	108	266	165	242	112	230	130	118	49	59	130	128	47	36	16704
*	3p	+	31	25142	14059	16185	23898	79284	472	416	410	363	166	185	82	268	258	236	88	259	126	144	54	64	128	118	31	46	16445
*	3p	+	32	24464	14159	15093	25137	78853	450	379	416	357	137	194	97	257	209	256	102	265	137	128	63	60	127	106	43	37	16180
*	3p	+	33	24100	13859	15382	25095	78436	495	374	386	396	163	210	99	244	191	213	93	254	135	139	70	63	133	117	39	45	15910
*	3p	+	34	24654	13918	14189	25174	77935	466	409	347	359	142	229	128	275	166	207	86	253	130	157	65	61	125	143	37	59	15658
*	3p	+	35	24236	13910	14657	24646	77449	453	379	365	401	143	198	108	272	177	255	93	241	135	133	75	78	153	124	40	55	15423
*	3p	+	36	24961	13785	14582	23431	76759	431	362	374	361	156	218	108	229	154	228	90	253	129	144	66	67	137	110	45	40	15205
*	3p	+	37	23982	13521	15222	23471	76196	411	373	374	584	164	173	107	246	169	235	112	253	142	147	71	55	119	114	56	49	14955
*	3p	+	38	24704	13961	14017	22816	75498	435	386	328	372	172	199	145	269	147	206	103	244	175	114	66	64	134	125	32	46	14721
*	3p	+	39	24143	13687	14322	22804	74956	424	362	368	353	148	201	110	248	169	282	107	239	152	137	62	68	136	135	56	43	14498
*	3p	+	40	24228	13496	13603	23110	74437	421	392	383	354	145	192	77	251	146	200	99	208	141	143	73	65	152	151	54	44	14261
*	3p	+	41	22624	14482	14199	22478	73783	423	392	328	380	151	195	106	249	177	243	87	212	150	117	62	75	153	151	45	59	14035
*	3p	+	42	22654	13611	14330	22450	73045	409	373	386	365	163	181	111	262	155	216	104	223	135	152	60	61	152	152	40	56	13811
*	3p	+	43	22847	13044	13520	23046	72457	418	365	318	359	134	198	99	229	142	205	86	235	145	140	74	65	139	152	51	48	13594
*	3p	+	44	22380	13169	14003	22239	71791	376	370	453	372	165	175	89	215	149	214	83	219	147	128	60	64	161	145	61	55	13360
*	3p	+	45	23189	12733	13261	21830	71013	388	366	395	316	153	216	105	222	160	217	99	229	137	137	75	52	164	143	44	48	13111
*	3p	+	46	22801	12882	12999	21555	70237	388	374	361	357	126	188	95	245	147	214	91	226	135	145	82	61	155	143	50	56	12887
*	3p	+	47	22607	12761	12604	21505	69477	400	367	308	347	144	177	91	229	176	201	105	209	133	140	73	62	128	146	55	51	12684
*	3p	+	48	21425	13562	12436	21272	68695	404	344	326	315	132	191	116	233	145	221	95	239	144	137	74	78	134	137	38	66	12467
*	3p	+	49	21131	12452	11962	22379	67924	376	363	302	662	148	201	97	236	120	205	95	211	161	122	71	65	124	127	51	51	12252
*	3p	+	50	21762	12044	12390	20893	67089	384	352	353	339	111	158	94	225	143	237	79	188	162	137	78	76	120	144	36	39	12044
*	3p	+	51	20906	12850	11912	20660	66328	356	375	337	339	133	193	86	235	138	194	94	218	130	154	67	61	132	118	42	51	11807
*	3p	+	52	20488	12577	11995	20483	65543	341	336	318	305	140	179	181	807	128	196	85	209	133	140	63	58	120	131	30	48	11606
*	3p	+	53	20892	11844	11855	20117	64708	350	339	317	354	138	170	84	209	141	191	89	213	139	139	68	66	125	139	44	34	11399
*	3p	+	54	20472	11765	11408	20141	63786	326	323	294	318	145	176	85	199	135	193	70	200	148	146	61	63	135	131	41	42	11222
*	3p	+	55	19501	12465	11252	19725	62943	387	352	252	317	134	185	77	166	126	180	76	191	136	142	68	43	117	115	53	64	11033
*	3p	+	56	19244	11513	10992	20284	62033	333	365	316	290	136	154	98	204	131	197	91	197	145	126	61	70	127	129	41	47	10828
*	3p	+	57	19203	10911	11024	19972	61110	338	300	314	310	121	176	82	155	141	215	68	206	129	124	71	57	111	134	38	49	10638
*	3p	+	58	18780	11067	10677	19684	60208	353	312	295	276	106	176	93	186	120	197	72	190	138	124	63	60	136	106	31	50	10462
*	3p	+	59	18538	10928	11225	18566	59257	310	341	273	274	107	174	80	198	122	162	78	210	133	120	64	64	123	122	45	38	10275
*	3p	+	60	18617	11349	10482	17796	58244	322	334	281	304	121	160	86	172	104	156	74	200	130	118	49	65	137	115	47	42	10085
*	3p	+	61	18641	10459	10376	17805	57281	305	317	252	304	118	158	76	201	118	182	73	176	112	112	61	67	114	102	41	51	9905
*	3p	+	62	17631	10976	9977	17759	56343	265	299	252	274	117	159	87	201	126	169	68	175	121	123	63	55	109	111	43	44	9718
*	3p	+	63	17685	10245	9849	17557	55336	286	290	261	264	92	165	59	165	101	172	67	173	113	134	59	55	108	108	40	35	9559
*	3p	+	64	17725	9920	9954	16756	54355	300	270	239	276	104	146	66	178	114	156	59	153	120	119	40	50	98	100	45	32	9365
*	3p	+	65	17663	9754	9501	16383	53301	302	256	248	298	102	150	83	161	107	173	73	156	123	112	51	59	95	104	32	37	9173
*	3p	+	66	17138	9693	9380	16023	52234	283	308	239	231	92	149	78	167	103	156	68	174	111	102	70	53	104	107	34	31	8976
*	3p	+	67	16268	9990	9099	15847	51204	271	268	230	270	115	135	80	200	106	163	49	149	97	124	62	44	113	109	45	22	8777
*	3p	+	68	15805	9165	9356	15872	50198	291	290	233	266	94	133	58	148	82	141	62	171	110	107	59	51	112	107	37	38	8594
*	3p	+	69	15450	9196	9271	15262	49179	246	286	244	248	93	152	51	156	98	132	56	177	124	106	56	43	113	108	44	36	8400
*	3p	+	70	15377	8836	8790	15148	48151	248	261	231	245	97	136	68	150	92	161	73	142	112	120	46	47	105	100	39	41	8183
*	3p	-	1	22410	16304	19578	24897	83189	1251	288	377	306	153	144	95	156	144	138	86	142	0	0	0	0	2	2	3	2	26413
*	3p	-	2	28407	15069	13339	26383	83198	781	196	194	227	83	111	42	146	71	155	66	110	4	1	2	3	1	0	0	1	26384
*	3p	-	3	26273	14423	15871	26633	83200	515	197	214	193	64	98	56	142	89	124	51	117	3	2	1	0	0	0	0	0	25873
*	3p	-	4	26077	14085	15171	27800	83133	391	219	229	166	69	90	49	138	93	92	55	157	23	27	7	6	28	19	10	10	25162
*	3p	-	5	25314	14545	14741	28533	83133	353	228	231	192	74	102	64	122	104	82	56	147	29	24	6	7	28	26	6	6	24433
*	3p	-	6	24891	15319	14245	28670	83125	447	404	303	389	129	187	94	218	170	206	115	218	36	23	13	14	26	31	6	12	23599
*	3p	-	7	27609	14629	14749	26137	83124	518	326	308	282	128	160	114	214	124	212	94	203	35	29	9	13	29	33	12	2	23129
*	3p	-	8	26719	14961	15341	26094	83115	474	306	328	322	142	161	85	265	143	243	74	188	40	32	11	18	37	27	12	9	22657
*	3p	-	9	27634	14808	15526	25124	83092	488	319	344	323	138	186	105	234	151	215	106	204	53	47	22	20	37	44	13	14	22161
*	3p	-	10	26158	15246	14420	27220	83044	408	319	315	311	131	187	85	216	119	219	87	212	42	54	35	18	57	67	15	16	21691
*	3p	-	11	24852	15859	15499	26840	83050	484	326	395	351	156	178	107	253	181	222	94	213	55	61	32	17	48	54	26	22	21220
*	3p	-	12	25244	15876	15701	26210	83031	416	346	373	334	151	173	147	238	171	230	105	223	66	61	28	19	67	57	17	28	20857
*	3p	-	13	25651	15653	15342	26372	83018	453	337	342	330	163	173	98	245	135	213	107	240	74	67	36	34	79	50	35	17	20475
*	3p	-	14	26199	14982	15030	26773	82984	415	330	373	310	212	160	88	218	149	196	99	216	61	61	37	28	76	87	16	36	20067
*	3p	-	15	25912	15707	15061	26306	82986	452	351	356	384	182	177	94	275	162	213	133	237	72	72	41	32	74	83	27	30	19681
*	3p	-	16	25436	15794	15321	26413	82964	418	386	375	352	128	197	109	265	150	214	102	227	69	93	29	38	83	86	31	34	19298
*	3p	-	17	25756	15033	15181	26992	82962	462	325	360	335	181	191	92	228	140	238	146	231	90	105	39	49	79	94	34	31	18969
*	3p	-	18	25312	15477	15232	26937	82958	443	351	311	382	134	182	109	234	162	246	92	211	95	96	45	47	86	91	34	31	18656
*	3p	-	19	25697	15404	15002	26844	82947	418	344	357	332	136	183	98	241	145	216	94	220	100	106	33	48	98	92	28	34	18334
*	3p	-	20	24541	15103	14526	25717	79887	437	371	352	372	148	196	108	231	169	235	95	251	106	109	43	59	91	113	35	26	18032
*	3p	-	21	24055	14777	14338	25469	78639	439	449	378	400	136	223	101	256	185	228	116	270	106	100	48	52	99	106	36	50	17705
*	3p	-	22	24200	14976	14177	24789	78142	443	355	368	342	160	183	94	272	179	243	112	243	104	110	54	47	92	114	31	41	17463
*	3p	-	23	24164	14644	14096	24884	77788	447	406	387	355	134	205	106	268	169	238	111	239	104	100	50	54	105	116	36	41	17187
*	3p	-	24	23670	14825	14176	24878	77549	425	394	376	352	159	204	93	254	141	229	87	243	122	91	49	42	110	106	42	38	16903
*	3p	-	25	23622	14507	14196	24865	77190	417	373	402	325	158	220	115	257	163	249	127	260	107	113	49	41	126	102	55	37	16616
*	3p	-	26	23333	14554	14327	24690	76904	435	415	367	334	169	169	118	267	141	260	123	245	109	111	43	50	104	122	42	44	16364
*	3p	-	27	23495	14753	13949	24446	76643	433	408	405	356	140	213	102	263	193	224	105	237	113	133	48	47	124	103	41	50	16112
*	3p	-	28	23312	14624	13814	24584	76334	425	412	392	367	156	183	90	252	165	214	81	292	113	107	49	53	119	126	44	41	15881
*	3p	-	29	23450	14059	13929	24740	76178	445	395	345	357	156	220	106	229	182	251	94	234	101	101	58	62	113	124	52	43	15634
*	3p	-	30	23009	14496	13937	24554	75996	416	394	342	414	168	211	101	254	157	220	85	259	104	127	53	47	120	135	41	50	15401
*	3p	-	31	23186	14636	13968	23672	75462	441	370	382	369	153	189	124	252	141	224	104	258	115	111	72	57	115	126	48	52	15145
*	3p	-	32	23050	14440	13995	23593	75078	462	372	399	332	140	202	135	255	151	218	104	264	112	127	72	49	129	104	36	34	14907
*	3p	-	33	22907	14053	13679	24057	74696	423	362	315	375	171	185	130	234	176	208	112	243	112	141	70	70	124	112	40	38	14680
*	3p	-	34	22839	14211	13769	23418	74237	399	402	377	385	163	213	117	262	142	208	108	245	133	121	44	58	133	126	37	54	14471
*	3p	-	35	23220	13613	13585	23377	73795	404	368	352	337	151	182	98	265	138	221	106	229	136	115	67	50	95	134	50	45	14254
*	3p	-	36	23017	13878	13377	22851	73123	393	412	363	361	138	196	107	222	166	244	116	246	139	116	67	57	110	129	48	40	14033
*	3p	-	37	23007	13510	13539	22499	72555	409	368	367	344	172	194	115	233	178	222	100	246	131	126	65	58	135	131	42	54	13816
*	3p	-	38	22252	13570	13360	22863	72045	373	355	330	344	158	186	110	212	180	243	99	255	127	138	57	61	137	139	46	53	13603
*	3p	-	39	22624	13320	13110	22515	71569	363	382	358	356	150	217	117	204	144	225	118	239	139	145	52	56	145	136	44	50	13403
*	3p	-	40	22024	13897	12971	22163	71055	399	391	369	396	152	215	95	242	140	196	104	213	132	115	74	52	143	124	51	53	13195
*	3p	-	41	21979	13087	13218	22192	70476	395	364	335	353	140	188	93	235	144	228	106	241	128	119	64	50	131	123	37	60	12989
*	3p	-	42	21826	13098	12816	22031	69771	427	381	360	322	160	201	97	214	168	222	101	235	121	128	52	54	136	118	44	38	12812
*	3p	-	43	21774	12826	12894	21688	69182	400	378	319	288	140	166	88	216	147	212	97	259	122	134	62	57	129	135	62	41	12613
*	3p	-	44	21357	12868	12917	21364	68506	387	383	300	326	134	175	99	234	148	219	86	241	107	128	74	64	125	151	47	47	12426
*	3p	-	45	21140	12680	12529	21444	67793	373	349	318	312	148	188	101	222	167	192	94	245	112	134	58	64	132	119	43	55	12236
*	3p	-	46	20914	12657	12263	21299	67133	403	356	334	318	117	182	110	232	139	230	81	220	120	138	57	57	104	133	44	30	12025
*	3p	-	47	20802	12354	12120	21036	66312	369	349	330	306	127	187	97	207	168	183	86	260	128	128	71	59	118	121	43	56	11815
*	3p	-	48	20439	12297	12386	20503	65625	382	348	334	306	162	190	121	197	140	221	79	252	120	109	59	68	109	119	48	35	11628
*	3p	-	49	20128	12190	11938	20564	64820	384	327	314	312	105	189	103	196	120	215	103	197	112	132	65	58	118	121	51	45	11435
*	3p	-	50	20290	11738	11897	20152	64077	369	325	340	321	124	189	98	185	117	190	93	214	120	117	60	64	125	116	53	43	11252
*	3p	-	51	19782	11937	11574	20073	63366	326	312	321	277	139	180	106	202	131	188	90	205	122	143	61	49	116	109	52	43	11079
*	3p	-	52	19379	11766	11446	20020	62611	344	301	306	302	127	175	102	177	130	200	81	187	101	123	54	69	123	113	44	39	10883
*	3p	-	53	19626	11637	11280	19327	61870	338	348	318	310	141	192	116	192	141	185	75	212	118	114	69	61	104	132	33	32	10711
*	3p	-	54	19140	11417	11212	19288	61057	371	350	295	344	125	157	89	179	111	172	76	202	118	101	59	73	102	98	47	42	10524
*	3p	-	55	19063	11528	10850	18721	60162	334	317	328	293	143	156	92	208	118	190	85	207	115	108	56	53	109	113	39	48	10346
*	3p	-	56	18524	11148	10882	18767	59321	340	326	287	279	107	173	85	199	126	156	83	207	100	131	70	45	122	102	49	38	10190
*	3p	-	57	18262	11018	10772	18382	58434	311	306	285	318	115	195	103	190	148	181	89	204	108	117	56	54	105	100	38	40	10007
*	3p	-	58	18195	10877	10431	18063	57566	325	303	301	259	112	143	89	164	110	186	68	178	113	110	54	44	109	99	44	27	9841
*	3p	-	59	17852	10517	10297	17949	56615	296	304	274	256	104	143	86	182	128	187	85	201	106	114	74	53	112	90	37	45	9673
*	3p	-	60	17485	10484	10081	17652	55702	322	313	249	244	116	149	95	162	105	185	65	178	112	110	58	67	100	108	41	28	9521
*	3p	-	61	17275	10191	10079	17265	54810	286	280	259	293	92	147	89	165	113	153	67	194	95	120	66	59	103	109	41	28	9352
*	3p	-	62	16879	10191	10136	16687	53893	296	289	263	246	110	160	92	163	102	174	61	171	99	122	64	60	98	86	52	37	9192
*	3p	-	63	16655	9960	9526	16747	52888	302	290	266	243	96	144	93	153	103	144	65	158	115	99	58	57	123	94	31	29	9022
*	3p	-	64	16478	9712	9426	16263	51879	272	241	265	240	112	154	85	166	101	161	100	176	96	100	59	62	104	93	46	39	8830
*	3p	-	65	16227	9336	9404	15875	50842	295	290	235	230	95	145	75	165	128	127	79	230	123	95	46	57	109	101	50	30	8672
*	3p	-	66	15748	9444	9035	15626	49853	267	262	239	253	100	162	73	166	111	145	55	155	105	95	58	45	86	106	40	30	8493
*	3p	-	67	15217	9180	9021	15457	48875	264	274	240	243	93	116	73	126	98	151	76	150	88	91	52	49	93	94	31	40	8322
*	3p	-	68	15201	8777	8781	15124	47883	279	265	226	233	93	117	63	163	92	154	83	161	97	89	50	53	93	81	40	29	8166
*	3p	-	69	14592	8855	8568	14928	46943	255	244	244	234	73	127	87	138	115	155	69	161	106	88	43	58	88	80	40	31	7996
*	3p	-	70	14379	8725	8479	14389	45972	264	238	258	237	96	117	68	125	90	144	64	149	98	94	50	43	87	87	29	27	7791
*	5p	+	1	25660	21318	17898	22138	87014	304	342	363	449	221	136	111	210	153	185	122	124	0	0	0	0	6	3	2	3	24323
*	5p	+	2	27971	13573	15976	29503	87023	223	382	293	225	104	178	64	148	114	133	56	162	3	3	1	0	1	1	0	1	24268
*	5p	+	3	27476	16891	15132	27530	87029	258	272	225	263	96	123	59	168	78	117	61	218	1	3	2	0	1	0	0	1	23700
*	5p	+	4	29248	15745	14978	26981	86952	237	282	193	221	92	118	55	163	68	133	66	169	32	19	7	11	22	34	11	12	23028
*	5p	+	5	29898	15199	15610	26240	86947	260	240	210	237	97	107	48	132	94	100	51	163	17	26	12	7	33	39	4	8	22313
*	5p	+	6	30404	14349	16090	26100	86943	418	352	313	318	112	189	86	212	151	206	102	254	40	30	9	9	29	37	13	9	21460
*	5p	+	7	27280	15222	15342	29070	86914	306	406	305	358	138	187	80	222	150	167	93	231	32	38	14	11	40	53	11	12	21036
*	5p	+	8	27478	16226	15671	27536	86911	321	354	311	321	144	192	87	209	139	184	109	247	43	39	14	16	37	57	12	13	20509
*	5p	+	9	25956	16426	15225	29263	86870	341	430	314	336	126	201	119	252	137	190	96	230	48	49	18	19	51	79	16	15	20010
*	5p	+	10	28599	14921	15456	27879	86855	371	338	274	342	144	169	100	221	143	222	98	226	46	46	27	24	67	73	23	13	19487
*	5p	+	11	27924	16442	16896	25578	86840	419	401	374	418	156	188	111	231	151	222	93	231	59	47	18	15	64	73	25	29	18975
*	5p	+	12	27674	16434	16861	25874	86843	385	408	371	407	156	206	90	225	135	185	252	223	65	65	17	26	70	65	28	25	18575
*	5p	+	13	27733	15734	16424	26914	86805	348	387	351	395	134	179	115	235	129	206	94	258	66	69	37	38	97	74	30	25	18155
*	5p	+	14	28317	15852	15515	27109	86793	339	386	320	372	122	183	100	250	259	215	77	234	75	81	31	26	100	79	30	29	17727
*	5p	+	15	27902	15917	16072	26913	86804	364	417	408	390	143	190	111	232	165	187	103	271	83	94	32	28	82	80	33	32	17288
*	5p	+	16	27513	15558	16649	27077	86797	408	379	396	362	119	181	117	256	159	218	83	243	83	91	28	50	93	73	30	31	16873
*	5p	+	17	28255	15668	15981	26914	86818	351	360	389	353	112	185	309	221	250	204	83	227	109	72	35	47	77	78	25	32	16496
*	5p	+	18	28307	15921	15826	26752	86806	387	508	390	349	145	211	98	263	161	196	83	236	86	89	52	53	80	84	31	30	16177
*	5p	+	19	28156	15735	16064	26817	86772	340	384	379	323	130	185	87	242	145	213	98	247	100	80	39	50	112	89	22	34	15831
*	5p	+	20	26938	15467	15795	25499	83699	379	380	386	375	150	211	103	232	162	236	99	228	95	91	42	47	109	84	32	44	15486
*	5p	+	21	26752	15141	15431	25144	82468	415	374	478	396	162	188	107	259	181	225	107	253	101	94	59	63	106	106	48	35	15165
*	5p	+	22	26583	14917	15295	25143	81938	388	449	387	380	169	199	81	256	144	205	105	262	110	127	57	55	144	98	36	36	14828
*	5p	+	23	26127	14756	15495	25232	81610	438	411	379	452	163	209	110	265	181	264	107	266	102	130	69	57	99	110	48	48	14496
*	5p	+	24	26125	14619	15919	24747	81410	415	395	395	404	139	201	110	227	139	256	112	253	114	138	46	50	121	105	46	28	14232
*	5p	+	25	26424	14614	15209	24800	81047	428	385	390	361	159	217	163	260	159	220	107	247	136	120	70	63	122	108	41	35	13961
*	5p	+	26	26343	14761	15215	24425	80744	424	375	377	417	136	202	95	245	144	212	132	259	138	124	72	54	113	114	40	45	13708
*	5p	+	27	25702	14602	15776	24386	80466	425	396	417	353	165	176	106	262	156	221	114	260	120	119	68	61	121	121	42	52	13397
*	5p	+	28	26036	14648	15194	24318	80196	421	394	373	375	156	223	91	321	177	221	105	242	131	111	57	68	123	121	37	36	13153
*	5p	+	29	26278	14382	14858	24440	79958	442	357	327	403	129	184	108	237	162	204	115	233	131	113	48	57	129	134	52	60	12894
*	5p	+	30	25599	14480	15594	24100	79773	424	378	418	343	168	187	98	300	156	220	122	259	142	115	62	53	139	131	50	43	12635
*	5p	+	31	25220	14885	15148	23966	79219	414	426	403	389	149	195	114	269	155	235	99	234	140	117	64	62	149	139	52	46	12368
*	5p	+	32	25570	14608	14661	23969	78808	383	383	347	421	148	214	103	280	145	213	107	230	123	128	66	66	127	135	52	45	12121
*	5p	+	33	25529	14669	14421	23807	78426	410	411	380	339	162	210	153	280	164	227	118	249	147	163	73	54	112	131	42	60	11893
*	5p	+	34	25180	14375	14937	23477	77969	414	397	393	373	156	190	135	257	177	231	112	247	137	149	61	71	138	113	36	44	11651
*	5p	+	35	24674	14390	14100	24309	77473	400	388	391	415	164	186	126	253	186	203	102	220	112	155	78	70	141	123	47	37	11429
*	5p	+	36	23771	14660	14488	23831	76750	437	373	374	369	146	180	105	248	151	243	117	255	153	153	65	75	133	127	46	35	11217
*	5p	+	37	23854	14349	14099	23887	76189	392	373	376	336	159	169	98	285	162	224	99	234	149	145	75	86	147	113	44	41	10981
*	5p	+	38	23776	13790	14138	23777	75481	420	421	348	409	139	202	91	217	172	208	130	220	149	171	60	60	135	118	59	42	10764
*	5p	+	39	23170	14272	14249	23305	74996	442	395	385	347	146	172	108	292	149	232	117	247	144	154	69	70	135	120	35	44	10558
*	5p	+	40	23456	13742	14455	22839	74492	409	431	362	365	166	189	109	258	168	243	120	209	148	153	70	57	130	121	48	46	10346
*	5p	+	41	23721	13481	13471	23167	73840	425	363	356	360	149	200	96	229	160	219	115	212	141	170	62	64	140	126	41	46	10141
*	5p	+	42	22911	13375	13972	22827	73085	419	370	388	380	148	192	121	260	170	241	106	209	132	150	71	70	128	133	47	52	9954
*	5p	+	43	22840	13684	13515	22432	72471	427	356	335	349	144	194	104	368	162	189	106	200	128	144	74	66	135	144	46	52	9753
*	5p	+	44	23036	13504	13193	22091	71824	411	386	340	352	130	209	92	236	160	216	115	227	150	147	76	83	125	163	49	50	9568
*	5p	+	45	22390	12942	13437	22267	71036	395	365	352	346	147	209	89	237	175	243	115	207	133	131	68	64	135	153	39	48	9370
*	5p	+	46	22313	13158	13031	21750	70252	384	389	362	424	162	175	89	229	143	212	89	216	153	120	64	58	138	147	55	48	9190
*	5p	+	47	21969	12971	12945	21613	69498	451	360	325	355	112	199	122	328	140	190	105	222	120	145	62	61	118	140	50	52	9021
*	5p	+	48	21551	12888	12903	21372	68714	392	368	304	355	116	191	117	255	152	206	109	216	133	119	74	66	132	139	46	39	8831
*	5p	+	49	21618	12344	12697	21256	67915	396	348	310	327	126	179	85	198	136	230	104	200	117	149	56	74	123	124	47	69	8653
*	5p	+	50	21172	12494	12375	21030	67071	418	386	342	326	120	187	75	193	160	193	95	195	129	131	65	63	144	122	42	49	8483
*	5p	+	51	21068	12261	12540	20466	66335	392	337	340	322	123	188	76	210	127	203	107	231	143	128	86	44	138	121	39	37	8297
*	5p	+	52	20692	12069	12226	20530	65517	397	349	348	309	121	176	83	172	113	220	102	229	129	130	63	65	129	140	38	49	8141
*	5p	+	53	20576	11700	12295	20135	64706	375	345	315	321	129	176	75	208	126	198	99	217	117	130	78	67	132	120	47	46	7993
*	5p	+	54	20134	11701	11932	20044	63811	419	344	339	306	125	157	72	212	148	175	112	198	109	143	68	68	118	130	36	40	7811
*	5p	+	55	19750	11723	11977	19516	62966	370	326	321	306	126	143	75	225	131	206	109	204	130	116	66	53	125	116	37	49	7645
*	5p	+	56	19619	11521	11540	19383	62063	416	346	290	331	126	156	78	184	113	180	125	211	121	118	77	62	105	117	35	57	7513
*	5p	+	57	19177	11197	11319	19458	61151	377	313	304	384	117	150	86	174	132	222	85	188	115	136	64	45	109	104	41	38	7359
*	5p	+	58	18987	10842	11517	18862	60208	383	301	270	284	117	181	76	185	125	191	91	183	134	114	52	61	126	108	45	45	7234
*	5p	+	59	18766	10837	10879	18814	59296	375	303	267	260	116	160	58	208	129	185	133	203	106	120	62	46	113	91	37	49	7090
*	5p	+	60	18313	10509	10824	18645	58291	373	285	247	292	126	165	77	203	108	186	85	180	123	105	78	39	123	102	32	38	6935
*	5p	+	61	18136	10349	10478	18321	57284	355	278	247	300	118	144	74	186	135	170	81	160	134	101	62	42	125	105	42	35	6785
*	5p	+	62	17750	10430	10457	17723	56360	305	297	245	281	125	165	80	164	121	173	93	179	130	104	49	71	130	83	31	41	6643
*	5p	+	63	17727	9928	10367	17294	55316	333	249	255	265	113	150	74	198	113	170	85	159	101	122	57	59	109	118	38	47	6511
*	5p	+	64	16962	10212	10218	16945	54337	363	310	274	255	91	146	70	171	113	177	72	165	114	113	41	39	112	113	28	41	6372
*	5p	+	65	16661	10158	9677	16793	53289	326	280	259	263	109	148	101	257	121	177	98	162	99	104	49	47	105	102	39	37	6244
*	5p	+	66	16443	9923	9754	16122	52242	324	268	268	260	104	143	70	159	127	171	88	152	98	113	51	48	89	107	38	36	6084
*	5p	+	67	16237	9508	9566	15925	51236	326	232	274	240	105	132	82	177	113	183	94	169	109	107	47	36	102	79	37	40	5953
*	5p	+	68	15708	9188	9463	15865	50224	347	276	270	226	113	125	86	169	117	167	80	170	108	86	52	44	104	89	37	38	5812
*	5p	+	69	15462	9322	8976	15452	49212	315	271	241	244	102	144	71	143	98	163	90	147	111	94	45	39	103	92	36	37	5703
*	5p	+	70	15132	8908	8922	15239	48201	326	253	233	238	94	126	60	162	129	134	101	145	102	100	50	47	96	80	27	33	5589
*	5p	-	1	23951	20424	16620	22187	83182	250	322	322	374	201	125	123	211	160	170	109	122	0	0	0	0	1	3	1	5	23742
*	5p	-	2	24728	13822	15696	28942	83188	241	410	238	196	97	161	80	97	98	125	57	148	3	0	0	0	2	2	2	1	23692
*	5p	-	3	24837	17856	13621	26879	83193	234	325	201	227	109	112	71	161	86	124	73	184	1	1	0	1	1	4	0	1	23135
*	5p	-	4	26614	16726	13370	26470	83180	240	279	206	229	84	102	79	137	75	114	56	129	7	2	7	7	3	4	5	7	22525
*	5p	-	5	27389	15535	14109	26138	83171	261	216	219	217	74	90	62	139	78	130	61	194	5	8	4	4	7	8	7	7	21801
*	5p	-	6	27914	14303	15369	25579	83165	384	362	384	305	122	177	116	220	145	237	92	244	10	12	5	8	10	8	6	11	21003
*	5p	-	7	24176	15092	14321	29561	83150	326	380	311	349	121	172	103	172	159	188	90	241	16	14	8	8	11	16	13	10	20573
*	5p	-	8	24629	16226	14307	27969	83131	284	358	341	326	148	172	76	199	125	197	98	239	11	10	11	12	20	25	17	7	20074
*	5p	-	9	23815	16338	13908	29052	83113	324	384	323	349	120	179	127	184	134	186	101	240	33	20	12	6	29	27	16	15	19503
*	5p	-	10	26160	14808	14343	27807	83118	353	319	314	292	127	176	103	199	122	187	85	224	28	34	16	13	25	26	22	9	19033
*	5p	-	11	25510	16482	15385	25733	83110	343	352	379	368	125	174	149	212	174	204	99	251	31	30	17	18	30	29	13	18	18542
*	5p	-	12	25345	17339	14762	25634	83080	335	393	371	397	143	168	482	209	147	219	100	259	40	48	29	19	34	49	19	18	18120
*	5p	-	13	25382	16383	14673	26616	83054	349	349	319	339	155	205	118	222	138	207	108	203	40	49	23	21	46	44	26	30	17724
*	5p	-	14	25363	16524	14709	26440	83036	339	354	339	371	114	186	93	204	131	200	97	248	67	50	29	20	61	56	29	18	17313
*	5p	-	15	25842	15832	14667	26670	83011	366	344	370	337	150	179	98	230	141	231	116	242	74	47	32	26	74	59	35	21	16918
*	5p	-	16	26186	15954	14652	26163	82955	362	382	345	342	143	188	368	228	141	202	89	248	56	50	22	35	77	85	43	35	16543
*	5p	-	17	26006	15799	14617	26551	82973	383	354	350	358	133	198	115	214	156	223	94	250	66	57	23	35	80	88	30	29	16207
*	5p	-	18	25546	15631	15472	26331	82980	331	367	359	345	138	172	89	209	138	193	100	238	63	79	37	26	68	92	27	33	15870
*	5p	-	19	25457	15437	14720	27337	82951	360	364	360	328	134	197	88	195	152	203	104	216	60	70	26	41	85	96	31	37	15556
*	5p	-	20	24336	15603	14954	25012	79905	381	361	356	377	138	203	80	244	154	205	137	276	80	64	53	36	81	106	35	25	15230
*	5p	-	21	24027	15101	14132	25414	78674	427	392	402	402	167	178	103	216	132	233	171	244	93	78	51	43	92	79	43	43	14879
*	5p	-	22	23756	15403	13966	25029	78154	353	403	322	363	151	185	161	230	132	213	111	226	75	87	45	44	89	107	42	28	14542
*	5p	-	23	23792	14987	14014	25027	77820	370	403	345	362	160	199	107	215	132	234	118	237	106	94	46	57	79	108	41	37	14230
*	5p	-	24	23759	15017	14532	24233	77541	391	444	360	369	131	207	99	242	145	194	96	265	106	102	48	47	113	118	48	26	13957
*	5p	-	25	23518	14879	14385	24449	77231	421	405	345	355	143	169	114	267	179	215	125	261	116	99	51	47	93	111	41	35	13684
*	5p	-	26	24012	14932	13759	24234	76937	439	373	356	377	140	211	95	214	153	211	101	227	107	120	51	63	84	119	37	40	13406
*	5p	-	27	23971	14547	13847	24283	76648	368	393	358	402	174	200	93	218	153	206	95	228	117	115	53	49	81	127	60	45	13133
*	5p	-	28	23067	15428	14015	23850	76360	421	361	317	331	146	171	136	222	148	244	104	234	120	108	68	50	104	116	44	40	12843
*	5p	-	29	23341	14835	14083	23959	76218	372	394	310	343	149	192	99	209	144	221	109	265	112	113	62	56	109	91	53	39	12577
*	5p	-	30	23272	14302	13790	24696	76060	408	392	340	339	139	215	114	236	175	216	98	268	116	103	41	58	95	116	43	29	12300
*	5p	-	31	23280	14841	13362	24063	75546	391	400	373	368	257	180	113	207	177	221	85	247	121	120	53	54	86	100	44	28	12055
*	5p	-	32	23705	14581	13567	23235	75088	368	390	358	346	144	197	75	210	141	233	90	226	121	93	64	46	106	107	43	37	11816
*	5p	-	33	23716	14495	13415	23088	74714	368	419	327	362	162	189	89	198	169	233	108	238	119	115	68	58	99	121	33	43	11569
*	5p	-	34	23933	13753	13172	23411	74269	363	359	336	351	149	226	88	222	168	224	131	221	134	102	67	51	120	122	36	39	11322
*	5p	-	35	23331	14006	13545	22915	73797	397	390	359	366	120	200	94	219	144	244	115	240	127	114	54	71	125	113	40	45	11120
*	5p	-	36	22311	14202	13301	23283	73097	404	389	375	335	149	188	88	201	175	215	72	229	111	129	52	66	132	122	56	43	10903
*	5p	-	37	22710	14459	12855	22544	72568	411	350	538	340	126	190	85	242	182	231	93	228	119	137	65	62	128	136	45	41	10694
*	5p	-	38	21847	13576	13111	23525	72059	415	368	344	353	142	196	90	222	162	228	101	228	127	139	69	40	136	129	47	50	10497
*	5p	-	39	21868	13604	13051	23048	71571	402	373	341	357	127	189	83	234	147	233	92	242	100	132	68	73	151	119	50	54	10279
*	5p	-	40	22114	13236	12973	22736	71059	392	403	314	356	144	203	84	233	134	225	86	239	126	123	71	62	133	136	46	52	10083
*	5p	-	41	21748	13405	13612	21709	70474	434	369	346	332	141	186	95	214	176	222	117	224	119	133	61	53	134	135	37	45	9882
*	5p	-	42	21646	13452	12811	21837	69746	397	354	318	361	146	176	85	206	143	240	91	218	119	137	68	51	137	117	58	50	9687
*	5p	-	43	21975	12950	12612	21668	69205	384	368	347	341	129	195	84	210	155	215	99	207	124	143	68	62	126	122	49	48	9483
*	5p	-	44	21587	13007	12507	21409	68510	411	379	340	386	138	172	92	200	129	207	84	221	125	143	66	59	139	130	45	54	9304
*	5p	-	45	20957	12598	12422	21788	67765	399	372	350	325	136	194	91	190	157	194	102	202	136	125	68	61	150	125	58	44	9126
*	5p	-	46	20915	12296	12388	21471	67070	442	363	339	324	133	191	92	224	154	218	92	220	122	135	63	60	122	157	46	49	8947
*	5p	-	47	20647	12068	12159	21429	66303	394	326	325	335	135	145	96	204	147	190	97	207	116	139	70	51	132	118	49	49	8771
*	5p	-	48	20465	12015	12540	20558	65578	410	351	317	322	119	212	77	225	141	207	106	215	113	146	64	58	149	115	46	48	8596
*	5p	-	49	20941	11586	11985	20278	64790	381	326	484	280	133	186	74	223	136	211	95	216	125	142	58	68	148	125	44	48	8457
*	5p	-	50	20114	11865	11554	20528	64061	353	360	298	364	116	178	93	198	143	182	90	207	136	158	58	54	127	132	56	36	8284
*	5p	-	51	19713	11696	12108	19808	63325	387	331	305	315	118	155	86	206	113	171	95	237	126	136	55	80	139	126	57	38	8122
*	5p	-	52	19564	11600	11948	19475	62587	377	310	279	302	138	175	72	205	126	183	119	631	104	152	53	63	119	119	58	47	7966
*	5p	-	53	19199	11301	11333	19994	61827	385	325	305	308	125	166	60	217	122	190	96	180	99	125	62	52	136	125	39	41	7810
*	5p	-	54	18949	10869	11456	19755	61029	354	305	283	281	156	175	80	183	123	191	83	197	120	121	54	61	131	98	44	43	7651
*	5p	-	55	18550	11075	11736	18774	60135	402	325	290	280	113	137	77	189	119	178	73	192	114	114	59	55	128	131	36	40	7508
*	5p	-	56	19198	10747	10907	18449	59301	397	297	297	281	108	159	72	185	131	185	81	183	127	124	46	56	123	117	46	44	7358
*	5p	-	57	18879	10605	10694	18204	58382	362	326	292	269	116	157	71	181	138	164	71	201	114	106	54	69	125	123	45	41	7202
*	5p	-	58	18646	10530	10166	18163	57505	361	341	287	267	100	159	87	175	139	149	71	167	110	121	54	58	111	121	50	57	7068
*	5p	-	59	17677	10571	10418	17912	56578	342	291	277	267	102	168	77	205	103	169	70	167	109	121	54	68	125	127	28	41	6951
*	5p	-	60	17379	10125	10677	17513	55694	373	288	297	248	117	152	77	166	118	196	92	169	116	112	73	57	91	105	46	42	6827
*	5p	-	61	17313	9998	10022	17456	54789	336	284	283	241	91	137	63	181	107	182	83	171	123	116	70	51	106	108	43	44	6674
*	5p	-	62	16950	9636	10481	16807	53874	345	279	254	266	116	146	79	140	117	167	70	165	118	101	70	70	107	107	38	36	6559
*	5p	-	63	16616	9583	9789	16894	52882	329	268	252	267	102	121	88	167	101	191	66	166	124	121	69	67	110	99	33	39	6434
*	5p	-	64	16149	9672	9317	16731	51869	352	265	272	228	104	141	72	165	109	170	71	146	99	130	61	50	101	105	39	47	6316
*	5p	-	65	15694	9152	9465	16538	50849	348	266	239	220	82	127	71	174	96	165	81	184	112	116	53	55	106	106	37	33	6178
*	5p	-	66	15536	9045	9120	16143	49844	315	253	226	251	104	153	53	183	106	176	63	122	90	128	40	52	94	92	37	46	6049
*	5p	-	67	15196	8840	9546	15290	48872	338	297	261	217	86	139	59	157	104	147	55	165	83	99	48	59	99	94	34	33	5937
*	5p	-	68	15097	9016	8723	15025	47861	322	272	227	217	97	113	45	136	98	157	52	139	86	127	52	39	93	93	41	37	5820
*	5p	-	69	14557	8633	8870	14839	46899	339	242	212	229	87	136	60	142	97	173	54	141	89	95	47	45	110	88	45	40	5694
*	5p	-	70	14494	8306	8524	14606	45930	348	237	201	206	98	132	53	143	113	175	53	129	103	102	48	42	103	94	38	38	5575
