region	chr	midPos	Nsites
(51,52)(10071,10079)(10000,60000)	NODE_1005_length_28748_cov_3.680652	35000	3	0.043677
(5,7)(26630,26653)(20000,70000)	NODE_1006_length_28733_cov_3.902808	45000	4	0.068205
(1,10)(12065,19125)(10000,60000)	NODE_1010_length_28715_cov_3.683359	35000	11	0.047035
(8,8)(20338,20338)(10000,60000)	NODE_1012_length_28711_cov_3.297952	35000	2	0.081087
(38,38)(16008,16008)(10000,60000)	NODE_1014_length_28701_cov_3.471855	35000	2	-0.008762
(20,34)(27241,28162)(10000,60000)	NODE_1023_length_28597_cov_3.311987	35000	16	0.027033
(18,23)(27680,27712)(10000,60000)	NODE_1024_length_28592_cov_3.411013	35000	7	0.032516
(29,29)(26649,26649)(10000,60000)	NODE_1025_length_28566_cov_3.506130	35000	2	0.004860
(13,14)(28254,28256)(10000,60000)	NODE_1034_length_28461_cov_4.068331	35000	3	0.017945
(1,2)(12539,12545)(10000,60000)	NODE_1039_length_28400_cov_3.863220	35000	3	0.000582
(1,74)(46415,46742)(40000,90000)	NODE_103_length_46749_cov_3.696785	65000	75	0.060054
(1,73)(10027,24732)(10000,60000)	NODE_1045_length_28382_cov_3.769968	35000	74	0.058819
(45,100)(16462,45200)(10000,60000)	NODE_104_length_46715_cov_3.945491	35000	57	0.029973
(2,6)(20163,20244)(10000,60000)	NODE_1054_length_28327_cov_3.271893	35000	6	0.086236
(5,9)(12586,12610)(10000,60000)	NODE_1061_length_28269_cov_3.948988	35000	6	0.037585
(12,22)(16429,22349)(10000,60000)	NODE_1069_length_28209_cov_3.509961	35000	12	0.049113
(3,3)(23490,23490)(20000,70000)	NODE_106_length_46410_cov_3.501587	45000	2	0.104181
(4,30)(10162,10249)(10000,60000)	NODE_1073_length_28176_cov_3.380418	35000	28	0.053299
(2,13)(21865,21909)(10000,60000)	NODE_1083_length_28122_cov_3.522928	35000	13	0.070388
(1,28)(10403,23557)(10000,60000)	NODE_1086_length_28102_cov_3.260222	35000	29	0.047999
(12,23)(10174,10361)(10000,60000)	NODE_1088_length_28087_cov_3.725096	35000	13	0.042987
(6,9)(25339,25348)(10000,60000)	NODE_1089_length_28083_cov_3.489673	35000	5	0.075290
(2,5)(25398,25406)(20000,70000)	NODE_1092_length_28048_cov_3.913378	45000	5	0.033043
(1,32)(11016,11507)(10000,60000)	NODE_1094_length_28041_cov_3.287238	35000	33	0.053269
(1,23)(25224,25468)(10000,60000)	NODE_1110_length_27875_cov_3.295111	35000	24	0.057714
(2,6)(20673,21154)(20000,70000)	NODE_1113_length_27843_cov_3.584991	45000	6	0.072196
(5,41)(15621,39012)(10000,60000)	NODE_111_length_46104_cov_3.581915	35000	38	0.053489
(29,88)(20889,22948)(20000,70000)	NODE_1123_length_27794_cov_3.478534	45000	61	0.039010
(1,1)(18145,18145)(10000,60000)	NODE_1145_length_27664_cov_3.491819	35000	2	0.049697
(1,3)(15120,26787)(10000,60000)	NODE_1148_length_27652_cov_3.417486	35000	4	-0.003919
(47,76)(13879,24652)(10000,60000)	NODE_1149_length_27651_cov_3.445630	35000	31	0.070430
(3,7)(35598,35788)(30000,80000)	NODE_114_length_45855_cov_3.896691	55000	6	0.026073
(1,45)(14243,27548)(10000,60000)	NODE_1152_length_27646_cov_3.747559	35000	46	0.058467
(4,4)(12436,12436)(10000,60000)	NODE_1161_length_27611_cov_3.431666	35000	2	-0.002381
(639,682)(14299,20012)(10000,60000)	NODE_1162_length_27605_cov_4.986621	35000	45	0.061699
(22,23)(25474,25478)(20000,70000)	NODE_1163_length_27603_cov_3.382090	45000	3	0.031205
(7,7)(24276,24276)(20000,70000)	NODE_1164_length_27579_cov_3.689265	45000	2	-0.008637
(12,12)(21651,21651)(10000,60000)	NODE_1183_length_27449_cov_3.639013	35000	2	0.068747
(15,85)(26638,27126)(20000,70000)	NODE_1185_length_27436_cov_3.501591	45000	72	0.074306
(14,17)(16361,16401)(10000,60000)	NODE_1186_length_27432_cov_3.175539	35000	5	0.052253
(65,94)(13949,19705)(10000,60000)	NODE_1190_length_27409_cov_3.594691	35000	31	0.065807
(10,14)(25856,25868)(20000,70000)	NODE_1196_length_27364_cov_3.469686	45000	6	0.006894
(3,9)(28103,46451)(20000,70000)	NODE_11_length_69074_cov_3.575571	45000	8	0.033021
(1,16)(22451,26282)(10000,60000)	NODE_1200_length_27344_cov_3.341714	35000	17	0.035031
(2,11)(27126,27181)(20000,70000)	NODE_1208_length_27278_cov_3.410758	45000	11	0.105327
(4,4)(19043,19043)(10000,60000)	NODE_1211_length_27263_cov_3.613128	35000	2	0.073999
(1,16)(17282,17482)(10000,60000)	NODE_1213_length_27242_cov_3.425524	35000	17	0.040924
(3,7)(21300,21777)(20000,70000)	NODE_1221_length_27222_cov_3.610699	45000	6	0.073080
(8,26)(14351,27097)(10000,60000)	NODE_1222_length_27220_cov_3.260794	35000	20	0.051940
(8,9)(10886,17090)(10000,60000)	NODE_1223_length_27218_cov_3.051477	35000	3	0.026653
(13,41)(24945,27188)(20000,70000)	NODE_1229_length_27194_cov_3.471563	45000	30	0.073661
(1,71)(17022,23485)(10000,60000)	NODE_1230_length_27182_cov_3.131595	35000	72	0.032013
(1,1)(26645,26645)(20000,70000)	NODE_1233_length_27162_cov_3.314932	45000	2	-0.004552
(13,54)(14329,27137)(10000,60000)	NODE_1234_length_27157_cov_3.276517	35000	43	0.018429
(3,4)(16623,16645)(10000,60000)	NODE_1248_length_27039_cov_3.815999	35000	3	0.009981
(3,43)(17682,26873)(10000,60000)	NODE_1252_length_27007_cov_3.269883	35000	42	0.070888
(1,33)(21611,43583)(20000,70000)	NODE_126_length_45242_cov_4.606030	45000	34	0.044305
(311,387)(10001,26338)(10000,60000)	NODE_1272_length_26871_cov_6.895861	35000	78	0.051382
(20,22)(15489,15498)(10000,60000)	NODE_1276_length_26829_cov_3.559746	35000	4	0.045309
(1,4)(12468,12529)(10000,60000)	NODE_1280_length_26809_cov_3.636129	35000	5	0.011006
(2,8)(23502,25518)(20000,70000)	NODE_1283_length_26803_cov_3.382527	45000	8	0.069735
(22,108)(22369,24542)(10000,60000)	NODE_1284_length_26795_cov_3.174333	35000	88	0.044985
(1,2)(10756,10846)(10000,60000)	NODE_1286_length_26782_cov_2.941386	35000	3	0.070044
(4,31)(16095,16247)(10000,60000)	NODE_1287_length_26773_cov_3.666642	35000	29	0.025433
(8,73)(10493,26661)(10000,60000)	NODE_1288_length_26772_cov_3.186893	35000	67	0.045426
(43,44)(12657,12658)(10000,60000)	NODE_1289_length_26763_cov_3.222810	35000	3	0.072600
(50,76)(25739,42238)(10000,60000)	NODE_128_length_45079_cov_3.165296	35000	28	0.039002
(9,72)(19593,26542)(10000,60000)	NODE_1296_length_26726_cov_3.886732	35000	65	0.053658
(5,15)(21515,26474)(10000,60000)	NODE_1299_length_26717_cov_3.870088	35000	12	0.035434
(13,24)(10507,12841)(10000,60000)	NODE_12_length_68210_cov_3.690256	35000	13	0.027198
(1,2)(11377,26493)(10000,60000)	NODE_1306_length_26640_cov_3.388003	35000	3	0.058273
(1,2)(21096,21133)(10000,60000)	NODE_1309_length_26628_cov_3.558332	35000	3	0.028880
(25,26)(16191,16290)(10000,60000)	NODE_1317_length_26564_cov_3.490308	35000	3	0.013803
(123,123)(26096,26096)(10000,60000)	NODE_1320_length_26547_cov_3.567793	35000	2	-0.010020
(1,3)(26481,26528)(20000,70000)	NODE_1323_length_26537_cov_3.575876	45000	4	0.012882
(2,4)(13109,13545)(10000,60000)	NODE_1325_length_26519_cov_3.566162	35000	4	0.004132
(16,17)(18366,18367)(10000,60000)	NODE_1326_length_26517_cov_3.592172	35000	3	0.097946
(2,2)(18504,18504)(10000,60000)	NODE_1328_length_26516_cov_3.439490	35000	2	-0.007059
(11,40)(17939,20232)(10000,60000)	NODE_1331_length_26514_cov_3.218626	35000	31	0.033747
(28,30)(24080,24255)(10000,60000)	NODE_1333_length_26510_cov_3.934005	35000	4	0.024096
(14,69)(11327,11817)(10000,60000)	NODE_1339_length_26475_cov_3.788937	35000	57	0.067516
(18,69)(20086,37322)(20000,70000)	NODE_133_length_44813_cov_3.744085	45000	53	0.032991
(55,55)(18264,18264)(10000,60000)	NODE_1342_length_26455_cov_3.289687	35000	2	0.019721
(5,8)(16728,19184)(10000,60000)	NODE_1344_length_26430_cov_3.394516	35000	5	0.039817
(2,2)(18591,18591)(10000,60000)	NODE_1346_length_26390_cov_3.411662	35000	2	0.166516
(2,135)(20916,25991)(20000,70000)	NODE_1347_length_26389_cov_4.929973	45000	135	0.070333
(24,30)(23076,23115)(20000,70000)	NODE_1348_length_26379_cov_3.589155	45000	8	0.051432
(1,1)(20894,20894)(10000,60000)	NODE_1352_length_26365_cov_3.657923	35000	2	0.041759
(1,1)(21289,21289)(10000,60000)	NODE_1354_length_26327_cov_3.895036	35000	2	0.038492
(5,5)(21986,21986)(10000,60000)	NODE_1355_length_26325_cov_3.522039	35000	2	-0.002921
(17,452)(20507,26232)(20000,70000)	NODE_1357_length_26311_cov_6.751068	45000	437	0.045883
(29,32)(15180,19536)(10000,60000)	NODE_1358_length_26310_cov_3.440960	35000	5	0.015302
(2,3)(24466,24467)(20000,70000)	NODE_1362_length_26300_cov_3.563757	45000	3	0.055107
(4,29)(26111,26242)(10000,60000)	NODE_1364_length_26295_cov_3.710872	35000	27	0.022096
(2,2)(21588,21588)(10000,60000)	NODE_1365_length_26279_cov_3.576203	35000	2	0.035004
(1,3)(10846,20373)(10000,60000)	NODE_1367_length_26265_cov_3.615914	35000	4	0.017768
(1,6)(40574,40606)(30000,80000)	NODE_136_length_44741_cov_3.447583	55000	7	0.131047
(1,2)(17359,17362)(10000,60000)	NODE_1371_length_26259_cov_3.986927	35000	3	0.437850
(7,21)(14409,17724)(10000,60000)	NODE_1373_length_26235_cov_3.992386	35000	16	0.054283
(234,337)(10073,25328)(10000,60000)	NODE_1379_length_26213_cov_3.739335	35000	105	0.052484
(52,64)(13378,13468)(10000,60000)	NODE_1380_length_26213_cov_3.363177	35000	14	0.043123
(51,129)(19960,20752)(10000,60000)	NODE_1381_length_26211_cov_4.198032	35000	80	0.045028
(14,62)(13180,13464)(10000,60000)	NODE_1386_length_26182_cov_3.429360	35000	50	0.052006
(15,38)(13130,24547)(10000,60000)	NODE_1388_length_26161_cov_3.247372	35000	25	0.088855
(1,5)(18499,18521)(10000,60000)	NODE_138_length_44611_cov_4.208169	35000	6	0.065518
(4,4)(24638,24638)(20000,70000)	NODE_1390_length_26153_cov_3.469602	45000	2	0.012919
(4,6)(15057,15064)(10000,60000)	NODE_1395_length_26141_cov_3.624875	35000	4	0.020755
(22,24)(26025,26033)(20000,70000)	NODE_1396_length_26132_cov_3.434372	45000	4	-0.002829
(46,84)(39176,54245)(10000,60000)	NODE_13_length_68114_cov_3.343174	35000	40	0.037574
(1,59)(13883,25446)(10000,60000)	NODE_1404_length_26088_cov_3.276463	35000	60	0.053943
(4,7)(28592,42591)(20000,70000)	NODE_140_length_44451_cov_3.709641	45000	5	0.048949
(78,83)(25589,25612)(10000,60000)	NODE_1414_length_26026_cov_3.330621	35000	7	0.009455
(1,1)(21747,21747)(20000,70000)	NODE_1423_length_25991_cov_3.779005	45000	2	0.015312
(33,62)(15189,22985)(10000,60000)	NODE_1424_length_25990_cov_3.403538	35000	31	0.046343
(1,1)(15017,15017)(10000,60000)	NODE_1433_length_25956_cov_3.939862	35000	2	0.034564
(1,4)(21478,25653)(20000,70000)	NODE_1437_length_25946_cov_3.194800	45000	5	0.041506
(1,3)(12720,14547)(10000,60000)	NODE_1438_length_25934_cov_3.228953	35000	4	-0.001277
(4,8)(20032,20059)(20000,70000)	NODE_1439_length_25932_cov_3.428870	45000	6	0.196563
(36,36)(21601,21601)(10000,60000)	NODE_143_length_44289_cov_3.666486	35000	2	0.040818
(11,16)(25016,25115)(20000,70000)	NODE_1440_length_25925_cov_3.207310	45000	7	0.041977
(2,2)(10740,10740)(10000,60000)	NODE_1442_length_25919_cov_3.922153	35000	2	0.080672
(10,10)(23758,23758)(20000,70000)	NODE_1450_length_25890_cov_3.623977	45000	2	0.014960
(1,1)(18575,18575)(10000,60000)	NODE_1451_length_25877_cov_3.365040	35000	2	0.050824
(1,11)(25542,25832)(10000,60000)	NODE_1457_length_25840_cov_3.457247	35000	12	0.048494
(3,13)(18773,21740)(10000,60000)	NODE_1462_length_25820_cov_3.296062	35000	12	0.082553
(3,46)(20414,24272)(10000,60000)	NODE_1469_length_25773_cov_3.933824	35000	45	0.018980
(6,12)(23293,23360)(10000,60000)	NODE_1474_length_25760_cov_3.743892	35000	8	0.052075
(4,39)(21137,21232)(10000,60000)	NODE_1475_length_25734_cov_3.348157	35000	37	0.035357
(4,8)(25650,25717)(20000,70000)	NODE_1477_length_25718_cov_3.215309	45000	6	0.012126
(1,2)(17417,22300)(10000,60000)	NODE_1478_length_25718_cov_3.065537	35000	3	0.032561
(1,13)(22220,22281)(10000,60000)	NODE_1486_length_25675_cov_3.323467	35000	14	0.010511
(3,3)(14136,14136)(10000,60000)	NODE_1492_length_25661_cov_3.053087	35000	2	0.016128
(1,24)(12104,12493)(10000,60000)	NODE_1496_length_25644_cov_3.571736	35000	25	0.057025
(28,29)(25351,25369)(20000,70000)	NODE_1497_length_25640_cov_3.351278	45000	3	0.023758
(3,32)(62813,63410)(40000,90000)	NODE_14_length_68017_cov_3.523101	65000	31	0.046927
(2,3)(25601,25607)(20000,70000)	NODE_1500_length_25627_cov_3.892118	45000	3	0.074635
(204,233)(21112,23153)(20000,70000)	NODE_1505_length_25602_cov_6.772576	45000	31	0.064395
(16,43)(13470,20161)(10000,60000)	NODE_1507_length_25597_cov_3.191113	35000	29	0.083597
(7,11)(29822,29876)(10000,60000)	NODE_150_length_43656_cov_3.680832	35000	6	0.051727
(3,50)(25229,25528)(10000,60000)	NODE_1513_length_25545_cov_3.639393	35000	49	0.026856
(19,38)(10007,10124)(10000,60000)	NODE_1525_length_25452_cov_3.654952	35000	21	0.020719
(7,8)(11506,11548)(10000,60000)	NODE_1526_length_25439_cov_3.358682	35000	3	0.065363
(10,24)(17774,17938)(10000,60000)	NODE_1533_length_25394_cov_3.646650	35000	16	0.049161
(3,4)(20172,24882)(20000,70000)	NODE_1537_length_25380_cov_3.766900	45000	3	0.064973
(3,20)(21674,25346)(10000,60000)	NODE_1538_length_25369_cov_2.876652	35000	19	0.036818
(62,366)(13926,22345)(10000,60000)	NODE_1539_length_25365_cov_5.586915	35000	306	0.104349
(5,5)(22356,22356)(10000,60000)	NODE_153_length_43494_cov_3.824749	35000	2	0.076168
(13,13)(22284,22284)(20000,70000)	NODE_1542_length_25361_cov_3.495487	45000	2	0.004663
(2,40)(16155,21678)(10000,60000)	NODE_1545_length_25350_cov_3.460813	35000	40	0.040310
(1,5)(23613,23640)(20000,70000)	NODE_1547_length_25345_cov_3.489741	45000	6	0.048238
(1,3)(22128,22132)(10000,60000)	NODE_1549_length_25340_cov_3.535240	35000	4	0.056040
(12,75)(17547,17903)(10000,60000)	NODE_1550_length_25326_cov_3.515202	35000	65	0.038271
(12,14)(13008,13033)(10000,60000)	NODE_1551_length_25323_cov_3.377696	35000	4	0.037588
(73,279)(10126,13984)(10000,60000)	NODE_1553_length_25317_cov_9.607384	35000	208	0.050126
(1,13)(15260,15301)(10000,60000)	NODE_1554_length_25310_cov_3.095593	35000	14	0.026485
(2,73)(20842,25132)(20000,70000)	NODE_1556_length_25302_cov_3.328651	45000	73	0.041432
(1,6)(19877,22871)(10000,60000)	NODE_1558_length_25285_cov_3.777495	35000	7	0.034042
(41,75)(20171,20663)(10000,60000)	NODE_1562_length_25278_cov_3.461734	35000	36	0.031407
(18,18)(23453,23453)(20000,70000)	NODE_1568_length_25248_cov_5.394926	45000	2	0.103444
(2,10)(25158,25187)(20000,70000)	NODE_1572_length_25234_cov_2.979272	45000	10	0.031530
(32,40)(23812,23848)(20000,70000)	NODE_1575_length_25222_cov_3.466624	45000	10	0.052854
(26,37)(12720,16851)(10000,60000)	NODE_1580_length_25202_cov_3.223320	35000	13	0.023282
(90,90)(11197,11197)(10000,60000)	NODE_1584_length_25153_cov_3.396583	35000	2	0.078266
(26,80)(11077,18134)(10000,60000)	NODE_1586_length_25145_cov_3.565879	35000	56	0.024844
(76,85)(10607,10724)(10000,60000)	NODE_1588_length_25136_cov_3.118664	35000	11	0.087933
(6,32)(28849,28931)(20000,70000)	NODE_158_length_43302_cov_4.042891	45000	28	0.076520
(40,48)(11422,11835)(10000,60000)	NODE_1594_length_25094_cov_3.824765	35000	10	0.015914
(7,7)(22987,22987)(20000,70000)	NODE_1601_length_25039_cov_4.034162	45000	2	-0.002968
(39,55)(10229,14716)(10000,60000)	NODE_1610_length_25014_cov_4.627935	35000	18	0.028859
(75,95)(12325,13248)(10000,60000)	NODE_1611_length_25009_cov_3.427619	35000	22	0.070063
(31,42)(24879,24937)(20000,70000)	NODE_1613_length_25006_cov_3.359819	45000	13	0.023528
(1,15)(17250,17281)(10000,60000)	NODE_1618_length_24998_cov_3.495241	35000	16	0.035078
(12,25)(12551,22164)(10000,60000)	NODE_1620_length_24997_cov_3.547514	35000	15	0.034175
(61,96)(14077,24929)(10000,60000)	NODE_1637_length_24934_cov_3.074653	35000	37	0.044666
(2,6)(39152,39199)(10000,60000)	NODE_163_length_42880_cov_3.903205	35000	6	0.080730
(50,50)(18058,18058)(10000,60000)	NODE_1643_length_24902_cov_2.869250	35000	2	-0.013275
(14,14)(40499,40499)(20000,70000)	NODE_164_length_42851_cov_3.609609	45000	2	0.016936
(1,55)(20615,20812)(20000,70000)	NODE_1651_length_24869_cov_3.191845	45000	56	0.051633
(1,2)(20913,20920)(10000,60000)	NODE_1653_length_24849_cov_3.727030	35000	3	0.058240
(2,13)(23756,23790)(10000,60000)	NODE_1654_length_24848_cov_3.006950	35000	13	0.071597
(31,37)(22120,22156)(20000,70000)	NODE_1655_length_24844_cov_3.550293	45000	8	0.045382
(5,22)(12450,12529)(10000,60000)	NODE_1659_length_24832_cov_3.778474	35000	19	0.055251
(4,13)(27943,27963)(10000,60000)	NODE_165_length_42797_cov_3.609185	35000	11	0.030592
(11,28)(21616,21744)(20000,70000)	NODE_1661_length_24830_cov_3.449355	45000	19	0.069520
(6,10)(10593,19418)(10000,60000)	NODE_1668_length_24785_cov_3.520335	35000	6	0.063769
(1,29)(23578,27493)(10000,60000)	NODE_166_length_42782_cov_3.464635	35000	30	0.033298
(6,7)(20504,20505)(20000,70000)	NODE_167_length_42777_cov_4.154154	45000	3	0.066106
(109,128)(12241,24687)(10000,60000)	NODE_1687_length_24692_cov_2.708698	35000	21	0.061599
(6,7)(37978,37995)(10000,60000)	NODE_168_length_42730_cov_3.695105	35000	3	0.013824
(53,58)(10477,21308)(10000,60000)	NODE_1692_length_24669_cov_3.993081	35000	7	0.039375
(1,2)(13704,14849)(10000,60000)	NODE_1699_length_24638_cov_3.473736	35000	3	-0.006015
(3,12)(45790,55201)(20000,70000)	NODE_16_length_67001_cov_3.667843	45000	11	0.046366
(20,20)(16986,16986)(10000,60000)	NODE_1703_length_24629_cov_3.394863	35000	2	0.058210
(7,12)(15640,16649)(10000,60000)	NODE_1706_length_24622_cov_3.567059	35000	7	0.047913
(3,11)(24568,24593)(10000,60000)	NODE_1709_length_24618_cov_3.105632	35000	10	0.020605
(59,61)(23676,23686)(10000,60000)	NODE_1717_length_24595_cov_3.531964	35000	4	0.020289
(13,18)(33046,37729)(20000,70000)	NODE_171_length_42620_cov_3.394864	45000	7	0.014419
(2,2)(18391,18391)(10000,60000)	NODE_1725_length_24570_cov_3.230436	35000	2	-0.009358
(7,7)(11335,11335)(10000,60000)	NODE_1727_length_24563_cov_3.290468	35000	2	-0.005392
(4,64)(24933,33272)(10000,60000)	NODE_172_length_42601_cov_3.393040	35000	62	0.066753
(19,20)(11582,11587)(10000,60000)	NODE_1731_length_24556_cov_3.475120	35000	3	0.070613
(44,108)(10637,14351)(10000,60000)	NODE_1734_length_24549_cov_2.955624	35000	66	0.067856
(1,439)(10505,24388)(10000,60000)	NODE_1735_length_24544_cov_3.994273	35000	440	0.051231
(9,13)(17516,17536)(10000,60000)	NODE_1737_length_24538_cov_3.681452	35000	6	0.038525
(2,2)(20023,20023)(20000,70000)	NODE_1742_length_24526_cov_4.052892	45000	2	0.070477
(57,132)(11146,12097)(10000,60000)	NODE_1745_length_24510_cov_3.671951	35000	77	0.055325
(11,88)(15984,24239)(10000,60000)	NODE_1751_length_24488_cov_3.181147	35000	79	0.054655
(4,111)(23360,24060)(20000,70000)	NODE_1758_length_24458_cov_3.624205	45000	109	0.040490
(1,31)(22261,22498)(20000,70000)	NODE_1760_length_24457_cov_3.318581	45000	32	0.046417
(6,144)(15632,16166)(10000,60000)	NODE_1761_length_24456_cov_3.735518	35000	140	0.041781
(51,217)(20004,24197)(20000,70000)	NODE_1768_length_24423_cov_4.204983	45000	168	0.028951
(2,34)(22583,22722)(20000,70000)	NODE_1769_length_24420_cov_2.934707	45000	34	0.022740
(2,7)(25392,25455)(20000,70000)	NODE_176_length_42520_cov_3.647769	45000	7	0.110589
(7,8)(12163,12169)(10000,60000)	NODE_1771_length_24415_cov_4.249424	35000	3	0.097482
(13,101)(15185,16327)(10000,60000)	NODE_1772_length_24414_cov_3.468024	35000	90	0.056561
(22,36)(22378,22464)(10000,60000)	NODE_1779_length_24382_cov_3.429189	35000	16	0.065792
(2,8)(10214,17682)(10000,60000)	NODE_1781_length_24367_cov_3.659428	35000	8	0.417485
(10,48)(16022,24308)(10000,60000)	NODE_1783_length_24362_cov_2.969254	35000	40	0.041776
(5,5)(12610,12610)(10000,60000)	NODE_1785_length_24357_cov_3.775126	35000	2	0.041377
(25,25)(24201,24201)(10000,60000)	NODE_1787_length_24356_cov_3.544915	35000	2	0.018488
(2,5)(16854,16875)(10000,60000)	NODE_1789_length_24351_cov_3.448582	35000	5	0.034293
(2,4)(39446,39459)(20000,70000)	NODE_178_length_42494_cov_3.585470	45000	4	0.061605
(11,22)(14635,14685)(10000,60000)	NODE_1797_length_24287_cov_3.279436	35000	13	0.003806
(24,42)(11903,11978)(10000,60000)	NODE_179_length_42489_cov_3.782284	35000	20	0.019713
(1,6)(23649,23983)(20000,70000)	NODE_1801_length_24251_cov_3.143839	45000	7	0.031777
(1,13)(13028,16295)(10000,60000)	NODE_1802_length_24241_cov_3.716179	35000	14	0.051768
(4,8)(10144,14279)(10000,60000)	NODE_1803_length_24237_cov_3.639034	35000	6	0.028154
(3,15)(18510,19110)(10000,60000)	NODE_1805_length_24234_cov_3.664719	35000	14	0.068220
(4,10)(23664,23684)(10000,60000)	NODE_1806_length_24228_cov_3.588089	35000	8	0.012416
(43,57)(10004,24197)(10000,60000)	NODE_1807_length_24228_cov_3.524680	35000	16	0.021573
(5,7)(35220,35279)(20000,70000)	NODE_180_length_42485_cov_3.251758	45000	4	0.041193
(7,8)(12332,12333)(10000,60000)	NODE_1810_length_24202_cov_4.004854	35000	3	0.085993
(25,93)(11359,18755)(10000,60000)	NODE_1814_length_24189_cov_3.354961	35000	70	0.050299
(5,6)(19073,19076)(10000,60000)	NODE_1818_length_24161_cov_3.234561	35000	3	0.001088
(13,22)(21498,22928)(20000,70000)	NODE_1825_length_24144_cov_3.351923	45000	11	0.047479
(5,8)(26519,26558)(10000,60000)	NODE_182_length_42465_cov_3.622362	35000	5	0.100222
(1,2)(21515,21522)(20000,70000)	NODE_1841_length_24058_cov_3.444384	45000	3	0.070070
(2,4)(17698,17722)(10000,60000)	NODE_1843_length_24057_cov_3.200017	35000	4	0.052491
(1,1)(12113,12113)(10000,60000)	NODE_1849_length_24038_cov_3.420987	35000	2	0.138068
(107,111)(10882,20047)(10000,60000)	NODE_1858_length_23983_cov_3.179241	35000	6	0.053192
(2,25)(10662,22025)(10000,60000)	NODE_1864_length_23961_cov_3.508759	35000	25	0.060281
(1,1)(23856,23856)(10000,60000)	NODE_1865_length_23952_cov_3.468704	35000	2	0.000159
(12,13)(23927,23929)(10000,60000)	NODE_1866_length_23948_cov_3.620529	35000	3	0.032958
(8,11)(18386,18418)(10000,60000)	NODE_1868_length_23944_cov_3.883414	35000	5	0.053392
(10,11)(11307,13804)(10000,60000)	NODE_1869_length_23943_cov_3.695479	35000	3	0.049424
(1,11)(25829,25852)(10000,60000)	NODE_186_length_42282_cov_3.590356	35000	12	0.052055
(9,34)(21603,21815)(20000,70000)	NODE_1873_length_23924_cov_3.902371	45000	27	0.020254
(3,123)(12094,23810)(10000,60000)	NODE_1875_length_23908_cov_3.929186	35000	122	0.053369
(12,12)(21977,21977)(10000,60000)	NODE_1878_length_23899_cov_3.453319	35000	2	0.090212
(14,15)(11378,11620)(10000,60000)	NODE_1880_length_23875_cov_3.459749	35000	3	0.105591
(2,5)(41027,42182)(20000,70000)	NODE_188_length_42261_cov_3.394953	45000	5	0.093212
(18,75)(19186,19752)(10000,60000)	NODE_1891_length_23818_cov_3.615077	35000	59	0.058692
(14,16)(19930,20124)(10000,60000)	NODE_1893_length_23812_cov_3.274027	35000	4	0.032573
(54,108)(21480,21654)(20000,70000)	NODE_1898_length_23793_cov_3.415590	45000	56	0.059221
(2,54)(28768,46492)(10000,60000)	NODE_18_length_63337_cov_3.725956	35000	54	0.052775
(109,109)(23419,23419)(10000,60000)	NODE_1904_length_23767_cov_2.833742	35000	2	0.105627
(4,7)(11778,12372)(10000,60000)	NODE_1913_length_23729_cov_3.783157	35000	5	0.071856
(2,8)(19386,22328)(10000,60000)	NODE_1919_length_23717_cov_3.651749	35000	8	0.021525
(5,7)(20291,22795)(10000,60000)	NODE_1920_length_23714_cov_3.597459	35000	4	0.014795
(1,64)(13265,23109)(10000,60000)	NODE_1922_length_23710_cov_3.707552	35000	65	0.038238
(11,22)(12262,12303)(10000,60000)	NODE_1936_length_23677_cov_3.578336	35000	13	0.044576
(1,36)(13982,23127)(10000,60000)	NODE_1941_length_23656_cov_3.796961	35000	37	0.090161
(16,152)(20746,23504)(10000,60000)	NODE_1942_length_23651_cov_3.065175	35000	138	0.026474
(2,9)(23549,23636)(10000,60000)	NODE_1947_length_23645_cov_3.407330	35000	9	0.021703
(12,13)(33740,33743)(30000,80000)	NODE_194_length_41962_cov_3.628741	55000	3	0.073848
(14,88)(14742,17609)(10000,60000)	NODE_1950_length_23628_cov_3.900761	35000	76	0.040718
(54,54)(14795,14795)(10000,60000)	NODE_1951_length_23627_cov_3.914272	35000	2	0.056564
(28,64)(11139,12052)(10000,60000)	NODE_1952_length_23626_cov_3.223615	35000	38	0.092338
(17,17)(22316,22316)(20000,70000)	NODE_1955_length_23621_cov_3.672264	45000	2	0.089695
(1,53)(15889,34994)(10000,60000)	NODE_195_length_41947_cov_3.267444	35000	54	0.058648
(10,21)(16306,21264)(10000,60000)	NODE_1967_length_23557_cov_3.434095	35000	13	0.071241
(2,2)(20041,20041)(20000,70000)	NODE_1971_length_23540_cov_3.464869	45000	2	0.007187
(5,18)(18927,18974)(10000,60000)	NODE_1972_length_23539_cov_3.373763	35000	15	0.017840
(2,3)(21099,21834)(20000,70000)	NODE_1975_length_23526_cov_3.953985	45000	3	0.077621
(1,38)(23294,23463)(10000,60000)	NODE_1977_length_23525_cov_3.497994	35000	39	0.044562
(1,58)(23588,24477)(10000,60000)	NODE_197_length_41809_cov_3.756749	35000	59	0.045842
(3,11)(21040,21067)(20000,70000)	NODE_1987_length_23501_cov_3.723613	45000	10	0.027473
(8,8)(15435,15435)(10000,60000)	NODE_1991_length_23474_cov_3.612706	35000	2	0.068412
(2,76)(10631,19397)(10000,60000)	NODE_1993_length_23472_cov_3.038420	35000	76	0.074536
(39,52)(14437,14536)(10000,60000)	NODE_2008_length_23441_cov_3.155000	35000	15	0.032555
(3,14)(23375,23405)(10000,60000)	NODE_2009_length_23441_cov_3.112287	35000	13	0.010091
(32,48)(10671,11064)(10000,60000)	NODE_2010_length_23440_cov_3.802365	35000	18	0.034044
(58,572)(12934,22398)(10000,60000)	NODE_2015_length_23411_cov_6.544012	35000	516	0.064976
(15,15)(22999,22999)(10000,60000)	NODE_2020_length_23387_cov_3.698385	35000	2	-0.006533
(4,7)(20304,22730)(20000,70000)	NODE_2028_length_23378_cov_3.647064	45000	5	0.039961
(6,6)(23366,23366)(20000,70000)	NODE_2031_length_23374_cov_3.216241	45000	2	0.049985
(2,6)(15434,15458)(10000,60000)	NODE_2033_length_23363_cov_3.723994	35000	6	0.045822
(26,74)(15306,20786)(10000,60000)	NODE_2036_length_23353_cov_3.162553	35000	50	0.032639
(1,3)(13383,15864)(10000,60000)	NODE_2037_length_23349_cov_3.449118	35000	4	0.046647
(4,17)(16091,16262)(10000,60000)	NODE_2039_length_23349_cov_3.240516	35000	15	0.012513
(5,5)(40721,40721)(30000,80000)	NODE_203_length_41539_cov_3.451375	55000	2	0.031075
(1,2)(14045,14046)(10000,60000)	NODE_2041_length_23343_cov_3.708312	35000	3	0.005307
(18,58)(22965,23313)(10000,60000)	NODE_2052_length_23320_cov_3.296111	35000	42	0.014334
(6,11)(12827,16895)(10000,60000)	NODE_2054_length_23312_cov_3.852540	35000	7	0.109166
(86,90)(26189,41218)(10000,60000)	NODE_205_length_41392_cov_3.439324	35000	6	0.456614
(1,13)(11368,16138)(10000,60000)	NODE_2063_length_23296_cov_3.365306	35000	14	0.015861
(2,140)(21426,22879)(10000,60000)	NODE_2065_length_23288_cov_3.860969	35000	140	0.050778
(1,2)(17852,17855)(10000,60000)	NODE_2066_length_23283_cov_3.392512	35000	3	0.113963
(211,212)(14118,14120)(10000,60000)	NODE_2078_length_23248_cov_4.591861	35000	3	0.013919
(26,55)(13510,13606)(10000,60000)	NODE_2083_length_23235_cov_3.607063	35000	31	0.037116
(14,69)(10072,21403)(10000,60000)	NODE_2084_length_23229_cov_3.384609	35000	57	0.033150
(4,7)(23138,23218)(10000,60000)	NODE_2085_length_23227_cov_3.189813	35000	5	0.065396
(3,3)(17786,17786)(10000,60000)	NODE_2088_length_23215_cov_3.442594	35000	2	0.048880
(46,57)(20000,20016)(20000,70000)	NODE_2096_length_23194_cov_3.071487	45000	13	0.067765
(8,14)(10748,36389)(10000,60000)	NODE_20_length_62940_cov_3.656116	35000	8	0.034452
(1,34)(20995,21389)(10000,60000)	NODE_2100_length_23175_cov_3.174684	35000	35	0.027839
(2,3)(15441,17797)(10000,60000)	NODE_2105_length_23145_cov_3.964115	35000	3	0.033935
(2,5)(11693,11707)(10000,60000)	NODE_2106_length_23143_cov_3.410128	35000	5	0.065081
(2,16)(40094,41258)(20000,70000)	NODE_210_length_41304_cov_3.810897	45000	16	0.036555
(3,17)(11454,12090)(10000,60000)	NODE_2113_length_23116_cov_2.968806	35000	16	0.002117
(9,45)(20460,20542)(10000,60000)	NODE_2114_length_23115_cov_3.352059	35000	38	0.030813
(1,1)(13958,13958)(10000,60000)	NODE_2119_length_23088_cov_3.596329	35000	2	0.022214
(1,17)(35695,36391)(20000,70000)	NODE_211_length_41295_cov_3.722716	45000	18	0.014579
(4,63)(10341,12042)(10000,60000)	NODE_2127_length_23063_cov_3.184593	35000	61	0.046781
(1,31)(15397,28970)(10000,60000)	NODE_212_length_41266_cov_3.543712	35000	32	0.017275
(13,13)(14149,14149)(10000,60000)	NODE_2131_length_23054_cov_3.285167	35000	2	0.008226
(2,2)(17463,17463)(10000,60000)	NODE_2135_length_23038_cov_3.238502	35000	2	0.073592
(4,18)(13132,22890)(10000,60000)	NODE_2137_length_23036_cov_3.852553	35000	16	0.032415
(6,29)(17257,19133)(10000,60000)	NODE_2141_length_23022_cov_3.352223	35000	25	0.050399
(8,51)(15436,21483)(10000,60000)	NODE_2142_length_23022_cov_3.276273	35000	45	0.048645
(11,21)(20004,20199)(20000,70000)	NODE_2145_length_23013_cov_3.760583	45000	12	0.013457
(1,10)(22898,22977)(10000,60000)	NODE_2146_length_22991_cov_3.658527	35000	11	0.129492
(45,56)(10949,32715)(10000,60000)	NODE_214_length_41232_cov_3.405101	35000	13	0.064975
(7,8)(15771,15774)(10000,60000)	NODE_2150_length_22960_cov_3.690915	35000	3	0.141432
(1,1)(18897,18897)(10000,60000)	NODE_2154_length_22936_cov_3.672812	35000	2	0.140197
(2,2)(15322,15322)(10000,60000)	NODE_2156_length_22933_cov_4.148200	35000	2	0.023736
(13,18)(16358,16817)(10000,60000)	NODE_2162_length_22917_cov_3.674073	35000	7	0.060512
(8,32)(16146,17615)(10000,60000)	NODE_2165_length_22907_cov_3.632892	35000	26	0.113663
(1,8)(21960,22008)(20000,70000)	NODE_2166_length_22907_cov_3.263942	45000	9	0.085431
(73,77)(19527,21904)(10000,60000)	NODE_2167_length_22907_cov_3.160996	35000	6	0.055940
(11,13)(22396,40857)(10000,60000)	NODE_216_length_41182_cov_3.547355	35000	4	0.085625
(1,3)(16373,16383)(10000,60000)	NODE_2173_length_22884_cov_3.231951	35000	4	0.008180
(1,5)(16481,16498)(10000,60000)	NODE_2181_length_22843_cov_3.586308	35000	6	0.063305
(4,8)(20698,20728)(10000,60000)	NODE_2182_length_22843_cov_3.514377	35000	6	0.009308
(11,11)(17978,17978)(10000,60000)	NODE_2183_length_22841_cov_3.114942	35000	2	0.034932
(5,5)(22618,22618)(20000,70000)	NODE_2184_length_22837_cov_3.554710	45000	2	0.014557
(16,58)(14038,14491)(10000,60000)	NODE_2187_length_22822_cov_2.973815	35000	44	0.041809
(5,7)(22769,22785)(10000,60000)	NODE_2193_length_22799_cov_3.292731	35000	4	0.045475
(33,54)(19830,19990)(10000,60000)	NODE_2197_length_22794_cov_3.734303	35000	23	0.026608
(13,14)(55478,55493)(20000,70000)	NODE_21_length_62915_cov_4.070778	45000	3	0.043319
(119,150)(13679,19275)(10000,60000)	NODE_2200_length_22783_cov_24.466981	35000	33	0.071607
(40,122)(20138,21240)(20000,70000)	NODE_2201_length_22777_cov_3.334906	45000	84	0.026518
(2,4)(10137,10139)(10000,60000)	NODE_2202_length_22771_cov_4.021745	35000	4	0.018322
(2,3)(21667,21669)(20000,70000)	NODE_2203_length_22771_cov_3.620545	45000	3	0.009610
(1,2)(18640,18646)(10000,60000)	NODE_2205_length_22768_cov_3.500375	35000	3	0.020570
(1,44)(13664,22222)(10000,60000)	NODE_2209_length_22758_cov_3.893376	35000	45	0.056364
(55,55)(36390,36390)(20000,70000)	NODE_220_length_40996_cov_6.368976	45000	2	-0.001297
(1,1)(22513,22513)(10000,60000)	NODE_2211_length_22751_cov_3.986491	35000	2	0.010816
(12,13)(17258,17264)(10000,60000)	NODE_2215_length_22722_cov_2.987623	35000	3	0.024934
(5,23)(19426,40006)(10000,60000)	NODE_221_length_40988_cov_3.832180	35000	20	0.055458
(35,39)(19672,22611)(10000,60000)	NODE_2222_length_22698_cov_3.552901	35000	6	0.060880
(2,5)(20642,20667)(20000,70000)	NODE_2223_length_22697_cov_3.866802	45000	5	0.104407
(18,119)(12566,20887)(10000,60000)	NODE_2224_length_22695_cov_3.639272	35000	103	0.054040
(27,35)(18800,18861)(10000,60000)	NODE_2227_length_22693_cov_3.205497	35000	10	0.032653
(3,13)(10953,22346)(10000,60000)	NODE_2229_length_22689_cov_3.043338	35000	12	0.043731
(1,2)(30647,30652)(30000,80000)	NODE_222_length_40987_cov_3.563442	55000	3	0.024957
(3,4)(21496,21503)(10000,60000)	NODE_2236_length_22668_cov_3.905047	35000	3	0.050611
(6,7)(21055,21056)(20000,70000)	NODE_2237_length_22664_cov_3.038688	45000	3	0.035530
(28,31)(27066,28267)(10000,60000)	NODE_223_length_40943_cov_3.337038	35000	5	0.056132
(89,96)(21602,21646)(20000,70000)	NODE_2243_length_22647_cov_3.440970	45000	9	0.027535
(5,9)(19335,19354)(10000,60000)	NODE_2248_length_22632_cov_3.084942	35000	6	0.089255
(5,52)(20870,22462)(20000,70000)	NODE_2254_length_22611_cov_3.999689	45000	49	0.067578
(5,6)(11296,11308)(10000,60000)	NODE_225_length_40865_cov_3.547196	35000	3	0.051589
(12,43)(22462,22543)(10000,60000)	NODE_2262_length_22577_cov_3.583103	35000	33	0.038434
(2,2)(18786,18786)(10000,60000)	NODE_2263_length_22576_cov_3.642612	35000	2	0.020190
(4,34)(11451,11986)(10000,60000)	NODE_2266_length_22567_cov_3.292460	35000	32	0.062543
(234,289)(10551,18934)(10000,60000)	NODE_2267_length_22565_cov_4.519585	35000	57	0.032082
(14,36)(20735,21372)(20000,70000)	NODE_2282_length_22530_cov_3.323882	45000	24	0.013151
(51,51)(17180,17180)(10000,60000)	NODE_2284_length_22526_cov_3.688144	35000	2	0.023718
(2,8)(14762,16320)(10000,60000)	NODE_2285_length_22524_cov_3.620691	35000	8	0.045138
(9,9)(11205,11205)(10000,60000)	NODE_2299_length_22473_cov_3.306293	35000	2	-0.004018
(6,99)(11220,22099)(10000,60000)	NODE_2309_length_22453_cov_3.516194	35000	95	0.057625
(43,50)(12890,12922)(10000,60000)	NODE_2310_length_22451_cov_3.568540	35000	9	0.016398
(1,43)(11901,17158)(10000,60000)	NODE_2315_length_22444_cov_3.461535	35000	44	0.047169
(5,38)(15442,22381)(10000,60000)	NODE_2316_length_22440_cov_3.847097	35000	35	0.025616
(1,1)(20898,20898)(10000,60000)	NODE_2319_length_22429_cov_2.910255	35000	2	0.021880
(6,8)(21505,21515)(20000,70000)	NODE_2326_length_22406_cov_3.347828	45000	4	0.047476
(169,171)(10055,10077)(10000,60000)	NODE_2327_length_22397_cov_3.920038	35000	4	0.042679
(1,2)(22273,22274)(20000,70000)	NODE_2328_length_22386_cov_3.394894	45000	3	0.038863
(105,105)(18412,18412)(10000,60000)	NODE_2330_length_22382_cov_3.444240	35000	2	0.078506
(3,4)(20914,20937)(20000,70000)	NODE_2336_length_22369_cov_3.443152	45000	3	0.001076
(2,82)(11364,18397)(10000,60000)	NODE_2342_length_22338_cov_3.744503	35000	82	0.056163
(29,31)(15275,15289)(10000,60000)	NODE_2347_length_22311_cov_4.299478	35000	4	0.024368
(65,65)(40551,40551)(20000,70000)	NODE_234_length_40623_cov_3.740993	45000	2	-0.013888
(23,33)(13215,13276)(10000,60000)	NODE_2354_length_22296_cov_2.952606	35000	12	0.025910
(5,14)(13569,13602)(10000,60000)	NODE_2355_length_22289_cov_3.467373	35000	11	0.032949
(15,26)(11465,11973)(10000,60000)	NODE_2358_length_22285_cov_3.238258	35000	13	0.025265
(1,11)(21138,21173)(10000,60000)	NODE_2368_length_22267_cov_2.873376	35000	12	0.132661
(17,23)(14685,17902)(10000,60000)	NODE_2375_length_22237_cov_3.290044	35000	8	0.032804
(1,10)(35932,36425)(30000,80000)	NODE_237_length_40499_cov_3.593960	55000	11	0.012884
(8,25)(22055,22094)(10000,60000)	NODE_2383_length_22208_cov_3.370121	35000	19	0.088460
(4,5)(21096,21110)(10000,60000)	NODE_2392_length_22188_cov_3.931187	35000	3	0.029159
(2,4)(21901,21992)(10000,60000)	NODE_2393_length_22185_cov_3.751290	35000	4	0.054441
(1,116)(11142,22165)(10000,60000)	NODE_2399_length_22167_cov_5.915534	35000	117	0.044424
(1,2)(59223,59232)(50000,100000)	NODE_23_length_62712_cov_3.854311	75000	3	0.053960
(19,19)(16355,16355)(10000,60000)	NODE_2400_length_22167_cov_3.413540	35000	2	0.071399
(1,24)(11852,14430)(10000,60000)	NODE_2405_length_22153_cov_3.091639	35000	25	0.072087
(116,202)(20000,21279)(20000,70000)	NODE_2407_length_22151_cov_4.103392	45000	88	0.029625
(214,244)(16877,20356)(10000,60000)	NODE_2408_length_22149_cov_5.104036	35000	32	0.065185
(41,62)(15051,20011)(10000,60000)	NODE_2409_length_22149_cov_3.958549	35000	23	0.034625
(16,23)(12830,19907)(10000,60000)	NODE_2412_length_22130_cov_3.468068	35000	9	0.034216
(4,5)(13826,21995)(10000,60000)	NODE_2413_length_22127_cov_5.007127	35000	3	0.080637
(3,59)(15028,16458)(10000,60000)	NODE_2415_length_22120_cov_3.141410	35000	58	0.044089
(5,34)(20690,21287)(10000,60000)	NODE_2416_length_22112_cov_3.554627	35000	31	0.028603
(70,101)(13550,23327)(10000,60000)	NODE_241_length_40304_cov_3.826216	35000	33	0.053470
(23,28)(16481,21900)(10000,60000)	NODE_2423_length_22088_cov_2.968575	35000	7	0.045709
(11,23)(30003,37226)(30000,80000)	NODE_242_length_40221_cov_3.521833	55000	14	0.070271
(82,85)(21958,21993)(10000,60000)	NODE_2430_length_22073_cov_3.833166	35000	5	0.005588
(3,13)(15016,15042)(10000,60000)	NODE_2431_length_22073_cov_3.105625	35000	12	0.034922
(3,5)(21832,21837)(10000,60000)	NODE_2435_length_22058_cov_3.213580	35000	4	0.044037
(2,35)(26347,26510)(10000,60000)	NODE_243_length_40212_cov_3.498691	35000	35	0.031482
(11,11)(22028,22028)(10000,60000)	NODE_2440_length_22050_cov_3.160904	35000	2	0.083188
(1,2)(40118,40170)(10000,60000)	NODE_244_length_40172_cov_3.395403	35000	3	0.053903
(2,4)(12758,17035)(10000,60000)	NODE_2452_length_22008_cov_4.014195	35000	4	0.049861
(39,42)(17083,21885)(10000,60000)	NODE_2454_length_22003_cov_3.152666	35000	5	0.041103
(22,42)(20148,20278)(20000,70000)	NODE_2467_length_21973_cov_3.422876	45000	22	0.028580
(2,9)(18529,32798)(10000,60000)	NODE_246_length_40147_cov_3.588469	35000	9	0.015883
(41,41)(21710,21710)(10000,60000)	NODE_2473_length_21965_cov_3.426873	35000	2	0.090602
(40,42)(12721,17929)(10000,60000)	NODE_2485_length_21923_cov_3.348836	35000	4	0.145461
(17,32)(23967,40075)(20000,70000)	NODE_248_length_40096_cov_3.410331	45000	17	0.018154
(10,15)(11116,21858)(10000,60000)	NODE_2490_length_21892_cov_6.635020	35000	7	0.115746
(1,4)(11529,21243)(10000,60000)	NODE_2493_length_21876_cov_3.664463	35000	5	0.046129
(4,7)(12372,12393)(10000,60000)	NODE_2495_length_21872_cov_3.452257	35000	5	0.009673
(1,1)(11682,11682)(10000,60000)	NODE_2497_length_21870_cov_3.377199	35000	2	0.027015
(3,369)(15341,21758)(10000,60000)	NODE_2498_length_21865_cov_4.465267	35000	368	0.059581
(3,3)(20931,20931)(10000,60000)	NODE_2500_length_21863_cov_3.866385	35000	2	-0.006507
(20,41)(20086,20239)(20000,70000)	NODE_2506_length_21847_cov_3.256253	45000	23	0.025722
(6,54)(11125,21819)(10000,60000)	NODE_2507_length_21842_cov_2.864692	35000	50	0.042648
(2,4)(21182,21223)(10000,60000)	NODE_2508_length_21839_cov_3.473689	35000	4	0.069468
(4,23)(16610,20561)(10000,60000)	NODE_2512_length_21833_cov_2.887780	35000	21	0.120844
(3,3)(19488,19488)(10000,60000)	NODE_2525_length_21800_cov_3.494678	35000	2	-0.003485
(29,200)(10074,21790)(10000,60000)	NODE_2527_length_21796_cov_5.725077	35000	173	0.024726
(26,26)(20551,20551)(20000,70000)	NODE_2528_length_21795_cov_3.751337	45000	2	0.058859
(26,26)(10788,10788)(10000,60000)	NODE_2531_length_21785_cov_3.119524	35000	2	0.005003
(6,6)(21649,21649)(10000,60000)	NODE_2536_length_21769_cov_3.682787	35000	2	0.032146
(1,39)(35171,39872)(30000,80000)	NODE_253_length_39913_cov_3.491737	55000	40	0.020891
(35,98)(12939,21314)(10000,60000)	NODE_2542_length_21733_cov_3.803458	35000	65	0.048281
(1,3)(13935,13937)(10000,60000)	NODE_2548_length_21728_cov_3.074853	35000	4	0.022907
(16,19)(39615,39652)(10000,60000)	NODE_254_length_39835_cov_3.546406	35000	5	0.041071
(20,52)(10318,21715)(10000,60000)	NODE_2552_length_21725_cov_2.920050	35000	34	0.045499
(18,23)(10003,10015)(10000,60000)	NODE_2558_length_21711_cov_3.569313	35000	7	-0.003229
(10,33)(32673,32877)(10000,60000)	NODE_256_length_39785_cov_3.310009	35000	25	0.067279
(13,65)(20602,21284)(10000,60000)	NODE_2572_length_21680_cov_3.501043	35000	54	0.017446
(25,32)(11256,11350)(10000,60000)	NODE_2578_length_21669_cov_3.551089	35000	9	0.046803
(10,201)(10811,39717)(10000,60000)	NODE_257_length_39774_cov_3.819660	35000	193	0.042329
(5,14)(21375,21486)(20000,70000)	NODE_2583_length_21641_cov_3.773559	45000	11	-0.002831
(145,190)(13315,13394)(10000,60000)	NODE_2587_length_21629_cov_3.080260	35000	47	0.055308
(1,7)(14958,16102)(10000,60000)	NODE_2591_length_21616_cov_3.732769	35000	8	0.058105
(3,4)(13519,20805)(10000,60000)	NODE_2592_length_21616_cov_3.043408	35000	3	0.042221
(1,1)(15389,15389)(10000,60000)	NODE_2596_length_21611_cov_2.982057	35000	2	0.000632
(4,82)(38022,39682)(10000,60000)	NODE_259_length_39722_cov_3.510991	35000	80	0.051855
(6,9)(19948,21061)(10000,60000)	NODE_2600_length_21603_cov_3.160668	35000	5	0.042985
(21,97)(20573,20936)(20000,70000)	NODE_2608_length_21566_cov_3.273583	45000	78	0.033585
(4,11)(10646,10998)(10000,60000)	NODE_2612_length_21551_cov_3.788784	35000	9	0.078342
(9,37)(21120,21260)(10000,60000)	NODE_2613_length_21549_cov_3.472354	35000	30	0.043033
(2,6)(21313,21491)(10000,60000)	NODE_2618_length_21515_cov_2.944294	35000	6	0.039611
(9,18)(21103,38933)(10000,60000)	NODE_261_length_39676_cov_3.651136	35000	11	0.035671
(1,3)(19580,20929)(10000,60000)	NODE_2622_length_21508_cov_3.421178	35000	4	0.106352
(1,17)(20839,20997)(20000,70000)	NODE_2623_length_21507_cov_3.711837	45000	18	0.050530
(60,69)(10919,17312)(10000,60000)	NODE_2624_length_21506_cov_3.062877	35000	11	0.034323
(42,69)(11946,17005)(10000,60000)	NODE_2625_length_21502_cov_2.959772	35000	29	0.047843
(1,2)(13503,13514)(10000,60000)	NODE_2629_length_21484_cov_3.397849	35000	3	-0.009043
(25,99)(16000,20905)(10000,60000)	NODE_2635_length_21470_cov_3.424922	35000	76	0.049903
(7,8)(21379,21459)(20000,70000)	NODE_2637_length_21467_cov_3.488253	45000	3	0.038405
(16,23)(16326,16345)(10000,60000)	NODE_2639_length_21464_cov_3.432062	35000	9	0.048858
(3,17)(12633,14870)(10000,60000)	NODE_2649_length_21447_cov_3.563659	35000	16	0.184348
(15,17)(12653,12697)(10000,60000)	NODE_264_length_39637_cov_3.850524	35000	4	0.009705
(3,9)(11443,11596)(10000,60000)	NODE_2651_length_21446_cov_3.361831	35000	8	0.044836
(3,11)(12784,13408)(10000,60000)	NODE_2658_length_21440_cov_3.790966	35000	10	0.210014
(22,24)(21069,21434)(20000,70000)	NODE_2659_length_21438_cov_4.253901	45000	4	0.013125
(36,79)(11739,14625)(10000,60000)	NODE_2660_length_21438_cov_3.339754	35000	45	0.036898
(26,55)(19866,21224)(10000,60000)	NODE_2663_length_21431_cov_3.382524	35000	31	0.033965
(18,18)(20009,20009)(20000,70000)	NODE_2666_length_21422_cov_3.841392	45000	2	-0.004761
(15,52)(16972,17161)(10000,60000)	NODE_2671_length_21406_cov_3.949594	35000	39	0.058689
(1,48)(20845,21114)(20000,70000)	NODE_2672_length_21406_cov_3.854039	45000	49	0.041068
(1,11)(11986,12074)(10000,60000)	NODE_2679_length_21393_cov_3.180332	35000	12	0.062669
(4,11)(36229,36405)(10000,60000)	NODE_267_length_39608_cov_3.824141	35000	9	0.019000
(18,29)(19503,19552)(10000,60000)	NODE_2680_length_21390_cov_3.404678	35000	13	0.017096
(392,408)(20501,20582)(20000,70000)	NODE_2689_length_21357_cov_7.468059	45000	18	0.052220
(33,41)(14597,14695)(10000,60000)	NODE_2692_length_21355_cov_3.010915	35000	10	0.011281
(46,67)(16022,16225)(10000,60000)	NODE_2695_length_21341_cov_3.617786	35000	23	0.042521
(10,72)(19196,20587)(10000,60000)	NODE_2699_length_21327_cov_3.182966	35000	64	0.048748
(3,71)(31703,40376)(30000,80000)	NODE_26_length_62198_cov_3.948244	55000	70	0.069067
(14,19)(20845,20851)(20000,70000)	NODE_2705_length_21310_cov_3.377776	45000	7	0.033991
(4,55)(13948,18420)(10000,60000)	NODE_2710_length_21289_cov_3.121520	35000	53	0.047385
(1,3)(35071,35082)(10000,60000)	NODE_271_length_39475_cov_3.692782	35000	4	0.100650
(1,7)(19619,19679)(10000,60000)	NODE_2722_length_21254_cov_3.664713	35000	8	0.038792
(3,13)(18770,20862)(10000,60000)	NODE_2739_length_21215_cov_3.774579	35000	12	0.100452
(2,11)(16275,16356)(10000,60000)	NODE_2748_length_21179_cov_3.186575	35000	11	0.042387
(6,7)(14648,14655)(10000,60000)	NODE_2753_length_21155_cov_3.539609	35000	3	0.062157
(1,3)(18671,18674)(10000,60000)	NODE_2755_length_21153_cov_3.567873	35000	4	0.063222
(2,118)(11907,19804)(10000,60000)	NODE_2759_length_21132_cov_3.062949	35000	118	0.035639
(6,9)(10131,17866)(10000,60000)	NODE_2760_length_21131_cov_3.413655	35000	5	0.018245
(1,64)(15174,20060)(10000,60000)	NODE_2764_length_21121_cov_3.360955	35000	65	0.043144
(72,113)(10489,18732)(10000,60000)	NODE_2765_length_21120_cov_4.716807	35000	43	0.090806
(6,6)(10555,10555)(10000,60000)	NODE_2775_length_21102_cov_3.442270	35000	2	0.055486
(1,1)(18437,18437)(10000,60000)	NODE_2779_length_21096_cov_3.446016	35000	2	0.086679
(56,56)(25058,25058)(10000,60000)	NODE_277_length_39290_cov_4.725957	35000	2	0.075741
(31,34)(11860,14895)(10000,60000)	NODE_2784_length_21082_cov_3.164752	35000	5	-0.001782
(10,16)(11980,20973)(10000,60000)	NODE_2792_length_21060_cov_3.203521	35000	8	0.056976
(5,26)(12349,15660)(10000,60000)	NODE_2797_length_21033_cov_3.294449	35000	23	0.055095
(11,31)(25729,33709)(20000,70000)	NODE_279_length_39279_cov_3.387928	45000	22	0.070179
(1,5)(40332,40383)(40000,90000)	NODE_27_length_61975_cov_3.526909	65000	6	0.056195
(5,5)(12743,12743)(10000,60000)	NODE_2814_length_20996_cov_3.678375	35000	2	0.043275
(44,62)(14866,15085)(10000,60000)	NODE_2817_length_20985_cov_3.812506	35000	20	0.091569
(9,9)(17651,17651)(10000,60000)	NODE_2824_length_20965_cov_3.684223	35000	2	0.056357
(16,50)(10173,16046)(10000,60000)	NODE_2826_length_20961_cov_3.164606	35000	36	0.039748
(92,93)(11657,11660)(10000,60000)	NODE_2829_length_20957_cov_3.430386	35000	3	0.006858
(4,6)(26993,34697)(10000,60000)	NODE_283_length_39212_cov_3.763940	35000	4	0.523792
(40,42)(16199,16308)(10000,60000)	NODE_2844_length_20909_cov_3.140846	35000	4	0.009523
(53,53)(17033,17033)(10000,60000)	NODE_2845_length_20906_cov_3.366463	35000	2	0.025662
(12,15)(14329,14352)(10000,60000)	NODE_2849_length_20897_cov_3.181700	35000	5	0.044077
(1,17)(15392,19794)(10000,60000)	NODE_2853_length_20894_cov_3.275643	35000	18	0.035980
(8,8)(15402,15402)(10000,60000)	NODE_2857_length_20874_cov_3.761781	35000	2	-0.000991
(28,34)(20824,20853)(20000,70000)	NODE_2858_length_20874_cov_3.032347	45000	8	0.027254
(4,14)(15828,16036)(10000,60000)	NODE_2859_length_20866_cov_2.817210	35000	12	0.026447
(3,3)(13040,13040)(10000,60000)	NODE_2860_length_20861_cov_3.250506	35000	2	0.037960
(12,46)(11733,11904)(10000,60000)	NODE_2861_length_20859_cov_4.020087	35000	36	0.033418
(4,14)(20001,20034)(20000,70000)	NODE_2870_length_20838_cov_3.095665	45000	12	0.013928
(1,1)(16962,16962)(10000,60000)	NODE_2872_length_20824_cov_3.276912	35000	2	-0.013248
(10,24)(30446,30518)(30000,80000)	NODE_288_length_39096_cov_3.478780	55000	16	0.074941
(5,15)(12075,12737)(10000,60000)	NODE_2895_length_20768_cov_4.824955	35000	12	0.012428
(20,153)(16093,19001)(10000,60000)	NODE_2897_length_20763_cov_7.886469	35000	135	0.047185
(6,7)(28243,29388)(20000,70000)	NODE_289_length_38969_cov_3.550707	45000	3	0.110524
(2,2)(53036,53036)(20000,70000)	NODE_28_length_61056_cov_3.169300	45000	2	0.015283
(5,66)(18483,18946)(10000,60000)	NODE_290_length_38949_cov_3.720772	35000	63	0.039808
(10,18)(20683,20721)(10000,60000)	NODE_2914_length_20728_cov_3.621892	35000	10	0.019849
(28,29)(20541,20542)(20000,70000)	NODE_2915_length_20716_cov_3.912451	45000	3	0.064020
(2,5)(12204,12217)(10000,60000)	NODE_291_length_38859_cov_3.870666	35000	5	0.057842
(3,3)(20316,20316)(10000,60000)	NODE_2931_length_20683_cov_2.870288	35000	2	0.026679
(2,12)(20583,20658)(10000,60000)	NODE_2932_length_20682_cov_3.606666	35000	12	0.021798
(1,10)(17725,17759)(10000,60000)	NODE_2933_length_20681_cov_3.329171	35000	11	0.001864
(3,22)(10477,17997)(10000,60000)	NODE_2937_length_20672_cov_3.236815	35000	21	0.033584
(4,7)(20408,20434)(20000,70000)	NODE_2943_length_20653_cov_3.416756	45000	5	0.111965
(13,83)(11715,17276)(10000,60000)	NODE_2969_length_20597_cov_3.641331	35000	72	0.046403
(5,6)(14050,14053)(10000,60000)	NODE_2973_length_20589_cov_3.211518	35000	3	0.077841
(6,8)(16754,29555)(10000,60000)	NODE_297_length_38712_cov_3.737809	35000	4	-0.000093
(1,12)(20413,20458)(10000,60000)	NODE_2984_length_20559_cov_3.414614	35000	13	0.034589
(2,5)(13489,13523)(10000,60000)	NODE_2985_length_20557_cov_3.464610	35000	5	0.071172
(1,101)(10244,11495)(10000,60000)	NODE_2987_length_20553_cov_3.672631	35000	102	0.036085
(6,6)(20352,20352)(20000,70000)	NODE_2988_length_20546_cov_3.463540	45000	2	0.024135
(52,113)(14520,18968)(10000,60000)	NODE_2990_length_20541_cov_3.762694	35000	63	0.051235
(40,44)(16686,16733)(10000,60000)	NODE_2991_length_20541_cov_3.582379	35000	6	0.153107
(77,114)(13486,13907)(10000,60000)	NODE_2998_length_20527_cov_3.495154	35000	39	0.040397
(337,337)(28442,28442)(10000,60000)	NODE_299_length_38697_cov_16.074797	35000	2	0.015922
(4,4)(32201,32201)(10000,60000)	NODE_29_length_60093_cov_3.565107	35000	2	0.015052
(6,6)(19568,19568)(10000,60000)	NODE_3006_length_20500_cov_3.750846	35000	2	0.047832
(3,8)(15121,15333)(10000,60000)	NODE_3008_length_20495_cov_3.849922	35000	7	0.014955
(1,10)(18441,30790)(10000,60000)	NODE_300_length_38681_cov_3.598880	35000	11	0.009658
(4,4)(20338,20338)(20000,70000)	NODE_3017_length_20467_cov_3.485909	45000	2	-0.009502
(45,53)(11153,17974)(10000,60000)	NODE_3022_length_20462_cov_2.953249	35000	10	0.041822
(1,23)(17524,20456)(10000,60000)	NODE_3023_length_20460_cov_3.401650	35000	24	0.028840
(7,7)(19465,19465)(10000,60000)	NODE_3025_length_20457_cov_3.904411	35000	2	0.103628
(8,9)(16625,17053)(10000,60000)	NODE_3042_length_20414_cov_3.570071	35000	3	0.061616
(23,24)(11335,11369)(10000,60000)	NODE_3044_length_20402_cov_4.037433	35000	3	0.014749
(2,25)(20082,20362)(20000,70000)	NODE_3046_length_20399_cov_3.393892	45000	25	0.043516
(2,5)(27310,27328)(10000,60000)	NODE_304_length_38574_cov_3.656790	35000	5	0.044117
(6,6)(18144,18144)(10000,60000)	NODE_3056_length_20372_cov_3.509199	35000	2	0.054861
(29,40)(19069,19773)(10000,60000)	NODE_3058_length_20365_cov_3.324139	35000	13	0.073270
(10,27)(27013,27296)(10000,60000)	NODE_305_length_38567_cov_3.574114	35000	19	0.078590
(25,37)(13780,20107)(10000,60000)	NODE_3062_length_20361_cov_3.324203	35000	14	0.045152
(4,13)(12461,12507)(10000,60000)	NODE_3069_length_20346_cov_3.512026	35000	11	0.018930
(1,6)(12238,12561)(10000,60000)	NODE_3070_length_20346_cov_3.502346	35000	7	0.023327
(6,14)(12287,20338)(10000,60000)	NODE_3071_length_20345_cov_3.567668	35000	10	0.020035
(47,53)(14476,14556)(10000,60000)	NODE_3074_length_20340_cov_3.533076	35000	8	0.023475
(1,2)(21489,21506)(10000,60000)	NODE_307_length_38514_cov_3.740492	35000	3	0.127005
(100,232)(15024,17021)(10000,60000)	NODE_3083_length_20326_cov_5.305186	35000	134	0.052976
(9,9)(19977,19977)(10000,60000)	NODE_3095_length_20306_cov_3.354085	35000	2	-0.004025
(1,135)(11453,20217)(10000,60000)	NODE_3098_length_20294_cov_3.157267	35000	136	0.043691
(50,146)(26838,38478)(10000,60000)	NODE_309_length_38491_cov_3.634924	35000	98	0.046258
(2,2)(19950,19950)(10000,60000)	NODE_3100_length_20292_cov_3.393255	35000	2	-0.008358
(2,6)(13140,16206)(10000,60000)	NODE_3104_length_20282_cov_3.412674	35000	6	0.093473
(22,23)(13845,13851)(10000,60000)	NODE_3105_length_20280_cov_3.288985	35000	3	0.013205
(1,17)(20001,20049)(20000,70000)	NODE_3109_length_20277_cov_3.196303	45000	18	0.047001
(2,12)(37627,38008)(30000,80000)	NODE_310_length_38421_cov_4.250431	55000	12	0.056530
(21,26)(11270,11328)(10000,60000)	NODE_3111_length_20270_cov_3.377968	35000	7	0.001504
(170,241)(11152,19077)(10000,60000)	NODE_3112_length_20268_cov_4.920968	35000	73	0.071636
(88,133)(11091,19429)(10000,60000)	NODE_3119_length_20259_cov_9.200298	35000	47	0.061939
(22,23)(16251,16281)(10000,60000)	NODE_3121_length_20259_cov_3.082639	35000	3	0.058764
(31,51)(13581,20119)(10000,60000)	NODE_3122_length_20257_cov_3.013940	35000	22	0.051760
(3,4)(19531,19534)(10000,60000)	NODE_3125_length_20246_cov_3.800020	35000	3	0.127868
(36,62)(19034,20095)(10000,60000)	NODE_3145_length_20212_cov_3.401531	35000	28	0.080148
(2,6)(16988,20094)(10000,60000)	NODE_3148_length_20210_cov_3.790612	35000	6	0.066161
(61,91)(13117,13420)(10000,60000)	NODE_3152_length_20204_cov_3.620443	35000	32	0.076396
(1,1)(11695,11695)(10000,60000)	NODE_3155_length_20203_cov_3.197622	35000	2	0.018788
(23,61)(10707,17481)(10000,60000)	NODE_3157_length_20201_cov_3.381106	35000	40	0.033864
(3,147)(32840,38236)(10000,60000)	NODE_315_length_38335_cov_3.763547	35000	146	0.056690
(3,11)(14573,19796)(10000,60000)	NODE_3170_length_20171_cov_3.170237	35000	10	0.108741
(4,6)(10226,11420)(10000,60000)	NODE_3173_length_20164_cov_3.711288	35000	4	0.055513
(1,23)(10970,20014)(10000,60000)	NODE_3179_length_20145_cov_2.935000	35000	24	0.023300
(16,107)(10001,29276)(10000,60000)	NODE_317_length_38305_cov_3.427446	35000	93	0.026657
(19,21)(19555,19563)(10000,60000)	NODE_3181_length_20141_cov_3.391727	35000	4	-0.004259
(9,10)(19466,19469)(10000,60000)	NODE_3186_length_20131_cov_3.518071	35000	3	0.076480
(2,10)(12966,13037)(10000,60000)	NODE_3196_length_20112_cov_3.668366	35000	10	0.048521
(13,14)(12774,12783)(10000,60000)	NODE_3197_length_20103_cov_5.232154	35000	3	0.073120
(20,27)(33002,37864)(10000,60000)	NODE_319_length_38222_cov_3.113370	35000	9	0.041869
(1,44)(43509,50905)(40000,90000)	NODE_31_length_59470_cov_3.678884	65000	45	0.032656
(4,7)(13563,13568)(10000,60000)	NODE_3200_length_20100_cov_3.612119	35000	5	0.074858
(3,25)(19382,19907)(10000,60000)	NODE_3201_length_20098_cov_3.590230	35000	24	0.124078
(17,21)(10297,20066)(10000,60000)	NODE_3205_length_20090_cov_3.450003	35000	6	0.022198
(4,81)(17606,19434)(10000,60000)	NODE_3206_length_20089_cov_4.768084	35000	79	0.050290
(4,10)(10771,10802)(10000,60000)	NODE_3208_length_20088_cov_3.543649	35000	8	0.020189
(9,31)(25127,25328)(20000,70000)	NODE_320_length_38202_cov_3.878015	45000	24	0.064474
(1,29)(19207,19348)(10000,60000)	NODE_3212_length_20085_cov_3.417692	35000	30	0.044814
(16,16)(36678,36678)(10000,60000)	NODE_321_length_38109_cov_3.548014	35000	2	0.068310
(2,8)(10361,19924)(10000,60000)	NODE_3224_length_20059_cov_2.904810	35000	8	0.063965
(51,51)(11250,11250)(10000,60000)	NODE_3229_length_20043_cov_3.612365	35000	2	0.052525
(8,15)(10741,18741)(10000,60000)	NODE_3239_length_20020_cov_3.262537	35000	9	0.223427
(4,5)(18178,18179)(10000,60000)	NODE_3242_length_20014_cov_3.162591	35000	3	0.087456
(10,30)(18602,18971)(10000,60000)	NODE_3248_length_20002_cov_3.723358	35000	22	0.104532
(20,31)(28691,37937)(10000,60000)	NODE_326_length_37963_cov_3.443905	35000	13	0.081482
(2,21)(30308,36324)(20000,70000)	NODE_327_length_37950_cov_3.605374	45000	21	0.044015
(1,2)(18490,18496)(10000,60000)	NODE_329_length_37930_cov_3.397082	35000	3	0.019345
(2,10)(54492,54520)(10000,60000)	NODE_32_length_59289_cov_3.442845	35000	10	0.049969
(11,35)(34148,35374)(30000,80000)	NODE_330_length_37925_cov_3.476048	55000	26	0.034332
(8,15)(11182,37640)(10000,60000)	NODE_331_length_37867_cov_3.729295	35000	9	0.062441
(49,78)(29280,34707)(20000,70000)	NODE_333_length_37779_cov_3.312792	45000	31	0.040294
(1,5)(26325,26361)(20000,70000)	NODE_336_length_37673_cov_3.431761	45000	6	0.076955
(17,23)(21132,21219)(20000,70000)	NODE_339_length_37626_cov_3.445359	45000	8	0.067999
(28,91)(11787,39029)(10000,60000)	NODE_33_length_58250_cov_3.576826	35000	65	0.048375
(2,132)(32792,37247)(30000,80000)	NODE_342_length_37512_cov_4.667869	55000	132	0.036377
(50,66)(16989,24761)(10000,60000)	NODE_346_length_37457_cov_3.716955	35000	18	0.014022
(38,88)(27181,31529)(20000,70000)	NODE_347_length_37442_cov_3.486303	45000	52	0.057209
(5,6)(41539,41545)(20000,70000)	NODE_34_length_58130_cov_3.719667	45000	3	0.024309
(18,19)(18922,20027)(10000,60000)	NODE_351_length_37384_cov_3.658361	35000	3	0.159788
(2,2)(10816,10816)(10000,60000)	NODE_358_length_37236_cov_3.654496	35000	2	0.025267
(2,20)(12605,12951)(10000,60000)	NODE_359_length_37217_cov_3.567972	35000	20	0.023700
(2,29)(10097,54124)(10000,60000)	NODE_35_length_57784_cov_3.561099	35000	29	0.091589
(3,6)(34991,35024)(10000,60000)	NODE_362_length_37133_cov_3.294432	35000	5	0.061112
(43,137)(10504,35733)(10000,60000)	NODE_363_length_37030_cov_3.157456	35000	96	0.049746
(15,74)(10812,27190)(10000,60000)	NODE_364_length_37019_cov_3.835536	35000	61	0.040584
(1,21)(28381,34435)(10000,60000)	NODE_368_length_36820_cov_3.859944	35000	22	0.085014
(9,40)(11382,36536)(10000,60000)	NODE_372_length_36771_cov_3.200098	35000	33	0.072185
(1,11)(33248,36714)(20000,70000)	NODE_376_length_36727_cov_3.316780	45000	12	0.051610
(1,19)(36455,36608)(10000,60000)	NODE_379_length_36662_cov_3.885130	35000	20	0.080874
(1,10)(10257,35945)(10000,60000)	NODE_37_length_57386_cov_3.806239	35000	11	0.027753
(5,9)(20433,20495)(10000,60000)	NODE_380_length_36507_cov_3.656367	35000	6	0.060939
(48,137)(20027,20723)(20000,70000)	NODE_382_length_36485_cov_4.389216	45000	91	0.064941
(2,28)(10021,28925)(10000,60000)	NODE_383_length_36481_cov_3.434830	35000	28	0.029178
(4,11)(11963,27900)(10000,60000)	NODE_385_length_36472_cov_3.453771	35000	9	0.083830
(3,72)(14714,29293)(10000,60000)	NODE_388_length_36360_cov_3.854444	35000	71	0.032822
(11,31)(10507,24185)(10000,60000)	NODE_389_length_36354_cov_3.671052	35000	22	0.048151
(1,2)(43139,53030)(10000,60000)	NODE_38_length_57309_cov_3.381769	35000	3	0.001647
(12,15)(14686,14699)(10000,60000)	NODE_392_length_36220_cov_3.148003	35000	5	0.104289
(44,44)(34234,34234)(30000,80000)	NODE_393_length_36113_cov_3.457655	55000	2	0.053054
(2,5)(12735,12746)(10000,60000)	NODE_397_length_36060_cov_3.947082	35000	5	0.081535
(4,11)(30172,30208)(30000,80000)	NODE_399_length_36055_cov_3.599511	55000	9	0.023218
(1,4)(71042,82884)(60000,110000)	NODE_3_length_85606_cov_3.777808	85000	5	0.087243
(1,1)(35169,35169)(20000,70000)	NODE_405_length_35962_cov_3.781390	45000	2	0.066387
(8,11)(11664,11675)(10000,60000)	NODE_406_length_35951_cov_3.624707	35000	5	0.074822
(11,225)(37735,57010)(10000,60000)	NODE_40_length_57036_cov_4.017054	35000	216	0.046119
(13,27)(35400,35825)(20000,70000)	NODE_411_length_35877_cov_3.370507	45000	16	0.022636
(10,11)(27038,27042)(20000,70000)	NODE_413_length_35866_cov_4.004893	45000	3	0.007868
(4,4)(33145,33145)(10000,60000)	NODE_414_length_35866_cov_3.536612	35000	2	0.038404
(44,57)(30393,35600)(30000,80000)	NODE_416_length_35835_cov_3.730748	55000	15	0.019601
(1,1)(56596,56596)(10000,60000)	NODE_41_length_56896_cov_3.794549	35000	2	0.098105
(36,69)(16324,16871)(10000,60000)	NODE_421_length_35708_cov_4.088377	35000	35	0.027710
(10,42)(20029,31543)(20000,70000)	NODE_425_length_35607_cov_3.728456	45000	34	0.078746
(22,23)(21634,35442)(20000,70000)	NODE_429_length_35545_cov_3.252892	45000	3	0.025441
(6,6)(34849,34849)(10000,60000)	NODE_42_length_56745_cov_3.704728	35000	2	0.026346
(4,15)(18930,35387)(10000,60000)	NODE_433_length_35421_cov_3.462148	35000	13	0.059364
(1,1)(22547,22547)(10000,60000)	NODE_438_length_35303_cov_3.798404	35000	2	-0.006670
(2,15)(13029,13167)(10000,60000)	NODE_439_length_35275_cov_3.371276	35000	15	0.030534
(1,1)(46080,46080)(10000,60000)	NODE_43_length_56649_cov_3.890769	35000	2	0.004748
(9,12)(24185,33543)(10000,60000)	NODE_442_length_35214_cov_3.106849	35000	5	0.071320
(3,4)(31784,31788)(30000,80000)	NODE_450_length_35101_cov_3.452003	55000	3	0.058120
(1,3)(30786,30789)(30000,80000)	NODE_452_length_35078_cov_3.830698	55000	4	0.010780
(1,1)(24860,24860)(20000,70000)	NODE_459_length_34887_cov_3.462343	45000	2	0.019084
(1,97)(51841,54328)(40000,90000)	NODE_45_length_55545_cov_3.661472	65000	98	0.027677
(4,15)(21690,34741)(10000,60000)	NODE_460_length_34862_cov_3.908322	35000	13	0.038482
(3,6)(10058,10068)(10000,60000)	NODE_462_length_34803_cov_3.627478	35000	5	0.037693
(84,102)(34624,34668)(30000,80000)	NODE_463_length_34791_cov_3.784244	55000	20	0.076074
(13,53)(13167,13410)(10000,60000)	NODE_464_length_34791_cov_3.557045	35000	42	0.051154
(3,16)(14949,18122)(10000,60000)	NODE_467_length_34734_cov_3.838516	35000	15	0.092317
(20,49)(28879,28943)(10000,60000)	NODE_469_length_34656_cov_3.463698	35000	31	0.042282
(1,43)(22262,34608)(10000,60000)	NODE_471_length_34642_cov_3.458877	35000	44	0.026960
(19,22)(10417,27011)(10000,60000)	NODE_472_length_34624_cov_3.066474	35000	5	0.037343
(1,59)(12766,12906)(10000,60000)	NODE_474_length_34578_cov_3.635227	35000	60	0.053668
(2,36)(16848,21737)(10000,60000)	NODE_475_length_34571_cov_3.439690	35000	36	0.046599
(6,23)(44019,48743)(30000,80000)	NODE_47_length_54946_cov_3.470782	55000	19	0.034901
(62,80)(20120,27542)(20000,70000)	NODE_483_length_34449_cov_3.647656	45000	20	0.014087
(9,10)(52516,52517)(20000,70000)	NODE_48_length_54887_cov_3.532872	45000	3	-0.001015
(35,40)(16148,16208)(10000,60000)	NODE_490_length_34349_cov_3.177226	35000	7	-0.000791
(6,45)(33580,34339)(10000,60000)	NODE_491_length_34348_cov_4.661129	35000	41	0.050696
(21,36)(32482,32834)(30000,80000)	NODE_492_length_34336_cov_3.404212	55000	17	0.031664
(15,53)(20363,25769)(10000,60000)	NODE_493_length_34316_cov_3.769413	35000	40	0.050262
(2,17)(16137,16405)(10000,60000)	NODE_494_length_34304_cov_3.042567	35000	17	0.080669
(19,83)(15251,15830)(10000,60000)	NODE_496_length_34237_cov_4.007060	35000	66	0.035069
(1,2)(10221,10224)(10000,60000)	NODE_498_length_34210_cov_3.821524	35000	3	0.021152
(25,30)(44008,46282)(30000,80000)	NODE_49_length_54828_cov_3.684738	55000	7	0.009796
(5,9)(45014,45031)(40000,90000)	NODE_4_length_83149_cov_3.998880	65000	6	-0.000299
(5,39)(21352,34137)(20000,70000)	NODE_500_length_34196_cov_3.699651	45000	36	0.029137
(4,4)(24079,24079)(10000,60000)	NODE_505_length_34119_cov_3.405556	35000	2	0.014365
(1,2)(25298,25299)(20000,70000)	NODE_507_length_34069_cov_3.456344	45000	3	0.042403
(6,9)(13449,30345)(10000,60000)	NODE_508_length_34067_cov_3.499028	35000	5	0.022003
(46,58)(20985,21035)(20000,70000)	NODE_513_length_34018_cov_3.234559	45000	14	0.043685
(39,138)(13098,13925)(10000,60000)	NODE_515_length_33981_cov_7.377575	35000	101	0.028772
(8,9)(29770,29773)(10000,60000)	NODE_518_length_33956_cov_4.356677	35000	3	0.033130
(6,194)(10223,32443)(10000,60000)	NODE_520_length_33930_cov_3.127930	35000	190	0.055552
(1,2)(30132,30144)(30000,80000)	NODE_523_length_33904_cov_3.790445	55000	3	0.083955
(19,30)(22518,24077)(10000,60000)	NODE_524_length_33900_cov_3.610455	35000	13	0.069959
(1,3)(13656,28375)(10000,60000)	NODE_528_length_33795_cov_3.887791	35000	4	0.133667
(2,38)(33270,33440)(10000,60000)	NODE_530_length_33781_cov_3.613711	35000	38	0.036589
(18,261)(20022,31215)(10000,60000)	NODE_531_length_33769_cov_8.151262	35000	245	0.036707
(2,4)(21899,32621)(10000,60000)	NODE_532_length_33758_cov_3.531388	35000	4	0.031582
(5,23)(27161,29903)(20000,70000)	NODE_538_length_33670_cov_3.557922	45000	20	0.083771
(18,25)(33531,33557)(10000,60000)	NODE_540_length_33654_cov_3.778125	35000	9	0.035447
(1,20)(31590,32109)(30000,80000)	NODE_543_length_33611_cov_3.243674	55000	21	0.069535
(4,4)(33599,33599)(30000,80000)	NODE_544_length_33607_cov_3.709114	55000	2	-0.012644
(1,17)(16245,29646)(10000,60000)	NODE_545_length_33591_cov_3.638361	35000	18	0.060914
(79,99)(21325,31968)(10000,60000)	NODE_546_length_33555_cov_3.374402	35000	22	0.015907
(1,86)(26598,30352)(10000,60000)	NODE_54_length_53363_cov_3.365613	35000	87	0.056121
(1,4)(11794,21981)(10000,60000)	NODE_551_length_33516_cov_3.487716	35000	5	0.075395
(2,3)(23638,32450)(20000,70000)	NODE_552_length_33506_cov_3.392343	45000	3	0.015844
(3,4)(32247,32252)(10000,60000)	NODE_553_length_33496_cov_3.646256	35000	3	-0.007097
(64,65)(13758,13759)(10000,60000)	NODE_554_length_33485_cov_3.282394	35000	3	0.095348
(17,18)(30922,30942)(30000,80000)	NODE_555_length_33480_cov_3.831940	55000	3	0.029608
(3,37)(17481,19432)(10000,60000)	NODE_557_length_33460_cov_3.000779	35000	36	0.026164
(2,40)(14044,15042)(10000,60000)	NODE_560_length_33381_cov_3.451896	35000	40	0.049800
(1,29)(33043,33318)(10000,60000)	NODE_563_length_33326_cov_3.683149	35000	30	0.050125
(1,7)(23572,27930)(20000,70000)	NODE_568_length_33274_cov_4.430023	45000	8	0.054413
(3,7)(45909,52242)(20000,70000)	NODE_56_length_53083_cov_3.770478	45000	6	-0.003307
(17,43)(26211,26604)(10000,60000)	NODE_572_length_33195_cov_3.445431	35000	28	0.041347
(1,7)(21352,32096)(10000,60000)	NODE_577_length_33142_cov_3.563478	35000	8	0.044704
(66,66)(22122,22122)(20000,70000)	NODE_578_length_33103_cov_3.520543	45000	2	-0.005619
(62,68)(17783,32842)(10000,60000)	NODE_581_length_33053_cov_4.208199	35000	8	0.018933
(23,25)(25069,32852)(10000,60000)	NODE_584_length_32987_cov_3.371199	35000	4	0.011388
(31,87)(30578,30773)(10000,60000)	NODE_589_length_32939_cov_3.744397	35000	58	0.059865
(10,15)(44357,44387)(10000,60000)	NODE_58_length_52638_cov_3.513105	35000	7	0.064037
(7,14)(11922,29871)(10000,60000)	NODE_590_length_32938_cov_3.552849	35000	9	0.107398
(1,46)(15207,28853)(10000,60000)	NODE_598_length_32824_cov_3.489656	35000	47	0.033323
(19,19)(28817,28817)(20000,70000)	NODE_599_length_32824_cov_3.156700	45000	2	0.015792
(43,50)(27740,27893)(10000,60000)	NODE_601_length_32787_cov_3.393570	35000	9	0.098750
(13,22)(27073,32728)(20000,70000)	NODE_602_length_32775_cov_3.512884	45000	11	0.135206
(3,3)(22941,22941)(10000,60000)	NODE_604_length_32750_cov_3.236624	35000	2	0.018037
(1,9)(26642,26676)(10000,60000)	NODE_608_length_32725_cov_3.566971	35000	10	0.009500
(11,15)(27634,29325)(10000,60000)	NODE_611_length_32680_cov_3.705104	35000	6	0.052818
(144,144)(32212,32212)(20000,70000)	NODE_614_length_32600_cov_3.548291	45000	2	-0.013339
(1,29)(23526,32544)(20000,70000)	NODE_617_length_32551_cov_3.209016	45000	30	0.046286
(14,14)(30542,30542)(20000,70000)	NODE_628_length_32319_cov_3.056580	45000	2	0.017187
(1,10)(26830,32089)(20000,70000)	NODE_631_length_32278_cov_3.780323	45000	11	0.069490
(2,2)(31549,31549)(30000,80000)	NODE_634_length_32233_cov_3.560310	55000	2	0.073544
(21,24)(28570,29020)(10000,60000)	NODE_639_length_32203_cov_3.726545	35000	5	0.075241
(94,111)(12997,52001)(10000,60000)	NODE_63_length_52114_cov_3.440431	35000	19	0.022876
(17,17)(29163,29163)(10000,60000)	NODE_641_length_32166_cov_3.438738	35000	2	0.039764
(2,2)(15571,15571)(10000,60000)	NODE_644_length_32161_cov_4.057638	35000	2	0.057956
(25,228)(18333,30129)(10000,60000)	NODE_645_length_32157_cov_3.994884	35000	205	0.053466
(2,95)(22735,30111)(10000,60000)	NODE_646_length_32152_cov_3.525349	35000	95	0.063505
(20,21)(20735,20764)(10000,60000)	NODE_647_length_32144_cov_3.492152	35000	3	0.068417
(1,4)(29878,29935)(20000,70000)	NODE_648_length_32129_cov_3.537652	45000	5	0.021317
(238,253)(13708,18975)(10000,60000)	NODE_649_length_32121_cov_3.644338	35000	17	0.050406
(1,5)(26645,32077)(20000,70000)	NODE_654_length_32101_cov_3.663396	45000	6	0.465193
(33,44)(27809,27840)(20000,70000)	NODE_657_length_32049_cov_3.436213	45000	13	0.070277
(41,44)(17965,17980)(10000,60000)	NODE_659_length_32043_cov_3.497120	35000	5	0.039809
(4,5)(42124,43088)(40000,90000)	NODE_65_length_51730_cov_3.723499	65000	3	0.058800
(43,44)(15016,20228)(10000,60000)	NODE_660_length_32042_cov_3.780547	35000	3	0.037720
(1,2)(31194,31195)(20000,70000)	NODE_666_length_32000_cov_3.409924	45000	3	0.005091
(11,11)(21126,21126)(20000,70000)	NODE_669_length_31966_cov_3.044121	45000	2	0.028791
(50,50)(18176,18176)(10000,60000)	NODE_675_length_31913_cov_3.417741	35000	2	-0.001939
(3,3)(30410,30410)(30000,80000)	NODE_679_length_31882_cov_3.587232	55000	2	-0.010099
(1,4)(23014,37972)(20000,70000)	NODE_67_length_51503_cov_3.535464	45000	5	0.120365
(10,12)(10088,31065)(10000,60000)	NODE_681_length_31873_cov_3.387801	35000	4	0.058375
(3,6)(22655,22670)(10000,60000)	NODE_685_length_31794_cov_4.082190	35000	5	0.006508
(35,41)(11708,24886)(10000,60000)	NODE_686_length_31791_cov_3.241607	35000	8	0.019278
(2,7)(16506,31295)(10000,60000)	NODE_687_length_31787_cov_3.681141	35000	7	0.067301
(2,44)(14156,27233)(10000,60000)	NODE_691_length_31753_cov_3.215297	35000	44	0.043344
(2,4)(18643,18686)(10000,60000)	NODE_692_length_31718_cov_3.562320	35000	4	0.016278
(12,12)(25302,25302)(20000,70000)	NODE_693_length_31706_cov_3.751985	45000	2	-0.001227
(3,49)(26134,27161)(10000,60000)	NODE_694_length_31699_cov_3.412310	35000	48	0.036906
(10,12)(29568,29580)(10000,60000)	NODE_697_length_31660_cov_2.922214	35000	4	0.001436
(2,7)(25707,28529)(10000,60000)	NODE_699_length_31652_cov_3.430767	35000	7	0.090957
(66,109)(14170,20786)(10000,60000)	NODE_700_length_31649_cov_3.286688	35000	45	0.033397
(1,2)(31610,31620)(30000,80000)	NODE_702_length_31638_cov_3.709534	55000	3	0.107749
(33,117)(19370,23200)(10000,60000)	NODE_703_length_31628_cov_3.488566	35000	86	0.046694
(3,6)(24409,31025)(10000,60000)	NODE_704_length_31614_cov_3.843630	35000	5	0.045810
(1,3)(26151,26154)(20000,70000)	NODE_707_length_31583_cov_3.834837	45000	4	0.039984
(12,17)(23063,23173)(20000,70000)	NODE_708_length_31581_cov_3.200591	45000	7	0.003772
(21,21)(31423,31423)(10000,60000)	NODE_709_length_31576_cov_3.176287	35000	2	0.054266
(1,73)(15690,17822)(10000,60000)	NODE_70_length_51005_cov_3.310749	35000	74	0.029372
(2,53)(17328,17584)(10000,60000)	NODE_715_length_31401_cov_3.456329	35000	53	0.027793
(2,31)(14947,26483)(10000,60000)	NODE_717_length_31374_cov_4.180080	35000	31	0.057617
(18,47)(10001,15895)(10000,60000)	NODE_718_length_31368_cov_3.383415	35000	31	0.031790
(5,31)(21833,22258)(20000,70000)	NODE_725_length_31244_cov_3.805266	45000	28	0.060577
(6,7)(23560,23584)(10000,60000)	NODE_72_length_50800_cov_3.774285	35000	3	0.088458
(16,23)(13715,25947)(10000,60000)	NODE_732_length_31173_cov_3.515029	35000	9	0.081714
(4,4)(14365,14365)(10000,60000)	NODE_736_length_31145_cov_3.738034	35000	2	0.014734
(3,7)(15441,15474)(10000,60000)	NODE_737_length_31142_cov_3.263022	35000	6	0.054769
(1,4)(11135,29044)(10000,60000)	NODE_739_length_31132_cov_3.648697	35000	5	0.046257
(13,54)(16810,31085)(10000,60000)	NODE_742_length_31118_cov_3.617783	35000	43	0.054401
(1,26)(10985,24522)(10000,60000)	NODE_746_length_31077_cov_3.856898	35000	27	0.026370
(2,6)(13570,13580)(10000,60000)	NODE_747_length_31074_cov_3.354221	35000	6	0.068736
(2,29)(14352,14598)(10000,60000)	NODE_749_length_31061_cov_3.421904	35000	29	0.021657
(8,12)(30169,30184)(10000,60000)	NODE_74_length_50534_cov_3.637771	35000	6	0.045601
(4,82)(25503,50207)(10000,60000)	NODE_75_length_50493_cov_3.387189	35000	80	0.065400
(11,41)(29300,29559)(10000,60000)	NODE_767_length_30874_cov_3.254297	35000	32	0.040523
(1,1)(23125,23125)(10000,60000)	NODE_768_length_30872_cov_3.378384	35000	2	-0.002090
(1,51)(29115,50483)(20000,70000)	NODE_76_length_50488_cov_4.109468	45000	52	0.052020
(157,158)(26230,26231)(10000,60000)	NODE_771_length_30827_cov_3.232394	35000	3	0.004917
(3,20)(23069,30330)(10000,60000)	NODE_774_length_30803_cov_3.292340	35000	19	0.056831
(5,21)(15879,30356)(10000,60000)	NODE_778_length_30793_cov_3.292207	35000	18	0.076362
(14,69)(27551,27919)(20000,70000)	NODE_779_length_30785_cov_3.246041	45000	57	0.051983
(8,9)(26463,28522)(20000,70000)	NODE_780_length_30774_cov_3.506797	45000	3	0.012646
(12,12)(30523,30523)(30000,80000)	NODE_784_length_30740_cov_4.788714	55000	2	0.023953
(6,25)(11128,22840)(10000,60000)	NODE_785_length_30724_cov_3.653388	35000	21	0.055343
(1,46)(16399,20767)(10000,60000)	NODE_789_length_30692_cov_3.573236	35000	47	0.060030
(2,18)(17209,25561)(10000,60000)	NODE_78_length_50161_cov_3.497703	35000	18	0.056645
(1,2)(38809,38929)(30000,80000)	NODE_79_length_49835_cov_3.292786	55000	3	-0.000302
(3,3)(53052,53052)(10000,60000)	NODE_7_length_74596_cov_3.829966	35000	2	-0.006790
(34,65)(20422,20624)(20000,70000)	NODE_805_length_30539_cov_3.536038	45000	33	0.037272
(17,18)(10957,30451)(10000,60000)	NODE_808_length_30457_cov_3.696818	35000	3	0.027140
(1,48)(20037,20326)(10000,60000)	NODE_809_length_30432_cov_3.868790	35000	49	0.063306
(71,73)(30346,30370)(10000,60000)	NODE_811_length_30383_cov_3.798772	35000	4	0.113118
(3,18)(18702,27434)(10000,60000)	NODE_816_length_30320_cov_3.712319	35000	17	0.086608
(20,86)(19631,26079)(10000,60000)	NODE_819_length_30299_cov_3.458013	35000	68	0.041323
(92,311)(35392,47051)(10000,60000)	NODE_81_length_49658_cov_3.293186	35000	221	0.056318
(31,31)(15277,15277)(10000,60000)	NODE_821_length_30281_cov_3.389371	35000	2	-0.007929
(2,3)(14042,23712)(10000,60000)	NODE_824_length_30266_cov_3.954752	35000	3	0.066232
(2,2)(25857,25857)(20000,70000)	NODE_827_length_30241_cov_3.595813	45000	2	0.073325
(2,5)(28179,28400)(10000,60000)	NODE_829_length_30235_cov_3.298281	35000	5	0.060788
(3,5)(30136,30164)(30000,80000)	NODE_832_length_30204_cov_3.928450	55000	4	0.057531
(17,39)(10718,10805)(10000,60000)	NODE_839_length_30106_cov_3.841370	35000	24	0.016446
(75,83)(29835,29847)(10000,60000)	NODE_840_length_30076_cov_3.370084	35000	10	0.022361
(10,35)(20386,20827)(20000,70000)	NODE_843_length_30041_cov_3.662982	45000	27	0.024514
(4,16)(29237,29318)(20000,70000)	NODE_850_length_29993_cov_3.507794	45000	14	0.038646
(18,23)(20116,20179)(20000,70000)	NODE_851_length_29972_cov_3.586918	45000	7	0.098175
(2,14)(29373,29946)(10000,60000)	NODE_853_length_29952_cov_4.192175	35000	14	0.028931
(11,18)(23166,23183)(10000,60000)	NODE_859_length_29878_cov_3.202223	35000	9	0.067710
(3,17)(28742,28820)(10000,60000)	NODE_861_length_29848_cov_3.239840	35000	16	0.049954
(8,8)(17735,17735)(10000,60000)	NODE_863_length_29820_cov_4.010228	35000	2	-0.008804
(3,49)(13117,26524)(10000,60000)	NODE_869_length_29769_cov_3.797506	35000	48	0.025653
(1,7)(27635,27674)(20000,70000)	NODE_86_length_48908_cov_3.763998	45000	8	0.063411
(4,36)(16021,25360)(10000,60000)	NODE_878_length_29704_cov_6.067556	35000	34	0.061665
(171,174)(41687,41724)(20000,70000)	NODE_87_length_48838_cov_4.635384	45000	5	0.039813
(9,69)(14990,15486)(10000,60000)	NODE_880_length_29690_cov_3.393194	35000	62	0.043961
(15,17)(27076,27099)(10000,60000)	NODE_882_length_29657_cov_3.238954	35000	4	0.011876
(1,2)(24686,24688)(10000,60000)	NODE_889_length_29602_cov_3.434871	35000	3	0.041603
(6,47)(14685,48494)(10000,60000)	NODE_88_length_48717_cov_3.474721	35000	43	0.043035
(7,22)(16229,16269)(10000,60000)	NODE_890_length_29602_cov_3.003864	35000	17	0.044381
(19,32)(25451,25511)(10000,60000)	NODE_903_length_29513_cov_3.644387	35000	15	0.071886
(26,26)(27525,27525)(20000,70000)	NODE_916_length_29424_cov_3.736607	45000	2	0.058063
(25,25)(16539,16539)(10000,60000)	NODE_919_length_29380_cov_3.438134	35000	2	0.003094
(54,60)(47574,47604)(40000,90000)	NODE_91_length_48239_cov_4.131034	65000	8	0.026998
(4,7)(26706,26717)(10000,60000)	NODE_920_length_29378_cov_3.725093	35000	5	0.210807
(1,15)(29298,29354)(10000,60000)	NODE_922_length_29371_cov_3.881252	35000	16	0.114440
(22,26)(13101,29359)(10000,60000)	NODE_924_length_29360_cov_3.526708	35000	6	0.047525
(39,39)(19562,19562)(10000,60000)	NODE_926_length_29350_cov_3.459335	35000	2	0.044970
(36,39)(23258,23275)(10000,60000)	NODE_928_length_29347_cov_3.182542	35000	5	0.002080
(1,3)(43749,43756)(40000,90000)	NODE_92_length_48092_cov_3.743275	65000	4	0.001538
(3,27)(19026,29287)(10000,60000)	NODE_930_length_29323_cov_3.515535	35000	26	0.067838
(1,1)(26150,26150)(20000,70000)	NODE_936_length_29283_cov_4.010588	45000	2	0.033578
(7,14)(29219,29269)(20000,70000)	NODE_937_length_29277_cov_3.335767	45000	9	0.045383
(1,72)(18937,28075)(10000,60000)	NODE_938_length_29272_cov_3.644740	35000	73	0.029879
(1,57)(20462,21812)(10000,60000)	NODE_939_length_29271_cov_3.823941	35000	58	0.046101
(1,1)(21557,21557)(10000,60000)	NODE_946_length_29210_cov_3.730239	35000	2	0.116583
(5,6)(22516,22537)(10000,60000)	NODE_948_length_29204_cov_4.114482	35000	3	0.050408
(1,1)(17704,17704)(10000,60000)	NODE_949_length_29201_cov_3.421724	35000	2	0.019445
(1,7)(10310,14478)(10000,60000)	NODE_950_length_29179_cov_3.686245	35000	8	0.049839
(47,59)(26027,29060)(20000,70000)	NODE_955_length_29160_cov_3.637452	45000	14	0.012416
(2,3)(22175,22176)(20000,70000)	NODE_959_length_29140_cov_3.934782	45000	3	0.054541
(12,16)(41072,41099)(10000,60000)	NODE_95_length_47810_cov_3.397267	35000	6	0.075718
(7,59)(11884,29067)(10000,60000)	NODE_961_length_29124_cov_3.386770	35000	54	0.035591
(2,39)(25070,25190)(10000,60000)	NODE_964_length_29092_cov_3.594764	35000	39	0.031989
(36,52)(21948,22613)(10000,60000)	NODE_968_length_29042_cov_3.105518	35000	18	0.068675
(1,4)(40073,40115)(40000,90000)	NODE_96_length_47623_cov_3.731209	65000	5	0.054785
(8,28)(22182,28832)(20000,70000)	NODE_970_length_29035_cov_3.026921	45000	22	0.020681
(15,15)(12871,12871)(10000,60000)	NODE_975_length_29013_cov_3.403611	35000	2	0.011097
(1,1)(14063,14063)(10000,60000)	NODE_97_length_47612_cov_3.944373	35000	2	0.092914
(83,83)(17725,17725)(10000,60000)	NODE_984_length_28903_cov_3.677475	35000	2	0.066450
(25,25)(20008,20008)(20000,70000)	NODE_985_length_28887_cov_3.468390	45000	2	0.023072
(77,258)(20922,26226)(20000,70000)	NODE_986_length_28871_cov_3.899833	45000	183	0.042564
